  0.500000000000000010408340855860842566      
   1.50000000000000003122502256758252770      
   2.50000000000000005204170427930421283      
   3.50000000000000007285838599102589797      
   4.50000000000000009367506770274758310      
   5.50000000000000011449174941446926823      
   6.50000000000000013530843112619095336      
   7.50000000000000015612511283791263850      
   8.50000000000000017694179454963432363      
   9.50000000000000019775847626135600876      
   10.5000000000000002185751579730776939      
   11.5000000000000002393918396847993790      
   12.5000000000000002602085213965210642      
   13.5000000000000002810252031082427493      
   14.5000000000000003018418848199644344      
   15.5000000000000003226585665316861196      
   16.5000000000000003434752482434078047      
   17.5000000000000003642919299551294898      
   18.5000000000000003851086116668511750      
   19.5000000000000004059252933785728601      
   20.5000000000000004267419750902945452      
   21.5000000000000004475586568020162304      
   22.5000000000000004683753385137379155      
   23.5000000000000004891920202254596006      
   24.5000000000000005100087019371812858      
   25.5000000000000005308253836489029709      
   26.5000000000000005516420653606246560      
   27.5000000000000005724587470723463412      
   28.5000000000000005932754287840680263      
   29.5000000000000006140921104957897114      
   30.5000000000000006349087922075113966      
