           0  0.443615267105890139726727435878667201      
           1   1998745.56233144109339729980380841926      
           2   22.2259230292414720401975319588891125      
           3   7262373.69270628653974615443499781350      
           4   96.0990537690686650771569423181377303      
           5   14359063.4681597185095930311299498372      
           6   240.804758600918955837285662518463823      
           7   22906954.0811489055214304645361850151      
           8   471.069127684016906853408325378070044      
           9   32703918.7720064001247537026068087606      
          10   799.614913797587356682448793604423743      
          11   43622871.9174440780993939825262186542      
          12   1237.99448015708323181645410462316447      
          13   55579661.3014544234280929352008338591      
          14   1797.13922704987785493829230520706595      
          15   68512507.8331765718435131489629567025      
          16   2487.40468203116333605270620569568993      
          17   82390316.6189356030294893354986251879      
          18   3319.21460107524652413240932300285591      
          19   97175927.8254706323400563382323122447      
          20   4303.37546793008584971815768854309801      
          21   112882011.005481344882771859267143864      
          22   5450.21669209611254105425454526702297      
          23   129490750.738137976165883910969165211      
          24   6770.41265476751729470748937108358147      
          25   147034847.898196225810421024749706760      
          26   8278.98996458170204251942985130416526      
          27   165536151.677616669258599976664799708      
          28   9984.01714396608493722818352596999033      
          29   185024245.290357777450579411274979520      
          30   11906.1187794354695233517139421489394      
