   9.81024967590665397665361524559557438         9.00513844001459924331440032671435833E-0043
   9.81020126430478238599785193480758503         9.01369610157122263428466827042559599E-0043
   9.81005602997697057994881706548826813         9.03941757271708861564404026753381840E-0043
   9.80981397435662274053889907452058163         9.08244876779253509168631649037037646E-0043
   9.80947509983273011879403179191724706         9.14303439967533461697997048580406429E-0043
   9.80903940974984745635452160043434837         9.22152028412157224574028466014017479E-0043
   9.80850690840805997606999881896628908         9.31835660795111451826736299048407349E-0043
   9.80787760106294094189428281111598639         9.43410220402888948357374519721482709E-0043
   9.80715149392549978849902752285812723         9.56942988948839744452180166143178277E-0043
   9.80632859416212082111808722169186334         9.72513293809067241512425842331452735E-0043
   9.80540890989449248622761022551913984         9.90213277326059832580814265817449388E-0043
   9.80439245019952721375993045414190364         1.01014879854680587242309600918062543E-0042
   9.80327922510927183164238179126120869         1.03244047965294465843656777256670134E-0042
   9.80206924561080855354520759176662008         1.05722491144383341847429909314921537E-0042
   9.80076252364614654081577628958584481         1.08465603458800271391717472271924286E-0042
   9.79935907211210403966934303716834176         1.11490671600840036447198328966734531E-0042
   9.79785890486018109479961572064446291         1.14817054276247761791574667990829251E-0042
   9.79626203669642284066539062677929835         1.18466385917741303865313253612156244E-0042
   9.79456848338127337180251757108682500         1.22462807687027343490829014206441075E-0042
   9.79277826162942019360343551306688357         1.26833229169972801715103419430890342E-0042
   9.79089138910962925509948666678767112         1.31607624674932268709377924129432399E-0042
   9.78890788444457056537416894541343767         1.36819368623590766989220622504989141E-0042
   9.78682776721063439532842233937371380         1.42505615189110559574135043878044594E-0042
   9.78465105793773806661196360244830489         1.48707728101908947884209105205763524E-0042
   9.78237777810912332962758449103075997         1.55471767425417367997513056803037538E-0042
   9.78000795016114433260821085233771140         1.62849041121809947548226289384340535E-0042
   9.77754159748304618385938217064438832         1.70896730403315005516291014435646390E-0042
   9.77497874441673410935265284023389705         1.79678599224533018615467573205997717E-0042
   9.77231941625653320794823652333996881         1.89265799845888959239290625561171729E-0042
   9.76956363924893880661801255484304927         1.99737788223983842356844062360741438E-0042
   9.76671144059235741813278755697274420         2.11183365103515829991603132600249065E-0042
   9.76376284843683830377045531113213956         2.23701861147401213888227809279687084E-0042
   9.76071789188379564369442258478712724         2.37404487305346443861974059257500026E-0042
   9.75757660098572131774436711400205063         2.52415874955463432884514169242579580E-0042
   9.75433900674588829947406538175465795         2.68875834240039878226223316012778926E-0042
   9.75100514111804466636367129399905575         2.86941363551453384985795703971821981E-0042
   9.74757503700609822922644142521129279         3.06788948421126035242627048961659887E-0042
   9.74404872826379178392248726878023995         3.28617194257837695584199446069386512E-0042
   9.74042624969436898858468897132200193         3.52649844630912048364796742103397441E-0042
   9.73670763705023086965442744032843184         3.79139245287548923713081024104652536E-0042
   9.73289292703258296011728157835048243         4.08370324055917251852779479082380986E-0042
   9.72898215729107307342129380132740605         4.40665168482627369228483108239867421E-0042
   9.72497536642341971665282903119596579         4.76388296801231225392302987620057371E-0042
   9.72087259397503114663743910138170138         5.15952734003971580528826671342811736E-0042
   9.71667388043861507272549506636677912         5.59827023840676219052924518319682379E-0042
   9.71237926725377901011466335178369324         6.08543330031392569344502989666109249E-0042
   9.70798879680662128765357710830438706         6.62706806491634416462652667169670171E-0042
   9.70350251242931271416329063025908907         7.23006447693991753179741617717354350E-0042
   9.69892045839966890740530135809145061         7.90227667340019695234910025129029368E-0042
   9.69424267994071328991707989249233898         8.65266897384566777223392668135903170E-0042
   9.68946922322023075602816269781265416         9.49148551450799656356682298264389153E-0042
   9.68460013535031201446193385400492693         1.04304475836955464664297229324248991E-0041
   9.67963546438688861102025042117427276         1.14829834485855582710093033163148397E-0041
   9.67457525932925863594004980055001655         1.26644963349436145161248813381832851E-0041
   9.66941957011960312060301600247694060         1.39926772585307210066622028718205557E-0041
   9.66416844764249312837127405847347487         1.54878706429409872543238139736255708E-0041
   9.65882194372438754441392703357303276         1.71735021330110540580652465635579604E-0041
   9.65338011113312156948104730057895525         1.90765797736360472119983210998399240E-0041
   9.64784300357738592267348202352173167         2.12282818286719475957524184164156902E-0041
   9.64221067570619675834853125799071001         2.36646470335831436751475300321791486E-0041
   9.63648318310835630239320480609490728         2.64273860933435229101832186310924831E-0041
   9.63066058231190421318836005906220967         2.95648368565274805236372730245916985E-0041
   9.62474293078355967267856661689720648         3.31330899421512269360832967731056395E-0041
   9.61873028692815421305403358858686697         3.71973168190014204778200887230804952E-0041
   9.61262271008805528464237124509991015         4.18333386219396952473831800402015394E-0041
   9.60642026054258057069933921843580633         4.71294815599660414747519417748715207E-0041
   9.60012299950740305487905781135421531         5.31887738995265119691429097401140268E-0041
   9.59373098913394684725542630282034435         6.01315505264417832296863155187854939E-0041
   9.58724429250877377485770150286492049         6.80985444071823385748557937456762441E-0041
   9.58066297365296074277434032727929679         7.72545603815222779577207729258511273E-0041
   9.57398709752146787197030092772802866         8.77928462312593177306325204657182941E-0041
   9.56721673000249742005402702743390215         9.99402996275129921064786506734245444E-0041
   9.56035193791684349132130867814338925         1.13963678273934682947374214271518519E-0040
   9.55339278901723254249411877279089352         1.30177015453918690542380626362373458E-0040
   9.54633935198765469066336742294117358         1.48950485631093793783646381311256474E-0040
   9.53919169644268583003529484411946675         1.70721016434172244911534705229896813E-0040
   9.53194989292680056417193678959076235         1.96005006360118284230050914584086602E-0040
   9.52461401291367596050674393871848136         2.25413584417124469704065306198569112E-0040
   9.51718412880548613400701708506593812         2.59670941863088617449244600388452617E-0040
   9.50966031393218766694533258790877601         2.99636381080412022003355184322734818E-0040
   9.50204264255079587183257645548022500         3.46330867289601108465963941712901649E-0040
   9.49433118984465190465557972642859086         4.00969041212868012315611346767833875E-0040
   9.48652603192268073565265161567012468         4.64997862349312095444707795518748855E-0040
   9.47862724581863998495053930080824248         5.40143312383087984236156931007425852E-0040
   9.47063490949035963047650335500442284         6.28466907792910895208239545291747377E-0040
   9.46254910181897259564928479178312969         7.32434164100020526490095366432577250E-0040
   9.45436990260813622444275258761065433         8.54997638959986674492862311155925152E-0040
   9.44609739258324465150595850081495672         9.99697779352971554345638320699909834E-0040
   9.43773165339063207511318812285920230         1.17078553672394880093507968604706547E-0039
   9.42927276759676694080738249324267873         1.37337162708053942578543503567720969E-0039
   9.42072081868743704369001239623388178         1.61360844323947267078365335237818024E-0039
   9.41207589106692555740011675086174619         1.89891202670336078760870251681064914E-0039
   9.40333807005717799791476642049769599         2.23823324345848893564139897687013425E-0039
   9.39450744189696013039268442113162441         2.64238946448490302280638275064022847E-0039
   9.38558409374100682737214201504985105         3.12447073223283648503665875717086328E-0039
   9.37656811365916188672355665683407854         3.70033772959447532075698791337764099E-0039
   9.36745959063550881784644132999838568         4.38923302235557317928791005859057873E-0039
   9.35825861456749260468949459456582940         5.21453222642535008885168860318526969E-0039
   9.34896527626503245426167577868351938         6.20466821745105884997188101155442949E-0039
   9.33957966744962553939107931204717133         7.39426958046946203507026986203513861E-0039
   9.33010188075344174457730533735934465         8.82556460436126161013303020669459218E-0039
   9.32053200971840942387181957103919651         1.05501147818340691837877168356886155E-0038
   9.31087014879529217980950303955666597         1.26309576397891857435676853493275773E-0038
   9.30111639334275667250321091757155768         1.51452586311698681365741420899200661E-0038
   9.29127083962643146810168836388854159         1.81875968235767885785573895685221017E-0038
   9.28133358481795693589962911735012448         2.18740405601274101622207516325856596E-0038
   9.27130472699402620347700880433528611         2.63472088415872044461527033167638134E-0038
   9.26118436513541717933307855057044794         3.17825640409197693216261381614229214E-0038
   9.25097259912601565256856471146395005         3.83962444512712684598486772648782443E-0038
   9.24066952975182947925768646703943446         4.64548245707310165336667414476636146E-0038
   9.23027525869999386523957380059235673         5.62874913793534915676645027244094360E-0038
   9.21978988855776775514654312619107568         6.83012518216771682573507548941032480E-0038
   9.20921352281152133757446568180165333         8.29999474869037021759466237390838720E-0038
   9.19854626584571467638814389580125976         1.01008056293154908090507710313565039E-0037
   9.18778822294186747824219239959223628         1.23100519609076521843052390580330879E-0037
   9.17693950027752000648540233354339178         1.50240161752874640211916223497911402E-0037
   9.16600020492518515170394921415545040         1.83624686490052687895674653213822495E-0037
   9.15497044485129166924608503475227846         2.24745766736676800558203187025655329E-0037
   9.14385032891511859415813359871626833         2.75463420890880523902803052593304883E-0037
   9.13263996686772084404868347290026915         3.38099732799539000244814332132451847E-0037
   9.12133946935084602048484453996054650         4.15557074676996828261910912326697969E-0037
   9.10994894789584241961130106359126186         5.11467400679886588700488812603805476E-0037
   9.09846851492255826276965560265900440         6.30380980023494178645474194701870506E-0037
   9.08689828373823215798221316273593715         7.78005244251046585225376308365958412E-0037
   9.07523836853637480325090280126179360         9.61507377674999821279741525618768116E-0037
   9.06348888439564194270847365133594911         1.18989806917298734975100927388244149E-0036
   9.05164994727869858674543314582593048         1.47451870786291283511010113280982419E-0036
   9.03972167403107450732241625602753109         1.82966055561605864446664934488800525E-0036
   9.02770418238001101976378495655742376         2.27335246831546269666584346876157209E-0036
   9.01559759093329906241425604062704222         2.82836408653610680932928306199385591E-0036
   9.00340201917810858562624198856178248         3.52348475080264981332901805284449615E-0036
   8.99111758747980926163136298972671075         4.39515559381922003950877601647008277E-0036
   8.97874441708078252693524758734978894         5.48955446109996030575611755138012903E-0036
   8.96628263009922496896028391167305077         6.86526199277174409530230493015145521E-0036
   8.95373234952794306874641224512138324         8.59667428892707915155246148980722106E-0036
   8.94109369923313931160536188061006160         1.07783755862499773089098716838071815E-0035
   8.92836680395318967770893004871886407         1.35307465619554529721673636706203359E-0035
   8.91555178929741252467697726040393368         1.70071645130164883576629566957772220E-0035
   8.90264878174482887431577089952723555         2.14032562947508540446003306960998273E-0035
   8.88965790864291411574214646526137911         2.69688008059294213157173652812537583E-0035
   8.87657929820634113721367267106204833         3.40230544713518308697064071668717829E-0035
   8.86341307951571489906960181827094753         4.29745030168438203202050456684541115E-0035
   8.85015938251629846027185964359807512         5.43463421155037244955887384923586957E-0035
   8.83681833801673047111967835702130167         6.88093795112226453616519105467225306E-0035
   8.82339007768773414479570200753788749         8.72245599291568653280045885890550282E-0035
   8.80987473406081772048549380743576489         1.10697978116527690212790088116461521E-0034
   8.79627244052696643089634978128430199         1.40652112853255830195948385533670351E-0034
   8.78258333133532598708517125487812674         1.78918148983265214238154836656489800E-0034
   8.76880754159187759358886943435589900         2.27855738627736425592008482918549042E-0034
   8.75494520725810450693436782036906671         2.90508496225904401143400693416519476E-0034
   8.74099646514965015068873163146916106         3.70806069085505109836120794534693655E-0034
   8.72696145293496780029328695106603083         4.73826965731424342209842135715312923E-0034
   8.71284030913396185100879514091489248         6.06140709124483067024935049553854070E-0034
   8.69863317311662068238181935993909596         7.76253641527955364113283701363567153E-0034
   8.68434018510164113272535897040776967         9.95190279237234638774725827552903900E-0034
   8.66996148615504459718963338548919800         1.27725207583723865738893117536591673E-0033
   8.65549721818878476308156869573233942         1.64100856554523374877377223558418005E-0033
   8.64094752395934699617407739115316469         2.11059313381734796596965614370058363E-0033
   8.62631254706633939182862285571289449         2.71739843857307570484800683953105265E-0033
   8.61159243195107550483682523880347161         3.50229655483499031921732963635360197E-0033
   8.59678732389514877196899299198021349         4.51854858875187539354406009158601591E-0033
   8.58189736901899864129945398803535277         5.83562092234411938864454088298684809E-0033
   8.56692271428046842246041090438465734         7.54419454788226221296805950784279024E-0033
   8.55186350747335487205775664580850141         9.76274563011396027717365647564020069E-0033
   8.53671989722594952856385619639296847         1.26461968055255389797086754376471631E-0032
   8.52149203299957181108373062198714260         1.63972995125658237296933513148228458E-0032
   8.50618006508709389647236618895458736         2.12816207831277376656541949338903390E-0032
   8.49078414461145738936201592017824912         2.76472906408208481362659152808654025E-0032
   8.47530442352418179973936157431637472         3.59510414974857929595594703963398442E-0032
   8.45974105460386484279326020975870670         4.67925693118061045829511487699055564E-0032
   8.44409419145467457583451038257949529         6.09599085809072553516261611722989635E-0032
   8.42836398850483338716963783144268664         7.94893939362650609633125083916427736E-0032
   8.41255060100509385189111842674308494         1.03744952923561866387751419159088752E-0031
   8.39665418502720646962672641257285565         1.35523034603258158370913985470410404E-0031
   8.38067489746237929937081775615034355         1.77191556754371535265720951237941380E-0031
   8.36461289601972950660033094936838521         2.31874024331770171034650918933958881E-0031
   8.34846833922472683795811009181522087         3.03693665731209445962930153084622876E-0031
   8.33224138641762903886582673617733634         3.98097362334194023430018492850961121E-0031
   8.31593219775190922950829700902283977         5.22285727213947281512992470915172937E-0031
   8.29954093419267525471035814775580360         6.85784478814111885636252156368119279E-0031
   8.28306775751508102330668303469991917         9.01204002900296217508136246757069853E-0031
   8.26651283030272985268397177999926163         1.18524970432393371907506924601443338E-0030
   8.24987631594606983425386512601994783         1.56006676510330106931808491118026092E-0030
   8.23315837864078123569367463843160398         2.05503105367988435667562708552242295E-0030
   8.21635918338615595587061853590888487         2.70913559799912865164409945293218451E-0030
   8.19947889598346904844368881573123359         3.57417250141842703014730276794832290E-0030
   8.18251768303434233021555428233378770         4.71897782538954596664112112341059290E-0030
   8.16547571193910009038502440749228233         6.23509767514083558157009609218915364E-0030
   8.14835315089511691692855987329393537         8.24435542435864777298063117164233823E-0030
   8.13115016889515765641711640291181940         1.09089633584465209202703488247900217E-0029
   8.11386693572570952365224830160000313         1.44450413462073885921556146230466658E-0029
   8.09650362196530637758287624498726669         1.91406997783606482112979446208580253E-0029
   8.07906039898284518004143949899059034         2.53802399486688219779746879255597373E-0029
   8.06153743893589465391530517242185818         3.36765573443029166414475977749320049E-0029
   8.04393491476899615744629552815883259         4.47145491882730497026529828690457351E-0029
   8.02625300021195679142801805175008137         5.94092907152296315311531443028243268E-0029
   8.00849186977813475614734113930428505         7.89840409362359747759836521796923302E-0029
   7.99065169876271697499285016289221362         1.05074883899123616373815823045423820E-0028
   7.97273266324098900172944354652050546         1.39871161988237853364374221679472074E-0028
   7.95473494006659722851438558572448382         1.86304024602782901205792098193908599E-0028
   7.93665870686980341180612131733273027         2.48299683430188675692531501600419882E-0028
   7.91850414205573153339297804300257664         3.31119719111823312505451164868915416E-0028
   7.90027142480260701384452738240712114         4.41818542893305005009939390073918442E-0028
   7.88196073505998829576386023284301877         5.89858582722896937808735762364368827E-0028
   7.86357225354699081429433399658200363         7.87937884632637618460841819716852444E-0028
   7.84510616175050337240948616225802919         1.05310387896872845927502041173777100E-0027
   7.82656264192339693858977005041699658         1.40825278998668964001916415306762662E-0027
   7.80794187708272588456455651621500343         1.88414890944144158111472430589523392E-0027
   7.78924405100792168087245890600700496         2.52214487845755148541063267667643315E-0027
   7.77046934823897906806747685281525068         3.37784751243972041665712092415215388E-0027
   7.75161795407463472147271683373035482         4.52605935784260522910263505025947560E-0027
   7.73269005457053842745753306723766892         6.06744192970249482141582365675896191E-0027
   7.71368583653741678928784056908264919         8.13750305629827155129339397227083295E-0027
   7.69460548753922948067308228214635011         1.09187223116735703378577631407238032E-0026
   7.67544919589131806520688342120991639         1.46569145816081172853575175966967100E-0026
   7.65621715065854739997179780152396325         1.96833186869937834542950698798114594E-0026
   7.63690954165343964165174222661682360         2.64444212839322524764149890742321176E-0026
   7.61752655943430087356872527340600885         3.55422341679681845984493893342825445E-0026
   7.59806839530334037213330531083814154         4.77887008759939141101770408107587899E-0026
   7.57853524130478253127085860318622662         6.42792044336480290739263436470218059E-0026
   7.55892729022297146345820116379247359         8.64919018251739492537345352189394066E-0026
   7.53924473558046829607738692428137854         1.16421984173811381150713882175787773E-0025
   7.51948777163614118186559905471778491         1.56763173920129200703919982755856984E-0025
   7.49965659338324804231196020030684222         2.11153118256190053138023704646620514E-0025
   7.47975139654751206292381028031504011         2.84505223523057316071771287800316301E-0025
   7.45977237758518995935653661705800333         3.83457442192779848602247282838418060E-0025
   7.43971973368113303347238982101877309         5.16979308875461568145546084022077380E-0025
   7.41959366274684103846487934824747605         6.97193121455652558572768476247880715E-0025
   7.39939436341850887225631426582421195         9.40484927464487386108870666210466062E-0025
   7.37912203505506611844683680988057754         1.26900773072703783933728016890636702E-0024
   7.35877687773620945416388809988105243         1.71271555133716542398424680927151280E-0024
   7.33835909226042794423144618585134805         2.31211599863403901578351850446941544E-0024
   7.31786888014302124114858575717894103         3.12199537904842513210206159945242148E-0024
   7.29730644361411071043692563956563537         4.21646018330547659970893575047336451E-0024
   7.27667198561664350098635395964536203         5.69576036614518890719859182919326478E-0024
   7.25596570980438958009805087556044863         7.69552435350568955154850129199227762E-0024
   7.23518782053993175299326436919598907         1.03992583431215031513663816924397765E-0023
   7.21433852289264868662553508650349862         1.40552636979003948380239947453326105E-0023
   7.19341802263669095770311091302595990         1.89995337717806286282906349083012018E-0023
   7.17242652624895014489714020092340907         2.56867428011068445054149153855976285E-0023
   7.15136424090702098527988364198712846         3.47321851432519703675486779371649017E-0023
   7.13023137448715661510563803076283016         4.69685315140077667537089002579832215E-0023
   7.10902813556221691511531990737309131         6.35226323092587832010419460059962677E-0023
   7.08775473339960998061371263728985906         8.59194412935499066682492689932014378E-0023
   7.06641137795922673663623620347816541         1.16222624246291754194967013908853156E-0022
   7.04499827989136871858975418530368872         1.57224783789121710272066331015963517E-0022
   7.02351565053466903881938641064002800         2.12704780150310661323528468822034342E-0022
   7.00196370191400655962054792698259835         2.87775771586233989559567434836200602E-0022
   6.98034264673841329328248458032326758         3.89355895206359403386333983055536029E-0022
   6.95865269839897504981642195531032119         5.26804710734057358583610387865343038E-0022
   6.93689407096672535308808705706450192         7.12783649241598317337058195880750712E-0022
   6.91506697919053264614080024620775966         9.64419110676195200712012481224012186E-0022
   6.89317163849498080656156791846963383         1.30487437555529180856141245057900808E-0021
   6.87120826497824299280863359497390101         1.76547361101914734714722860653240914E-0021
   6.84917707540994884248476580731383995         2.38857128771220906543350650432452764E-0021
   6.82707828722904504360617477317421368         3.23142775828273882080394528510382635E-0021
   6.80491211854164929998235571597203322         4.37144259924401291699311370475415513E-0021
   6.78267878811889771188735414023683206         5.91321967388433987860474444475084752E-0021
   6.76037851539478559326793678976213355         7.99810259991567080092790079221431815E-0021
   6.73801152046400174679893074652342472         1.08170409899795840783051523946568064E-0020
   6.71557802407975621816056153563446126         1.46279460543783171917931810503260888E-0020
   6.69307824765160155097697854793898116         1.97790951760640312027585500530610940E-0020
   6.67051241324324756391930194202681746         2.67406840993527517683327944914877562E-0020
   6.64788074357036967154045880842843787         3.61473496012789168304840091926478454E-0020
   6.62518346199841077047279713948101562         4.88554581358411956279497136697198185E-0020
   6.60242079254037671268297341997401355         6.60202615556304923741100543448543952E-0020
   6.57959295985462538754190280938195428         8.91997728075098339006276147049563694E-0020
   6.55670018924264943453063930159849782         1.20494563813923630482492189025690236E-0019
   6.53374270664685260846591630004077464         1.62735836841957534568482659093020636E-0019
   6.51072073864831981919172511436317170         2.19738339653513872798261500765168796E-0019
   6.48763451246458086774573935150405401         2.96640344177124259496742187036591841E-0019
   6.46448425594736790107160642222392745         4.00360469305488530768220805840787790E-0019
   6.44127019758036660741012280065946450         5.40211241870597871242227716448601841E-0019
   6.41799256647696117456408664684501688         7.28722810066460021509908850980185606E-0019
   6.39465159237797303329317932092790438         9.82748287801513979263327965939618190E-0019
   6.37124750564939340815656557537410434         1.32494632969138448882522927653581450E-0018
   6.34778053728010969818202020244309138         1.78576872626380748125725054700911259E-0018
   6.32425091887962570980128603539472459         2.40612374007067674776690026522963679E-0018
   6.30065888267577576455204385224699210         3.24094312408491183978310447803227514E-0018
   6.27700466151243270410732831158729157         4.36395698142083303483676040985800101E-0018
   6.25328848884720981525345496429893193         5.87408208057573397385695122788378693E-0018
   6.22951059874915669749753103864416143         7.90396419965983743464122043888974979E-0018
   6.20567122589644909604540649669383593         1.06313944784673586052472226454271988E-0017
   6.18177060557407272295048121756981975         1.42945580805398713882190483679375533E-0017
   6.15780897367150108929311848954263915         1.92123898334228156746996239277192355E-0017
   6.13378656668036737130952370309789050         2.58117311773183298974687997929071317E-0017
   6.10970362169213033344782964727133153         3.46635390277635705161524044278812755E-0017
   6.08556037639573433138778554070783714         4.65311339663786006163946178802919413E-0017
   6.06135706907526341811887529811519158         6.24344503604137910480748034697143980E-0017
   6.03709393860758957622989096539549056         8.37355406961565609803016917342654696E-0017
   6.01277122446001509962095917833005125         1.12252290669988574891693645901309548E-0016
   5.98838916668790914790676133810867489         1.50409551868495302723328392753504454E-0016
   5.96394800593233849683720138233239691         2.01439867695816344166905005493053764E-0016
   5.93944798341769250811905799474851096         2.69649881747820654854736442698338342E-0016
   5.91488934094930234207921027553805970         3.60773672339730995772940636386130468E-0016
   5.89027232091105443666684672338699022         4.82441040027027243547441030521461159E-0016
   5.86559716626299827634865630003433558         6.44797693492101096249751787500158070E-0016
   5.84086412053894847450735679899413629         8.61325994920457166338807434154555971E-0016
   5.81607342784408119301003916647707522         1.14993030237950380569292398557835687E-0015
   5.79122533285252492266869627027727786         1.53437110900239542141539132593680085E-0015
   5.76632008080494564837096032992936672         2.04615859193801609936631126499463006E-0015
   5.74135791750612642271449425948094798         2.72705075324809113696519528531113042E-0015
   5.71633908932254137203366798578326223         3.63234653522714147805551070874040971E-0015
   5.69126384317992415876210084561582984         4.83522333571103319153110046866732398E-0015
   5.66613242656083092412936489189494023         6.43244539787890369899563947610613601E-0015
   5.64094508750219773524462081266848906         8.55186999389521763136326396485079814E-0015
   5.61570207459289256067419764890593887         1.13623091331403891108920123644124982E-0014
   5.59040363697126179867412905293062608         1.50864747079653305320873440288154752E-0014
   5.56505002432267138229242192573830139         2.00179561601354175303370670866402849E-0014
   5.53964148687704248560935737778107941         2.65434668799598164323323291623984796E-0014
   5.51417827540638185543740854580808460         3.51719679057591398638032937557449413E-0014
   5.48866064122230679285540434214603156         4.65727598427390709320712027432642445E-0014
   5.46308883617356480900437218884633041         6.16252580674848309720186184497276348E-0014
   5.43746311264354797962505567626615535         8.14839730020258664672504362930491762E-0014
   5.41178372354780202286942436511487769         1.07663258744859711675972260097745551E-0013
   5.38605092233153012497057210639431591         1.42147736412986199224786577595748916E-0013
   5.36026496296709153840723677099125036         1.87536028466572725787431198282082207E-0013
   5.33442609995149497725076764833802054         2.47227665838139478649184810800592521E-0013
   5.30853458830388683443371648233612631         3.25665889429115872507579449914416375E-0013
   5.28259068356303424573033365583765186         4.28652737708099915275745804309918764E-0013
   5.25659464178480302529011190800891107         5.63757516601242730243529908135187490E-0013
   5.23054671953963049761613566988381263         7.40845770532354929308014981640899411E-0013
   5.20444717390999325093036413279436855         9.72763573947043818964953574501728627E-0013
   5.17829626248786983691810002501082500         1.27622179571153368825394754424571146E-0012
   5.15209424337219844189377326913166147         1.67293752868668648674805786604566367E-0012
   5.12584137516632955447979873426650324         2.19110584762710042075947016299976521E-0012
   5.09953791697547365493964969302428918         2.86729537192598604782754637697681891E-0012
   5.07318412840414395135542285637052327         3.74888691146498086056605193907459079E-0012
   5.04678026955359418788905650461578775         4.89720720197833230847792978230412214E-0012
   5.02032660101925155041499977766133356         6.39155119277340758765896821362192099E-0012
   4.99382338388814469486051815213340297         8.33433878844916171919193208959871701E-0012
   4.96727087973632692363795703962617769         1.08577181825744047050326388556576643E-0011
   4.94066935062629453560117181385209756         1.41320114651393632894094557143791452E-0011
   4.91401905910440037500596794244847803         1.83765034059440820827072725379417055E-0011
   4.88732026819826260500177879136919338         2.38732066417124241845604835574849865E-0011
   4.86057324141416873122894061853956351         3.09844026595248648266319348859954769E-0011
   4.83377824273447490114280381359841322         4.01749663111507125774689553242057737E-0011
   4.80693553661500050473254610941129966         5.20407424176880577368574970922795735E-0011
   4.78004538798241810234892682842671239         6.73445690459809849751619012868786147E-0011
   4.75310806223163870540134077517661726         8.70619489146129654869891596482617064E-0011
   4.72612382522319243573039569011265571         1.12438877362278858918106162751533029E-0010
   4.69909294328060458950784778684755828         1.45064965993465810736933442487826906E-0010
   4.67201568318776713156108535457973835         1.86965784411415341833694582764751582E-0010
   4.64489231218630564606445027237733086         2.40719313678075402359416022954664100E-0010
   4.61772309797294176958453110696888805         3.09602607380275665078639830269923655E-0010
   4.59050830869685113251114880814089035         3.97776241853540721444138931386789222E-0010
   4.56324821295701683495008643571825789         5.10515969886255609365992944255209996E-0010
   4.53594307979957848319768741187973687         6.54503249255125747360238755964365406E-0010
   4.50859317871517681296126205725206072         8.38189092034453773123442383516646085E-0010
   4.48119877963629392553279920639624811         1.07224908536368617256370950431621487E-0009
   4.45376015293458916316677807805585799         1.37015160479753493423750332167006519E-0009
   4.42627756941823064995591487054300233         1.74886634031898964197835479391697632E-0009
   4.39875130032922252454145833811284976         2.22974647768790168339111438606578533E-0009
   4.37118161734072789103716845790222772         2.83962545730165691903980854843473401E-0009
   4.34356879255438751458837179932869749         3.61217844737417208761912929771593826E-0009
   4.31591309849763428802948594167915652         4.58960984898345528143789057522034720E-0009
   4.28821480812100349614514283645084752         5.82474169017090440297478405360971632E-0009
   4.26047419479543890408151696691005994         7.38359412968267000028644026103723909E-0009
   4.23269153230959469649567810895365513         9.34856902689744939017427831301255418E-0009
   4.20486709486713329407174003793094170         1.18223712890184358595136676281336727E-0008
   4.17700115708401907407326525143305078         1.49328312381232209324557146432558185E-0008
   4.14909399398580802164181128660264578         1.88388254369273708130365022730508239E-0008
   4.12114588100493333859166610327501553         2.37375343092430451795855518216719305E-0008
   4.09315709397798703649071788485070980         2.98733236946890714734629586759576595E-0008
   4.06512790914299754085703808344388947         3.75485955856042642813753843017218624E-0008
   4.03705860313670333334012521338312781         4.71370223240601984799643258271928331E-0008
   4.00894945299182265879486038900949329         5.90996603512798528852135755388263818E-0008
   3.98080073613431932419506352298474973         7.40045363397776168646892358775077683E-0008
   3.95261273038066461637211106667583610         9.25504126475810328706236747204396719E-0008
   3.92438571393509536560238180393060676         1.15595573303625806363823504256154987E-0007
   3.89611996538686818210533612564319410         1.44192629331071884436706543527740754E-0007
   3.86781576370750989255180603949639901         1.79630526722035862169461355483443610E-0007
   3.83947338824806420371957753437062304         2.23485155824798158394658944962814234E-0007
   3.81109311873633462047058345197104958         2.77680211811257753828280208832253062E-0007
   3.78267523527412364526099335173756044         3.44560247297591772984885515220013643E-0007
   3.75422001833446828643218662420259410         4.26978195686364217441483850474099998E-0007
   3.72572774875887190256702595043913893         5.28400033554293597029831143139227301E-0007
   3.69719870775453241023200976153624485         6.53029699195999107140187620512122133E-0007
   3.66863317689156688246177426525329903         8.05957899629578703093289278378220103E-0007
   3.64003143810023256537803752289774584         9.93339027963097763736683240732628678E-0007
   3.61139377366814434037042962647031760         1.22260108559353690320180981143169383E-0006
   3.58272046623748865930173389532128729         1.50269426840216527206192847678847643E-0006
   3.55401179880223398023487383672685805         1.84438474256597985980985962516008963E-0006
   3.52526805470533773121351905236756704         2.26060111388633880456605687889596117E-0006
   3.49648951763594982966244998179018260         2.76684219501005658263839861846268352E-0006
   3.46767647162661278500781601636220225         3.38165590810441091323379945777873470E-0006
   3.43882920105045841215114375747065148         4.12720053692373093667339523231477122E-0006
   3.40994799061840118346440169794921634         5.02990107196628670360949819316890997E-0006
   3.38103312537632824700660404580689772         6.12121508518226682049743709162060396E-0006
   3.35208489070228613869533945683925090         7.43852443513963219698948651009302482E-0006
   3.32310357230366421619923977289000791         9.02617114701490970636190629399018260E-0006
   3.29408945621437484234975915335823859         1.09366580397394466740633426609786517E-0005
   3.26504282879203034590271491968047583         1.32320370881832299825385967055551812E-0005
   3.23596397671511678751184768933260919         1.59855111114398310886102468655173509E-0005
   3.20685318698016455880818964347784099         1.92832771653684019757888460733773478E-0005
   3.17771074689891584251028573953384387         2.32266429802766951678636628914609105E-0005
   3.14853694409548896152129303816057238         2.79344509092903572740684362034143161E-0005
   3.11933206650353964499968775771637993         3.35458471194774725803472151031339408E-0005
   3.09009640236341923942073789505371921         4.02234371387418206386132110790388645E-0005
   3.06083024021932989267605095931244113         4.81568723309992315529785647693171206E-0005
   3.03153386891647673928838125753336618         5.75669153648375898461611702666849081E-0005
   3.00220757759821711484847895260431462         6.87100362107590831865099782833195226E-0005
   2.97285165570320682781008349314683631         8.18835935815577883484238650734724404E-0005
   2.94346639296254351680820670207443958         9.74316599390268254611727592878633744E-0005
   2.91405207939690712169461551906226477         1.15751551133986025605065765138277386E-0004
   2.88460900531369749651291083816810936         1.37301124317063396005385425061040981E-0004
   2.85513746130416919266380678418555852         1.62606909831124117217920260507335024E-0004
   2.82563773824056344053914385159122835         1.92273144233569868279327071573345668E-0004
   2.79611012727323735793081931252096932         2.26991772243147763649144459284438405E-0004
   2.76655491982779041354818891218016781         2.67553485091249090547556234917918351E-0004
   2.73697240760218817400458484132416826         3.14859861297076095769997290043937725E-0004
   2.70736288256388336266040603855924589         3.69936673081114103971151050886913030E-0004
   2.67772663694693425873676776559830603         4.33948417271884410089425664297421623E-0004
   2.64806396324912046513994785440922326         5.08214123427382517073261100034420044E-0004
   2.61837515422905607346283678733617320         5.94224483759010956733682615202178172E-0004
   2.58866050290330025465528758344429662         6.93660339083788367811784717228961627E-0004
   2.55892030254346530388066907299747397         8.08412542213892950658621331165133818E-0004
   2.52915484667332216810105229636490341         9.40603204702528239950117803311141098E-0004
   2.49936442906590348495830421577971798         1.09260831449696016120440578596151032E-0003
   2.46954934374060416154292543303715144         1.26708169061972601463687900542000959E-0003
   2.43970988496027952166674892099899098         1.46698021635285634646752970235917059E-0003
   2.40984634722834105027961466202809068         1.69559026442061315649853755285786632E-0003
   2.37995902528584976369385030536234540         1.95655519628394201764538815837538847E-0003
   2.35004821410860723430382027389190759         2.25390378286169764582825577259037335E-0003
   2.32011420890424429851095493755922641         2.59207935583398471633941431159674417E-0003
   2.29015730510930747658753729718540466         2.97596945729334317114536266403568485E-0003
   2.26017779838634313323510686326210522         3.41093571110930692698385638561787865E-0003
   2.23017598462097940761563884625796253         3.90284359227777558970094317839979091E-0003
   2.20015215991900594165567117819593872         4.45809172116176879279500050469335172E-0003
   2.17010662060345143544528204238974931         5.08364025843189897183650980582172938E-0003
   2.14003966321165905857526628481568910         5.78703792434141090125475107605220912E-0003
   2.10995158449235974627702010498045900         6.57644711350515120628241791791469061E-0003
   2.07984268140274340925051956747517620         7.46066652450484069246945212033373834E-0003
   2.04971325110552808608636953164156849         8.44915067345155221711974517262794549E-0003
   2.01956359096602706720820536269291253         9.55202561325998941707981070678058211E-0003
   1.98939399854921401928175006282002402         1.07801001371027545580130587427077544E-0002
   1.95920477161678613905656404767925985         1.21448717066946432931643611750675421E-0002
   1.92899620812422536562597349743295782         1.36585263151733648558516926281021356E-0002
   1.89876860621785768010982584024186134         1.53339314719279379123509909800370821E-0002
   1.86852226423191052178359729066666753         1.71846214843563208719972892458108705E-0002
   1.83825748068556834969596727951966874         1.92247742108002509734511468578786230E-0002
   1.80797455428002637883527789184265930         2.14691784713783926581354469553733397E-0002
   1.77767378389554251992331289522779387         2.39331913306314117611884366093438725E-0002
   1.74735546858848755193256041382878970         2.66326845092176661062523769851899399E-0002
   1.71701990758839355644056560914781424         2.95839792426248042695370815200908009E-0002
   1.68666740029500064295213469488034514         3.28037689840684500235334508812583725E-0002
   1.65629824627530199433701907044339671         3.63090294472724766683346137376913133E-0002
   1.62591274526058726154728813982692853         4.01169156032160428212193251873037442E-0002
   1.59551119714348433679489132545817237         4.42446453834045513091057068402369647E-0002
   1.56509390197499953438591373005916341         4.87093700006077948450231329054548492E-0002
   1.53466115996155620842374568505644874         5.35280309757189684250049621223589909E-0002
   1.50421327146203183660881389686033121         5.87172041553746263962982332381775428E-0002
   1.47375053698479359937766091000620000         6.42929312177022697690321402198569073E-0002
   1.44327325718473248363900999932647039         7.02705393909855738641750511745441440E-0002
   1.41278173286029594037901423543123873         7.66644503495959537603665813370125836E-0002
   1.38227626495051912542216119510130574         8.34879795001553954047414858844272837E-0002
   1.35175715453205475264828846987280847         9.07531271249891201705010601652591672E-0002
   1.32122470281620158897985962410500116         9.84703631054431483363421585704731679E-0002
   1.29067921114593162046705543301255476        0.106648407200094549488970429051572740      
   1.26012098099291591881135095920740349        0.115294007097409536896698085720997256      
   1.22955031395454923768107517378577922        0.124411716693841959484388912652167735      
   1.19896751175097336818498626832455954        0.134003677261330727576651310262066514      
   1.16837287622209928288214241358808948        0.144069404357150635051936662424566840      
   1.13776670932462809771830437842284650        0.154605583488592715581729647302266182      
   1.10714931312907088129077301022551195        0.165605877669609766159265926908903542      
   1.07652098981676734085494098136558509        0.177060750091218010472328459485770021      
   1.04588204167690341449692431174616161        0.188957305167335840066084861621174993      
   1.01523277110352779890743487688047461        0.201279151208621511403020440149681348      
  0.984573480592567442202560296898146963        0.214006287915152870640511442190710489      
  0.953904472738842031247332171091716906        0.227115021761666067250723239787161311      
  0.923226050233077502947887474157456631        0.240577912174633675312539218972091644      
  0.892538515858918608987660966230129025        0.254363751167825393947657318384040158      
  0.861842172489940563492388594085137271        0.268437578812370897443618149268230016      
  0.831137323086659803117752983280417765        0.282760736570124933334392465405163264      
  0.800424270693543889062262151203514006        0.297290960117933980596311748704671977      
  0.769703318436020580516421422518582383        0.311982512839081841396394780005852630      
  0.738974769517486109067436117789462198        0.326786360661847029277783199848090220      
  0.708238927216312683586568832378943834        0.341650388390037206482231705769773266      
  0.677496094882855255133869948256780109        0.356519657104006831203228910305461006      
  0.646746575936457571422303351132169339        0.371336701621477359752269898670113704      
  0.615990673862457550390301087279248110        0.386041866404830280343051099791328330      
  0.585228692209192002438500819343461475        0.400573677695540019756842387840180434      
  0.554460934585000730892848361977544973        0.414869249057721939103226011833872100      
  0.523687704655230040262384232912342996        0.428864716932405670475160425984042573      
  0.492909306139235681865877982453487361        0.442495702253245481767194573583934333      
  0.462126042807385266407027006724038665        0.455697793663971924821313200994378683      
  0.431338218478060173083197552440103387        0.468407047418636291298688330858739632      
  0.400546137014656984817654631687443786        0.480560498647656063747897771603817764      
  0.369750102322588479209904535019827946        0.492096678345038748182643886391377076      
  0.338950418346284204803158514064682378        0.502956130183063667036769467181875311      
  0.308147389066190672272018957421413690        0.513081921096961076444891580248415022      
  0.277341318495771190137289965578760073        0.522420139509085008606080824073152727      
  0.246532510678505374618322604349513850        0.530920375083425923056323014198603007      
  0.215721269684888363236521247297664868        0.538536174018978139852059563261787694      
  0.184907899609429761786561274072611900        0.545225464104537201715598474459819923      
  0.154092704567652354294499944610130752        0.550950944066127835388040270391300923      
  0.123275988693090605584301492838145843        0.555680432137730773856924900472311190      
   9.24580561342889860763443547495950053E-0002  0.559387169270711508497345101422683648      
   6.16392110518001484432329442731732841E-0002  0.562050072960020180203493060296400123      
   3.08197576151829857496984989692256334E-0002  0.563653938296866092645810140241704025      
   6.00704543221772133721764985001508439E-0016  0.564189583547756297944619165494071251      
  -3.08197576151817843465407667523240301E-0002  0.563653938296866134386587165340477318      
  -6.16392110517989470578612875243762410E-0002  0.562050072960020263445858952058949431      
  -9.24580561342877847206159620682588071E-0002  0.559387169270711632765221953806165690      
 -0.123275988693089404270073260256577903        0.555680432137730938441910774981946230      
 -0.154092704567651153033628358570812600        0.550950944066128039356180547040409405      
 -0.184907899609428560590902294409464588        0.545225464104537443916271685211995260      
 -0.215721269684887162117930190222511937        0.538536174018978418928858656690238846      
 -0.246532510678504173588654025444894610        0.530920375083426237459787164677874846      
 -0.277341318495769989208397542798259369        0.522420139509085356608109557671870100      
 -0.308147389066189471455755374098634816        0.513081921096961456154652521599246976      
 -0.338950418346283004111375341932055055        0.502956130183064076417893735653937823      
 -0.369750102322587278654452117238378322        0.492096678345039185071489338253539866      
 -0.400546137014655784410381965888691542        0.480560498647656525872650079217463481      
 -0.431338218478058972835952173781238655        0.468407047418636776299063418584985697      
 -0.462126042807384066331654870957533072        0.455697793663972430268621854486555673      
 -0.492909306139234481974223349012293308        0.442495702253246005184531065082954032      
 -0.523687704655228840566289548011832783        0.428864716932406209357481642877758713      
 -0.554460934584999531404154141735355149        0.414869249057722490937095662052440969      
 -0.585228692209190803169045532918367835        0.400573677695540582039626145407194806      
 -0.615990673862456351351921040030261700        0.386041866404830850601362754428625365      
 -0.646746575936456372626832567798979711        0.371336701621477935559485345659366041      
 -0.677496094882854056593140056162708080        0.356519657104007410195903783942511442      
 -0.708238927216311485312408944657556981        0.341650388390037786375279216290066807      
 -0.738974769517484911071672716636003462        0.326786360661847607878290855316709350      
 -0.769703318436019382810878242467363678        0.311982512839082416615981727768847411      
 -0.800424270693542691658760062432437315        0.297290960117934550461952022253338131      
 -0.831137323086658606028109874943747227        0.282760736570125495997653047915776755      
 -0.861842172489939366728419257675711898        0.268437578812371451188284058468979151      
 -0.892538515858917412561176978972139151        0.254363751167825937195738498090014134      
 -0.923226050233076306870697082430944676        0.240577912174634206628675542167724584      
 -0.953904472738840835531240173889952788        0.227115021761666585345024075958785587      
 -0.984573480592566246859367929319027964        0.214006287915153374369884749540392961      
  -1.01523277110352660394893969365309743        0.201279151208621999771062988852836834      
  -1.04588204167690221993492007079372585        0.188957305167336312221619802667397663      
  -1.07652098981676614670121752740575990        0.177060750091218465706688898716257742      
  -1.10714931312906968755711615840942474        0.165605877669610203902433367802133784      
  -1.13776670932462690441649579801385083        0.154605583488593135397444097974718883      
  -1.16837287622209809002395951168144471        0.144069404357151036631900875914502608      
  -1.19896751175097217578220207360917706        0.134003677261331110733955097552593237      
  -1.22955031395454804574545822034918227        0.124411716693842324146280827631562981      
  -1.26012098099291472735466517038504679        0.115294007097409883096831155903482757      
  -1.29067921114593042950106000528264914        0.106648407200094877359246148956811033      
  -1.32122470281620039851630891102999879         9.84703631054434580984728505864058081E-0002
  -1.35175715453205356269893186608866683         9.07531271249894121274051344049366337E-0002
  -1.38227626495051793599874302035571458         8.34879795001556699318793020930621621E-0002
  -1.41278173286029475149327361867192309         7.66644503495962112971167454278266205E-0002
  -1.44327325718473129530268076284072666         7.02705393909858149053422816868867805E-0002
  -1.47375053698479241160247145361280821         6.42929312177024948565685286511766674E-0002
  -1.50421327146203064940648708215498295         5.87172041553748361113100029596685348E-0002
  -1.53466115996155502180599871971183450         5.35280309757191633801068993802274982E-0002
  -1.56509390197499834836445805218087009         4.87093700006079756770929028599118824E-0002
  -1.59551119714348315138143248799750671         4.42446453834047186724804445004718032E-0002
  -1.62591274526058607675352569505184250         4.01169156032161973813673544968283886E-0002
  -1.65629824627530081017464645446862795         3.63090294472726190960260278553167399E-0002
  -1.68666740029499945943283911225792378         3.28037689840685809895246928499321902E-0002
  -1.71701990758839237357602791751907138         2.95839792426249244397766867412135077E-0002
  -1.74735546858848636973445500863900946         2.66326845092177761376077468820364813E-0002
  -1.77767378389554133840330759450464182         2.39331913306315122976869567744675821E-0002
  -1.80797455428002519800503382103952883         2.14691784713784843277074746491709242E-0002
  -1.83825748068556716956713875642508757         1.92247742108003343851573864602872335E-0002
  -1.86852226423190934236783171038087427         1.71846214843563966137188489652377569E-0002
  -1.89876860621785650141876356022172668         1.53339314719280065489169546005833012E-0002
  -1.92899620812422418767124772260635285         1.36585263151734269275763189589344442E-0002
  -1.95920477161678496184980071563002083         1.21448717066946993147640034947966051E-0002
  -1.98939399854921284283456772904464103         1.07801001371028050178715308558936558E-0002
  -2.01956359096602589153221508593007915         9.55202561326003477683016267303136499E-0003
  -2.04971325110552691119317475927571528         8.44915067345159291151019302274825336E-0003
  -2.07984268140274223515171602101513918         7.46066652450487712948147158396716394E-0003
  -2.10995158449235857298419566561437661         6.57644711350518376746970050447263946E-0003
  -2.14003966321165788610000087904330283         5.78703792434143994227276983084330935E-0003
  -2.17010662060345026379914752773319991         5.08364025843192482313379089556064804E-0003
  -2.20015215991900477085023122899020610         4.45809172116179176043878684799950131E-0003
  -2.23017598462097823766244883952206725         3.90284359227779595631171206720854132E-0003
  -2.26017779838634196414571376465220322         3.41093571110932495275506264351681447E-0003
  -2.29015730510930630837347954703089532         2.97596945729335909492677484795248494E-0003
  -2.32011420890424313118376233698301069         2.59207935583399875676445093238685433E-0003
  -2.35004821410860606787501387101590284         2.25390378286171000246777351463220927E-0003
  -2.37995902528584859817494228159938620         1.95655519628395287217239161072827969E-0003
  -2.40984634722833988568210821846135357         1.69559026442062267385024195322667454E-0003
  -2.43970988496027835800213816485003933         1.46698021635286467599309137395005981E-0003
  -2.46954934374060299882269526422374060         1.26708169061973329122089386123355813E-0003
  -2.49936442906590232319393021356446695         1.09260831449696650635795012112905058E-0003
  -2.52915484667332100730400060609596200         9.40603204702533762862657208007524966E-0004
  -2.55892030254346414406239629294229561         8.08412542213897749205536158537413585E-0004
  -2.58866050290329909582724065171764421         6.93660339083792529513550575554835445E-0004
  -2.61837515422905491563645286892345273         5.94224483759014559663901081348899815E-0004
  -2.64806396324911930832665422828628876         5.08214123427385630713760948581271221E-0004
  -2.67772663694693310294798171194882603         4.33948417271887096131552074058266351E-0004
  -2.70736288256388220790753472609076216         3.69936673081116417063134837919458047E-0004
  -2.73697240760218702029902521468394015         3.14859861297078084210954870401030499E-0004
  -2.76655491982778926090132757947193293         2.67553485091250796929221360053385376E-0004
  -2.79611012727323620635403243292371691         2.26991772243149225446883087850349191E-0004
  -2.82563773824056229004379702308110736         1.92273144233571118394345753377757075E-0004
  -2.85513746130416804326125493136200199         1.62606909831125184472855006377699895E-0004
  -2.88460900531369634821449810018532258         1.37301124317064305595661102895588588E-0004
  -2.91405207939690597451167513766714838         1.15751551133986799508554303166642714E-0004
  -2.94346639296254237075206090975206821         9.74316599390274828087602467421755322E-0005
  -2.97285165570320568289204340137459740         8.18835935815583457581299949348344517E-0005
  -3.00220757759821597107984444021580133         6.87100362107595550637956560403287608E-0005
  -3.03153386891647559668044085919313883         5.75669153648379886530184424747890714E-0005
  -3.06083024021932875124008175410274134         4.81568723309995680483276379964963096E-0005
  -3.09009640236341809916800539517426352         4.02234371387421040924399648946165913E-0005
  -3.11933206650353850594144579729828943         3.35458471194777109639063821105194772E-0005
  -3.14853694409548782366878366219558074         2.79344509092905574283570488289136476E-0005
  -3.17771074689891470587473909291985012         2.32266429802768629524403936194123077E-0005
  -3.20685318698016342340082386018191390         1.92832771653685423998808884928617098E-0005
  -3.23596397671511565334386878167253189         1.59855111114399484263132779223725253E-0005
  -3.26504282879202921298531666772593040         1.32320370881833278737795286599991623E-0005
  -3.29408945621437371069412299445271366         1.09366580397395282128619846241421073E-0005
  -3.32310357230366308581653469129453252         9.02617114701497751779788609476384366E-0006
  -3.35208489070228500959672187349901886         7.43852443513968850415606095246661143E-0006
  -3.38103312537632711920321770824190339         6.12121508518231350260506176882550766E-0006
  -3.40994799061840005696737757026996568         5.02990107196632534628988887031468486E-0006
  -3.43882920105045728697159991052003730         4.12720053692376287542971386226302202E-0006
  -3.46767647162661166115685751798463567         3.38165590810443727088476751416642039E-0006
  -3.49648951763594870715116878722905578         2.76684219501007830151364537038302320E-0006
  -3.52526805470533661005299389479213145         2.26060111388635667412678514540770504E-0006
  -3.55401179880223286043617011788960530         1.84438474256599454029278542201582771E-0006
  -3.58272046623748754087590357634689912         1.50269426840217731467517053376030895E-0006
  -3.61139377366814322332851111877726541         1.22260108559354676733865513998977843E-0006
  -3.64003143810023144973105557925363451         9.93339027963105831616576595882327667E-0007
  -3.66863317689156576822073987096500544         8.05957899629585292188599247711887116E-0007
  -3.69719870775453129740792002577593653         6.53029699196004480701885519892270070E-0007
  -3.72572774875887079117086399770724789         5.28400033554297972984770236720069034E-0007
  -3.75422001833446717647492148592881205         4.26978195686367775898077436763131157E-0007
  -3.78267523527412253675357985802092425         3.44560247297594662552254084649407760E-0007
  -3.81109311873633351342396212346019870         2.77680211811260096925985459838029781E-0007
  -3.83947338824806309814467447428526526         2.23485155824800055705599379845023019E-0007
  -3.86781576370750878845953282579109399         1.79630526722037396367024753218043636E-0007
  -3.89611996538686707950658970331447770         1.44192629331073123298535707175078869E-0007
  -3.92438571393509426450804437746854550         1.15595573303626805368253729610918155E-0007
  -3.95261273038066351679304999266106173         9.25504126475818373577176497733664868E-0008
  -3.98080073613431822614213120283203703         7.40045363397782638315754485381970992E-0008
  -4.00894945299182156227889416185893885         5.90996603512803724748986784612765902E-0008
  -4.03705860313670223837194724913999206         4.71370223240606152137312663473640412E-0008
  -4.06512790914299644744745527596814059         3.75485955856045980771113829295508170E-0008
  -4.09315709397798594465052174529735355         2.98733236946893384856181936338757261E-0008
  -4.12114588100493224833163265358622738         2.37375343092432584907965353928452094E-0008
  -4.14909399398580693297270095315279173         1.88388254369275410026263230412432828E-0008
  -4.17700115708401798700582275882762477         1.49328312381233565429306968965426818E-0008
  -4.20486709486713220861669430296046171         1.18223712890185437787107155469518937E-0008
  -4.23269153230959361266374213470359889         9.34856902689753516378604664901372885E-0009
  -4.26047419479543782188338773702783641         7.38359412968273808702470366772769554E-0009
  -4.28821480812100241559150120957090029         5.82474169017095838255833084938566004E-0009
  -4.31591309849763320913099654600718597         4.58960984898349802385135013201662486E-0009
  -4.34356879255438643735568292738610032         3.61217844737420589063276088213763376E-0009
  -4.37118161734072681548091196143173682         2.83962545730168361976388480815152903E-0009
  -4.39875130032922145067224952314645908         2.22974647768792274862475683742482747E-0009
  -4.42627756941822957778435239263317981         1.74886634031900624126955316119532851E-0009
  -4.45376015293458809270344383767108654         1.37015160479754799887130584371820633E-0009
  -4.48119877963629285678825824448195310         1.07224908536369644311601192644327799E-0009
  -4.50859317871517574594606245095790781         8.38189092034461837738753735909634411E-0010
  -4.53594307979957741792236017045437941         6.54503249255132072516617265808695754E-0010
  -4.56324821295701577142514539657251691         5.10515969886260564564981409094036222E-0010
  -4.59050830869685007074709053308043412         3.97776241853544598996166266158609334E-0010
  -4.61772309797294070959183477859740495         3.09602607380278695935072249104663631E-0010
  -4.64489231218630458785357759067121249         2.40719313678077768762928539959180392E-0010
  -4.67201568318776607514248043363534523         1.86965784411417187411949906698909188E-0010
  -4.69909294328060353489193705180201334         1.45064965993467248544915713340814010E-0010
  -4.72612382522319138292758777423924958         1.12438877362279977837050821045400537E-0010
  -4.75310806223163765442202641715578900         8.70619489146138353086865397890064143E-0011
  -4.78004538798241705320347876979366341         6.73445690459816604361871203739109620E-0011
  -4.80693553661499945743131899218121305         5.20407424176885817152639385202006350E-0011
  -4.83377824273447385569613407807032549         4.01749663111511186224278316812151605E-0011
  -4.86057324141416768764714640127987388         3.09844026595251791575559964097332673E-0011
  -4.88732026819826156329515982337580841         2.38732066417126672688973646090991223E-0011
  -4.91401905910439933518480544749663844         1.83765034059442698795833203729476297E-0011
  -4.94066935062629349767572840702284102         1.41320114651395082286312411476574746E-0011
  -4.96727087973632588761847662601847904         1.08577181825745164567809884844281980E-0011
  -4.99382338388814366075722582576095570         8.33433878844924779839657526036605325E-0012
  -5.02032660101925051823810172053501558         6.39155119277347382797157886272134803E-0012
  -5.04678026955359315764873988601274665         4.89720720197838323352192878099365975E-0012
  -5.07318412840414292306185573229094353         3.74888691146501997437223425204800550E-0012
  -5.09953791697547262860298090583678023         2.86729537192601606177378153936875308E-0012
  -5.12584137516632853011015781254311625         2.19110584762712343068508831395019775E-0012
  -5.15209424337219741950127032767354304         1.67293752868670411101954886642622233E-0012
  -5.17829626248786881651282566506545399         1.27622179571154717526587590466919111E-0012
  -5.20444717390999223252238934246540427         9.72763573947054130746204191263872647E-0013
  -5.23054671953962948121551172473450147         7.40845770532362806470612081249977462E-0013
  -5.25659464178480201090687027186005965         5.63757516601248742380895543441631342E-0013
  -5.28259068356303323337448588176112839         4.28652737708104500026751449101966621E-0013
  -5.30853458830388582411525411384486916         3.25665889429119365802149732878721984E-0013
  -5.33442609995149396897966212077354635         2.47227665838142138100772321201924659E-0013
  -5.36026496296709053219343931310960146         1.87536028466574748765786908766039474E-0013
  -5.38605092233152912082401364215145859         1.42147736412987736804014482740066576E-0013
  -5.41178372354780102080001541565248653         1.07663258744860879387998230866614043E-0013
  -5.43746311264354697964268626209877825         8.14839730020267525838223468926330466E-0014
  -5.46308883617356381111891173225086785         6.16252580674855028767575894379149792E-0014
  -5.48866064122230579707670156975453171         4.65727598427395800181055028718636963E-0014
  -5.51417827540638086177529139140478790         3.51719679057595252944108962682775026E-0014
  -5.53964148687704149407363288530467257         2.65434668799601080257170119746064139E-0014
  -5.56505002432267039289287615249036063         2.00179561601356379703910350124533499E-0014
  -5.59040363697126081142052697299117566         1.50864747079654970610042736682331632E-0014
  -5.61570207459289157557628305675710868         1.13623091331405148238530054415767692E-0014
  -5.64094508750219675231211622702718103         8.55186999389531246592789646127523871E-0015
  -5.66613242656082994337197145975551437         6.43244539787897519049661275563877000E-0015
  -5.69126384317992318018949824650367953         4.83522333571108704929355778780318133E-0015
  -5.71633908932254039565551433622029968         3.63234653522718202454946236899421309E-0015
  -5.74135791750612544854042601766388789         2.72705075324812164220215596578793663E-0015
  -5.76632008080494467641059220062177364         2.04615859193803903530874709115214653E-0015
  -5.79122533285252395293162110991631612         1.53437110900241265536709224757211766E-0015
  -5.81607342784408022550582788849587758         1.14993030237951674718226587998857392E-0015
  -5.84086412053894750924555827936076956         8.61325994920466878586998197688608539E-0016
  -5.86559716626299731333879728300823148         6.44797693492108380694234590089168118E-0016
  -5.89027232091105347591843172749384216         4.82441040027032703882477168225765897E-0016
  -5.91488934094930138360172149976404680         3.60773672339735086432846663512481348E-0016
  -5.93944798341769155192195522495483460         2.69649881747823717690690249666764291E-0016
  -5.96394800593233754292992189789101024         2.01439867695818636171240406497707437E-0016
  -5.98838916668790819629871981876014078         1.50409551868497016970858394435893875E-0016
  -6.01277122446001415032154761126445822         1.12252290669989856345925161343311323E-0016
  -6.03709393860758862924847855255732673         8.37355406961575184151108189174734446E-0017
  -6.06135706907526247346480836373311092         6.24344503604145060331161332720328294E-0017
  -6.08556037639573338907038743905020410         4.65311339663791342847079586411849020E-0017
  -6.10970362169212939347640067062848609         3.46635390277639686578765206253604026E-0017
  -6.13378656668036643369334098999201813         2.58117311773186267911014138215198402E-0017
  -6.15780897367150015404143593316614845         1.92123898334230369668944469834298616E-0017
  -6.18177060557407179007252937445316617         1.42945580805400362570062548745390895E-0017
  -6.20567122589644816555039249560364281         1.06313944784674813839504389998303294E-0017
  -6.22951059874915576939463848971258742         7.90396419965992883018379911407183319E-0018
  -6.25328848884720888955184386838513766         5.87408208057580198021080710578250314E-0018
  -6.27700466151243178081613496987193762         4.36395698142088361748940276941692797E-0018
  -6.30065888267577484368038077606062274         3.24094312408494944832379163367564993E-0018
  -6.32425091887962479135824185628097240         2.40612374007070469953442824020050648E-0018
  -6.34778053728010878217665958245755024         1.78576872626382824832249422235864477E-0018
  -6.37124750564939249459792911761976441         1.32494632969139991254713939478769190E-0018
  -6.39465159237797212219028348032806731         9.82748287801525430611141570381665527E-0019
  -6.41799256647696026592592364115450478         7.28722810066468520797847635669655209E-0019
  -6.44127019758036570124566052171508031         5.40211241870604177506358585043614914E-0019
  -6.46448425594736699738978834743496932         4.00360469305493208449334839825847441E-0019
  -6.48763451246457996655548445558381364         2.96640344177127728167461730174430367E-0019
  -6.51072073864831892050192778130224468         2.19738339653516444228302704308273352E-0019
  -6.53374270664685171228544623532308964         1.62735836841959440339424986290904960E-0019
  -6.55670018924264854086834144466090349         1.20494563813925042552443340081103528E-0019
  -6.57959295985462449640659724631823127         8.91997728075108799120361803075312488E-0020
  -6.60242079254037582408345529648419381         6.60202615556312670437027977304266198E-0020
  -6.62518346199840988441783657406683708         4.88554581358417692180620209626718884E-0020
  -6.64788074357036878803880080583582658         3.61473496012793414471577894892429092E-0020
  -6.67051241324324668297966630693620612         2.67406840993530660419008437069822912E-0020
  -6.69307824765160067260805979890437074         1.97790951760642637650393470272767445E-0020
  -6.71557802407975534237102881927202766         1.46279460543784892583607077271289868E-0020
  -6.73801152046400087359742775195053797         1.08170409899797113654939101227521266E-0020
  -6.76037851539478472266308166328764684         7.99810259991576494848688318171016850E-0021
  -6.78267878811889684388773940030343889         5.91321967388440950514115591035173353E-0021
  -6.80491211854164843459654816835160000         4.37144259924406440274567014479972889E-0021
  -6.82707828722904418084271542641684901         3.23142775828277688801615156548600503E-0021
  -6.84917707540994798235216978845160034         2.38857128771223720853803699862788883E-0021
  -6.87120826497824213531539006547991265         1.76547361101916815154003196765012251E-0021
  -6.89317163849497995171613999047350402         1.30487437555530718675714041065384507E-0021
  -6.91506697919053179395162489896808065         9.64419110676206567250001627551762244E-0022
  -6.93689407096672450356357505369925984         7.12783649241606718292892476177631730E-0022
  -6.95865269839897420296495775978607297         5.26804710734063567446221189410003555E-0022
  -6.98034264673841244911242627470385154         3.89355895206363992020517078631912731E-0022
  -7.00196370191400571814022712893825518         2.87775771586237380717698602964752327E-0022
  -7.02351565053466820003710819121768169         2.12704780150313167496525147352252361E-0022
  -7.04499827989136788251379698695926414         1.57224783789123562428344077322137007E-0022
  -7.06641137795922590327485175837168898         1.16222624246293123035833056508278729E-0022
  -7.08775473339960914997512588584420077         8.59194412935509183460555407215217007E-0023
  -7.10902813556221608720772891709712691         6.35226323092595309409836811418165093E-0023
  -7.13023137448715578993721391533981700         4.69685315140083194457382671625929379E-0023
  -7.15136424090702016285877048062911768         3.47321851432523789175842115754897518E-0023
  -7.17242652624894932523145495799246466         2.56867428011071465297208249860727117E-0023
  -7.19341802263669014080094335792300801         1.89995337717808519229246668624212482E-0023
  -7.21433852289264787249494771382556060         1.40552636979005599427795670947355896E-0023
  -7.23518782053993094164229231916261640         1.03992583431216252444136796698890427E-0023
  -7.25596570980438877153470185471014009         7.69552435350577984941428381003649830E-0024
  -7.27667198561664269521860816180272039         5.69576036614525569918848064272895040E-0024
  -7.29730644361410990747273566708008946         4.21646018330552601220138864678647027E-0024
  -7.31786888014302044099587654243576040         3.12199537904846169324428406202925125E-0024
  -7.33835909226042714689811491305576682         2.31211599863406607271198628914728621E-0024
  -7.35877687773620865965780412711624191         1.71271555133718545108575354876679198E-0024
  -7.37912203505506532677584159144026796         1.26900773072705266600961843018321155E-0024
  -7.39939436341850808342822127482069993         9.40484927464498365048041118622790467E-0025
  -7.41959366274684025248747399949579645         6.97193121455660690121563622723515417E-0025
  -7.43971973368113225035342939419780500         5.16979308875467592180338974385427674E-0025
  -7.45977237758518917910375018014924125         3.83457442192784312436608123922596970E-0025
  -7.47975139654751128554489861331982837         2.84505223523060624640485799460435829E-0025
  -7.49965659338324726781459571924276681         2.11153118256192506088707833080379093E-0025
  -7.51948777163614041025742573589504156         1.56763173920131019814585890378730541E-0025
  -7.53924473558046752736602022885979972         1.16421984173812730598659970966731664E-0025
  -7.55892729022297069765122796262001308         8.64919018251749506014856402088237011E-0026
  -7.57853524130478176837583710191959453         6.42792044336487723506691699467730386E-0026
  -7.59806839530333961215776497534637447         4.77887008759944660071773668350462221E-0026
  -7.61752655943430011652016675545768496         3.55422341679685945310271484128000512E-0026
  -7.63690954165343888753763728985164421         2.64444212839325570686118727002526819E-0026
  -7.65621715065854664879958924770947542         1.96833186869940098572413401545262809E-0026
  -7.67544919589131731698398501678405495         1.46569145816082856331201932818368757E-0026
  -7.69460548753922873540687868504656509         1.09187223116736955653264106336250887E-0026
  -7.71368583653741604698568725586230333         8.13750305629836474011663886792517989E-0027
  -7.73269005457053768812675626047046271         6.06744192970256419673790982101883620E-0027
  -7.75161795407463398512061342970346227         4.52605935784265689787377174586223861E-0027
  -7.77046934823897833470131434951189613         3.37784751243975891465597132153736628E-0027
  -7.78924405100792095049947533137920134         2.52214487845758018264451223510454125E-0027
  -7.80794187708272515719196035674713054         1.88414890944146298234429191381039313E-0027
  -7.82656264192339621422474017998095055         1.40825278998670560760124460129937593E-0027
  -7.84510616175050265105917177126063795         1.05310387896874037845172789774728034E-0027
  -7.86357225354699009596585452140540409         7.87937884632646519996679236096452513E-0028
  -7.88196073505998758046430528557869128         5.89858582722903589010471971259146791E-0028
  -7.90027142480260630158095668088428082         4.41818542893309977302566233140872273E-0028
  -7.91850414205573082417242134111161408         3.31119719111827031619564377093688063E-0028
  -7.93665870686980270563557833564436873         2.48299683430191458950519629816276092E-0028
  -7.95473494006659652540082594240537406         1.86304024602784985233165064108542674E-0028
  -7.97273266324098830167980668854589679         1.39871161988239414692614401036574315E-0028
  -7.99065169876271627801404529755642379         1.05074883899124786764042779790697713E-0028
  -8.00849186977813406224624716602960764         7.89840409362368526206119685674053686E-0029
  -8.02625300021195610061148349419483015         5.94092907152302903407730433545872145E-0029
  -8.04393491476899546972113846662516918         4.47145491882735444258920763275838318E-0029
  -8.06153743893589396928831317656410335         3.36765573443032883731297186280680551E-0029
  -8.07906039898284449851936956082464591         2.53802399486691014681193983640793847E-0029
  -8.09650362196530569917245471220183073         1.91406997783608584815485795742577093E-0029
  -8.11386693572570884836017081117024088         1.44450413462075468875651245493941819E-0029
  -8.13115016889515698425004781501611539         1.09089633584466401659606027337261217E-0029
  -8.14835315089511624789313420553443265         8.24435542435873766179656637821789405E-0030
  -8.16547571193909942448784476941979087         6.23509767514090338660185719915997671E-0030
  -8.18251768303434166746319281027776948         4.71897782538959714851338875853598857E-0030
  -8.19947889598346838884268660793546349         3.57417250141846569114559798022607221E-0030
  -8.21635918338615529942748558797345927         2.70913559799915787548296524127067912E-0030
  -8.23315837864078058241488977906190406         2.05503105367990646284072622235176160E-0030
  -8.24987631594606918414587595308321859         1.56006676510331780356301724838464147E-0030
  -8.26651283030272920575319459688942900         1.18524970432394639617775822917733797E-0030
  -8.28306775751508037955950278701126011         9.01204002900305828310831280901904127E-0031
  -8.29954093419267461415312836026611306         6.85784478814119177350750714133492970E-0031
  -8.31593219775190859214733972298670330         5.22285727213952818003372653175259609E-0031
  -8.33224138641762840470743244693013824         3.98097362334198230491747490066946225E-0031
  -8.34846833922472620700853768668849680         3.03693665731212645352939142694858898E-0031
  -8.36461289601972887886580764591712604         2.31874024331772606062633904526591221E-0031
  -8.38067489746237867485753904069287766         1.77191556754373390051213168644961810E-0031
  -8.39665418502720584834085597904388902         1.35523034603259572343069960506791144E-0031
  -8.41255060100509323383878811586054759         1.03744952923562945210042248954309025E-0031
  -8.42836398850483277235694757018892323         7.94893939362658847699511100737751411E-0032
  -8.44409419145467396426752812399746542         6.09599085809078849613143391255814250E-0032
  -8.45974105460386423447802187306371882         4.67925693118065861897991472567421753E-0032
  -8.47530442352418119468187098532401607         3.59510414974861616767792288947033323E-0032
  -8.49078414461145678756824475204904496         2.76472906408211306750437685948069425E-0032
  -8.50618006508709329794825390325599019         2.12816207831279543616663168118478524E-0032
  -8.52149203299957121583518441007345551         1.63972995125659900772058251094706692E-0032
  -8.53671989722594893659675092110374022         1.26461968055256667937414756771757530E-0032
  -8.55186350747335428337793478348601421         9.76274563011405857453952997705104547E-0033
  -8.56692271428046783707368248721103119         7.54419454788233788067899675541987431E-0033
  -8.58189736901899805921159654668988269         5.83562092234417769137907900735641677E-0033
  -8.59678732389514819318575149861747103         4.51854858875192035921551573374583283E-0033
  -8.61159243195107492936391205035274714         3.50229655483502503214686665688072341E-0033
  -8.62631254706633881967171765749954548         2.71739843857310252885479005860608400E-0033
  -8.64094752395934642733882714084241096         2.11059313381736871426329758798807318E-0033
  -8.65549721818878419757358756759607223         1.64100856554524981343617486250038983E-0033
  -8.66996148615504403501450271499634075         1.27725207583725110813599691831771923E-0033
  -8.68434018510164057388862719913876030         9.95190279237244298346915322639870750E-0034
  -8.69863317311662012688900198082499951         7.76253641527962865872331712062742375E-0034
  -8.71284030913396129886537464380171840         6.06140709124488898992554401930749605E-0034
  -8.72696145293496725150471276860476981         4.73826965731428880767813665213263954E-0034
  -8.74099646514964960526042008533208201         3.70806069085508645536467670143502987E-0034
  -8.75494520725810396487170206779281639         2.90508496225907158492554988422984541E-0034
  -8.76880754159187705489719941501190031         2.27855738627738578228830200742463430E-0034
  -8.78258333133532545176981363807084735         1.78918148983266896588239406207654713E-0034
  -8.79627244052696589896258791347786626         1.40652112853257146428066304834352754E-0034
  -8.80987473406081719193857766010946226         1.10697978116528721128032446150167478E-0034
  -8.82339007768773361964084812537106726         8.72245599291576736634931774865347257E-0035
  -8.83681833801672994936206980640818887         6.88093795112232798773268734914370239E-0035
  -8.85015938251629794191664596149299886         5.43463421155042231261316838881066255E-0035
  -8.86341307951571438412189896136448417         4.29745030168442126081602902381923760E-0035
  -8.87657929820634062567856296528859728         3.40230544713521398454460798920523780E-0035
  -8.88965790864291360762467855563865784         2.69688008059296649513496654939828800E-0035
  -8.90264878174482836962095970032819179         2.14032562947510463794258330772891749E-0035
  -8.91555178929741202340980390566156305         1.70071645130166403701975332669898482E-0035
  -8.92836680395318917987434184306443695         1.35307465619555732564399661432570517E-0035
  -8.94109369923313881720827225044521076         1.07783755862500725994657468049499197E-0035
  -8.95373234952794257779170069012458073         8.59667428892715473139945496377600013E-0036
  -8.96628263009922448145279595664090836         6.86526199277180411320653319152668823E-0036
  -8.97874441708078204287979473437368777         5.48955446110000802327124570810356149E-0036
  -8.99111758747980878103272267070521907         4.39515559381925802348847584662454244E-0036
  -9.00340201917810810848915751804932539         3.52348475080268008610220805498606005E-0036
  -9.01559759093329858874343656901931333         2.82836408653613096596551382934835580E-0036
  -9.02770418238001054956390542361395939         2.27335246831548199663453123682907691E-0036
  -9.03972167403107404059811734473195084         1.82966055561607408335378245553977366E-0036
  -9.05164994727869812350132123658426936         1.47451870786292520078831271683113978E-0036
  -9.06348888439564148294912077651353432         1.18989806917299726641811949426768739E-0036
  -9.07523836853637434698084660005914198         9.61507377675007784021397709686959445E-0037
  -9.08689828373823170520595683640407999         7.78005244251052987168789325330745524E-0037
  -9.09846851492255781349166787005471437         6.30380980023499332314618545426697775E-0037
  -9.10994894789584197383601611707259779         5.11467400679890742828577903628804353E-0037
  -9.12133946935084557821666200162316765         4.15557074677000181041406988365020567E-0037
  -9.13263996686772040529196835115493951         3.38099732799541709780882288952185884E-0037
  -9.14385032891511815891721624520798702         2.75463420890882716469220319786538561E-0037
  -9.15497044485129123752526110162145985         2.24745766736678577124667058896980176E-0037
  -9.16600020492518472350747961164156702         1.83624686490054129293982548721424436E-0037
  -9.17693950027751958181751318793151121         1.50240161752875811229267627051204133E-0037
  -9.18778822294186705710707501150286216         1.23100519609077474468800356187130424E-0037
  -9.19854626584571425878995469882388948         1.01008056293155684094246227990844480E-0037
  -9.20921352281152092351732620147245024         8.29999474869043351568870918396367508E-0038
  -9.21978988855776734463453993931508238         6.83012518216776852752078715952528760E-0038
  -9.23027525869999345827675849491062704         5.62874913793539144419437475773844075E-0038
  -9.24066952975182907584807560124150005         4.64548245707313628799246985814712051E-0038
  -9.25097259912601525271613977554600686         3.83962444512715525170948452229786395E-0038
  -9.26118436513541678304178592653966149         3.17825640409200026137013806082443263E-0038
  -9.27130472699402581075075972726058555         2.63472088415873963109922585183355847E-0038
  -9.28133358481795654674229963675990120         2.18740405601275681758708468402676175E-0038
  -9.29127083962643108251711930551559921         1.81875968235769188952589999649942887E-0038
  -9.30111639334275629049520784544571397         1.51452586311699757618382811744865835E-0038
  -9.31087014879529180138183621844537496         1.26309576397892747536954428097493829E-0038
  -9.32053200971840904902822392923655120         1.05501147818341429025402943498434067E-0038
  -9.33010188075344137332148042982384572         8.82556460436132275107937432880953140E-0039
  -9.33957966744962517172668928388862065         7.39426958046951281641243796842749874E-0039
  -9.34896527626503209019234932899937123         6.20466821745110108727652834490469884E-0039
  -9.35825861456749224421882494062741381         5.21453222642538527002566286777427437E-0039
  -9.36745959063550846097798617178728742         4.38923302235560252526828552104335471E-0039
  -9.37656811365916153346083814192908772         3.70033772959449983469474555663941403E-0039
  -9.38558409374100647771864670386477814         3.12447073223285699220213473666013238E-0039
  -9.39450744189695978435186325250436326         2.64238946448492020300472988107283249E-0039
  -9.40333807005717765549003467763085223         2.23823324345850334957482695233206789E-0039
  -9.41207589106692521859485402761516390         1.89891202670337289834112279208305143E-0039
  -9.42072081868743670850756256376942425         1.61360844323948286123824104434971362E-0039
  -9.42927276759676660925105366702155920         1.37337162708054801302517772537798261E-0039
  -9.43773165339063174718625262999223287         1.17078553672395604783159425835628286E-0039
  -9.44609739258324432721165284776599124         9.99697779352977679125233996055742910E-0040
  -9.45436990260813590378427742825358119         8.54997638959991858555307263268181947E-0040
  -9.46254910181897227862980489581270878         7.32434164100024920820262975783429018E-0040
  -9.47063490949035931709914757670128408         6.28466907792914625640146504571424197E-0040
  -9.47862724581863967521840054815836486         5.40143312383091155779968521134836122E-0040
  -9.48652603192268042956878681983907005         4.64997862349314795847766463825655057E-0040
  -9.49433118984465160222300981159084068         4.00969041212870314996596591362921708E-0040
  -9.50204264255079557305428630900386965         3.46330867289603074935436213548420532E-0040
  -9.50966031393218737182427103089588641         2.99636381080413703862989563897195424E-0040
  -9.51718412880548584254609684324888768         2.59670941863090058045071295254874281E-0040
  -9.52461401291367567270884161371252647         2.25413584417125705495240698815325648E-0040
  -9.53194989292680028003989283050313563         1.96005006360119345923471838491915853E-0040
  -9.53919169644268554957191351951529581         1.70721016434173158403486546740685243E-0040
  -9.54633935198765441387141679316648718         1.48950485631094580942245208699178369E-0040
  -9.55339278901723226937633066265297562         1.30177015453919369858510550558553673E-0040
  -9.56035193791684322188037864994877512         1.13963678273935270076875106428016083E-0040
  -9.56721673000249715429261435438426622         9.99402996275135003222973736439752356E-0041
  -9.57398709752146760989102856767423370         8.77928462312597583003441160443077463E-0041
  -9.58066297365296048437979489683384940         7.72545603815226604591178952261284007E-0041
  -9.58724429250877352015043325187312256         6.80985444071826711600843282919528122E-0041
  -9.59373098913394659623794908919035010         6.01315505264420728465827269568127997E-0041
  -9.60012299950740280755384907624626645         5.31887738995267645469314638791355801E-0041
  -9.60642026054258032706883996181089518         4.71294815599662620800282503772263302E-0041
  -9.61262271008805504470898600162808619         4.18333386219398882152962694840581340E-0041
  -9.61873028692815397682013040391545661         3.71973168190015895225290967852575113E-0041
  -9.62474293078355944014647702427915706         3.31330899421513752438749127941747790E-0041
  -9.63066058231190398436037905634479963         2.95648368565276108315200031813416819E-0041
  -9.63648318310835607727159083306903968         2.64273860933436375723031128738480107E-0041
  -9.64221067570619653693550617410102520         2.36646470335832447189796751251050239E-0041
  -9.64784300357738570497123108593775476         2.12282818286720367696989753221908381E-0041
  -9.65338011113312135549171914262748492         1.90765797736361260257554393000738305E-0041
  -9.65882194372438733413963364353199934         1.71735021330111238168982033977929082E-0041
  -9.66416844764249292181409075872747574         1.54878706429410490882043039034053557E-0041
  -9.66941957011960291776498142903463474         1.39926772585307758950673454407032661E-0041
  -9.67457525932925843682316588292361392         1.26644963349436633091688831709957378E-0041
  -9.67963546438688841562648236262130502         1.14829834485856017074713962597268105E-0041
  -9.68460013535031182279321011213247657         1.04304475836955851891523769751922529E-0041
  -9.68946922322023056808637496554425785         9.49148551450803113262330212505719622E-0042
  -9.69424267994071310570408307939774535         8.65266897384569867620154216687266011E-0042
  -9.69892045839966872692291357207940812         7.90227667340022461797197024535922519E-0042
  -9.70350251242931253741329315963336122         7.23006447693994233227846808474159346E-0042
  -9.70798879680662111463771440418314430         6.62706806491636642675147209343001508E-0042
  -9.71237926725377884083464301088250046         6.08543330031394570370993639757388348E-0042
  -9.71667388043861490718298781414528809         5.59827023840678020041715488745005595E-0042
  -9.72087259397503098483407877555428073         5.15952734003973203581826387627283589E-0042
  -9.72497536642341955859021256560637032         4.76388296801232689957656775832359732E-0042
  -9.72898215729107291910098121018769022         4.40665168482628692439843428006061276E-0042
  -9.73289292703258280954079594084429205         4.08370324055918448822799100514616842E-0042
  -9.73670763705023072282325488557882199         3.79139245287550007787592658763248938E-0042
  -9.74042624969436884550027866372394739         3.52649844630913031343192597084226165E-0042
  -9.74404872826379164458625139369796140         3.28617194257838587910718806921854940E-0042
  -9.74757503700609809363975517504056225         3.06788948421126846172576562275065919E-0042
  -9.75100514111804453452787285459460432         2.86941363551454122730146457095279035E-0042
  -9.75433900674588817139045591922281846         2.68875834240040550077535102563545223E-0042
  -9.75757660098572119341421076185877236         2.52415874955464045326717050202433418E-0042
  -9.76071789188379552311894643148149203         2.37404487305347002666179186575162508E-0042
  -9.76376284843683818695084938793548878         2.23701861147401724196433968082386845E-0042
  -9.76671144059235730507020482623355830         2.11183365103516296389904573848251598E-0042
  -9.76956363924893869731356889860767082         1.99737788223984268939522189977909740E-0042
  -9.77231941625653310240301073233929386         1.89265799845889349664981273571128601E-0042
  -9.77497874441673400756768660323615183         1.79678599224533376156432145921514353E-0042
  -9.77754159748304608583568006417407913         1.70896730403315333101679595735798499E-0042
  -9.78000795016114423834674033076085875         1.62849041121810247802100509710152203E-0042
  -9.78237777810912323912927587700651840         1.55471767425417643272293118766808431E-0042
  -9.78465105793773797987771007774704890         1.48707728101909200290120433877209908E-0042
  -9.78682776721063431235907993606169589         1.42505615189110791005153442916812675E-0042
  -9.78890788444457048617055653740410351         1.36819368623590979145948794963328009E-0042
  -9.79089138910962917966238596175969170         1.31607624674932463119229236217790374E-0042
  -9.79277826162942012193359104474903089         1.26833229169972979750119551615112365E-0042
  -9.79456848338127330390063669190971265         1.22462807687027506383415552382059958E-0042
  -9.79626203669642277653214350089410584         1.18466385917741452722140381199607909E-0042
  -9.79785890486018103443563531730868516         1.14817054276247897605858122159160837E-0042
  -9.79935907211210398307522512449863321         1.11490671600840160109547991710600330E-0042
  -9.80076252364614648799207942867803508         1.08465603458800383699716789409818748E-0042
  -9.80206924561080850449245313118293523         1.05722491144383443514088261240208247E-0042
  -9.80327922510927178636105386188477804         1.03244047965294557504858529379828526E-0042
  -9.80439245019952717225047596439857994         1.01014879854680669463367464756310499E-0042
  -9.80540890989449244849043885696668985         9.90213277326060565394876415117008824E-0043
  -9.80632859416212078715357142497658421         9.72513293809067889336990059892536152E-0043
  -9.80715149392549975830750251403889953         9.56942988948840311140152298976252747E-0043
  -9.80787760106294091547604656835583769         9.43410220402889437245433008410196110E-0043
  -9.80850690840805995342531207959146039         9.31835660795111865767828975326278634E-0043
  -9.80903940974984743748360785836092974         9.22152028412157565964920546947988185E-0043
  -9.80947509983273010369707729544537610         9.14303439967533732502240007372796576E-0043
  -9.80981397435662272921605282449625126         9.08244876779253710935258950409171674E-0043
  -9.81005602997697057240019081383274653         9.03941757271708995442601226111389022E-0043
  -9.81020126430478238222352018341447562         9.01369610157122330178409226901344641E-0043
  -9.81024967590665397665361524559550042         9.00513844001459924331440032672745629E-0043
