   9.81024967590665397665361524559557438         2.61939371212193010939066466890019883E-0017
   9.81020126430478238599785193480758503         2.62133453008610424031975718098327111E-0017
   9.81005602997697057994881706548826813         2.62716550286555020704051367242852574E-0017
   9.80981397435662274053889907452058163         2.63691224861954513172533652195544359E-0017
   9.80947509983273011879403179191724706         2.65061766988823971698148914523589748E-0017
   9.80903940974984745635452160043434837         2.66834226415793754605416556224734027E-0017
   9.80850690840805997606999881896628908         2.69016456298697126559874396289927236E-0017
   9.80787760106294094189428281111598639         2.71618170409241176348869070410620733E-0017
   9.80715149392549978849902752285812723         2.74651014215010999471918473076570776E-0017
   9.80632859416212082111808722169186334         2.78128650548611187562034192526752485E-0017
   9.80540890989449248622761022551913984         2.82066860735484015841634150487676911E-0017
   9.80439245019952721375993045414190364         2.86483662212855190301494461227171156E-0017
   9.80327922510927183164238179126120869         2.91399443848513251543065884731351086E-0017
   9.80206924561080855354520759176662008         2.96837120360102770988664802556712875E-0017
   9.80076252364614654081577628958584481         3.02822307445925097471351414240503230E-0017
   9.79935907211210403966934303716834176         3.09383519469802947707031511292481025E-0017
   9.79785890486018109479961572064446291         3.16552391798622541493918597012541791E-0017
   9.79626203669642284066539062677929835         3.24363930175356117721409368899995331E-0017
   9.79456848338127337180251757108682500         3.32856789826777787735629499819953579E-0017
   9.79277826162942019360343551306688357         3.42073587358328384607345558569758541E-0017
   9.79089138910962925509948666678767112         3.52061248883873933090453793338969914E-0017
   9.78890788444457056537416894541343767         3.62871398281344506067665233236777823E-0017
   9.78682776721063439532842233937371380         3.74560789963140050517802817741438019E-0017
   9.78465105793773806661196360244830489         3.87191791110369049153744190628891234E-0017
   9.78237777810912332962758449103075997         4.00832918951121186950367954394761473E-0017
   9.78000795016114433260821085233771140         4.15559439374955921831156518113559218E-0017
   9.77754159748304618385938217064438832         4.31454033979899263426331730899829846E-0017
   9.77497874441673410935265284023389705         4.48607543557369934804594921365944711E-0017
   9.77231941625653320794823652333996881         4.67119797049338620633893650593254220E-0017
   9.76956363924893880661801255484304927         4.87100536177520948725291155833968960E-0017
   9.76671144059235741813278755697274420         5.08670447265825017663386127490973140E-0017
   9.76376284843683830377045531113213956         5.31962313276747324777283909770989603E-0017
   9.76071789188379564369442258478712724         5.57122300785318628530636514494343597E-0017
   9.75757660098572131774436711400205063         5.84311398549676707913451859797012366E-0017
   9.75433900674588829947406538175465795         6.13707026538848930890411450931505768E-0017
   9.75100514111804466636367129399905575         6.45504836784326797921289681206348360E-0017
   9.74757503700609822922644142521129279         6.79920730276747508176842204185684805E-0017
   9.74404872826379178392248726878023995         7.17193117383384380545917017000443118E-0017
   9.74042624969436898858468897132200193         7.57585452974836884033525731309902553E-0017
   9.73670763705023086965442744032843184         8.01389081687896133491481051982965043E-0017
   9.73289292703258296011728157835048243         8.48926433593998907999935678456475500E-0017
   9.72898215729107307342129380132740605         9.00554616078937925009345714131498075E-0017
   9.72497536642341971665282903119596579         9.56669454073461158471585726662432123E-0017
   9.72087259397503114663743910138170138         1.01771003802612319998202690744718041E-0016
   9.71667388043861507272549506636677912         1.08416384731806799072496178799299106E-0016
   9.71237926725377901011466335178369324         1.15657252634494921262701767587855392E-0016
   9.70798879680662128765357710830438706         1.23553840141990482079378537743393799E-0016
   9.70350251242931271416329063025908907         1.32173183919885516164747400992771644E-0016
   9.69892045839966890740530135809145061         1.41589956174517198689343474654879117E-0016
   9.69424267994071328991707989249233898         1.51887404992472630471427529466536348E-0016
   9.68946922322023075602816269781265416         1.63158418589081266031729911795600309E-0016
   9.68460013535031201446193385400492693         1.75506730737214034622048641702933868E-0016
   9.67963546438688861102025042117427276         1.89048287177004428183314001229671932E-0016
   9.67457525932925863594004980055001655         2.03912795723137863591676988512322936E-0016
   9.66941957011960312060301600247694060         2.20245486150575866919436884704289295E-0016
   9.66416844764249312837127405847347487         2.38209109823552841277440556473909176E-0016
   9.65882194372438754441392703357303276         2.57986213519789256034986453744275348E-0016
   9.65338011113312156948104730057895525         2.79781727089325983171139631369964951E-0016
   9.64784300357738592267348202352173167         3.03825910588622882847592101986713588E-0016
   9.64221067570619675834853125799071001         3.30377713477988754986776704106535755E-0016
   9.63648318310835630239320480609490728         3.59728606518686865130385656375193931E-0016
   9.63066058231190421318836005906220967         3.92206956335970845221364274481228671E-0016
   9.62474293078355967267856661689720648         4.28183023437282088404646486372029407E-0016
   9.61873028692815421305403358858686697         4.68074677038314519892069020728353466E-0016
   9.61262271008805528464237124509991015         5.12353934643365587923061831265787667E-0016
   9.60642026054258057069933921843580633         5.61554451289830260097147880563266519E-0016
   9.60012299950740305487905781135421531         6.16280103097873446721894708156908141E-0016
   9.59373098913394684725542630282034435         6.77214832732151712090134694875620172E-0016
   9.58724429250877377485770150286492049         7.45133951131019149259026981400555757E-0016
   9.58066297365296074277434032727929679         8.20917121033661275063743800831563802E-0016
   9.57398709752146787197030092772802866         9.05563284193554549636554617595729022E-0016
   9.56721673000249742005402702743390215         1.00020783659711470686175960806397063E-0015
   9.56035193791684349132130867814338925         1.10614240555602737030253712642284324E-0015
   9.55339278901723254249411877279089352         1.22483764044274358451862657391788902E-0015
   9.54633935198765469066336742294117358         1.35796949654243565591687961789632107E-0015
   9.53919169644268583003529484411946675         1.50744957071208113595636265390700379E-0015
   9.53194989292680056417193678959076235         1.67546014028574434178078266558524339E-0015
   9.52461401291367596050674393871848136         1.86449466532510141586069360798263384E-0015
   9.51718412880548613400701708506593812         2.07740464169634776602135228140868981E-0015
   9.50966031393218766694533258790877601         2.31745384187889050697823418915014238E-0015
   9.50204264255079587183257645548022500         2.58838115580176686485078737416546982E-0015
   9.49433118984465190465557972642859086         2.89447345000113698504635751119404546E-0015
   9.48652603192268073565265161567012468         3.24065010548736517713145388959113163E-0015
   9.47862724581863998495053930080824248         3.63256117940360774058271801225629144E-0015
   9.47063490949035963047650335500442284         4.07670147054927496451469424208751342E-0015
   9.46254910181897259564928479178312969         4.58054316325645430554938727124007279E-0015
   9.45436990260813622444275258761065433         5.15269018876554831609223360101900047E-0015
   9.44609739258324465150595850081495672         5.80305799098459194048914008414626440E-0015
   9.43773165339063207511318812285920230         6.54308302957156002151639313487187235E-0015
   9.42927276759676694080738249324267873         7.38596711574491488974536115339664128E-0015
   9.42072081868743704369001239623388178         8.34696257660379710751670303342790038E-0015
   9.41207589106692555740011675086174619         9.44370530758267586847737259627697412E-0015
   9.40333807005717799791476642049769599         1.06966040303716929166980267881866690E-0014
   9.39450744189696013039268442113162441         1.21292955613713454564607406241039909E-0014
   9.38558409374100682737214201504985105         1.37691776565754554657691565900515960E-0014
   9.37656811365916188672355665683407854         1.56480330839715692414538590453860026E-0014
   9.36745959063550881784644132999838568         1.78027610452196499977944314869786005E-0014
   9.35825861456749260468949459456582940         2.02762349973648506302292260838391926E-0014
   9.34896527626503245426167577868351938         2.31183093995395965705670298512149507E-0014
   9.33957966744962553939107931204717133         2.63870020326798632101166915944472566E-0014
   9.33010188075344174457730533735934465         3.01498834359668347689666671809359601E-0014
   9.32053200971840942387181957103919651         3.44857108197882400428995530683581805E-0014
   9.31087014879529217980950303955666597         3.94863507280494172173290659366976119E-0014
   9.30111639334275667250321091757155768         4.52590429436743463780804516804545000E-0014
   9.29127083962643146810168836388854159         5.19290679124395602426068745069290437E-0014
   9.28133358481795693589962911735012448         5.96428916036946709445701092919335269E-0014
   9.27130472699402620347700880433528611         6.85718755932059724015159722208651568E-0014
   9.26118436513541717933307855057044794         7.89166566756605694230392910212173258E-0014
   9.25097259912601565256856471146395005         9.09123200100390324840278727079408333E-0014
   9.24066952975182947925768646703943446         1.04834513290357175093681117126991647E-0013
   9.23027525869999386523957380059235673         1.21006677460502306741668472916030609E-0013
   9.21978988855776775514654312619107568         1.39808602946136887737576337545776156E-0013
   9.20921352281152133757446568180165333         1.61686560327525164727714494747820159E-0013
   9.19854626584571467638814389580125976         1.87165302106575816418932437634262184E-0013
   9.18778822294186747824219239959223628         2.16862289267681661214412335025030917E-0013
   9.17693950027752000648540233354339178         2.51504564541592032227966309833321439E-0013
   9.16600020492518515170394921415545040         2.91948775871730592008986991222791106E-0013
   9.15497044485129166924608503475227846         3.39204951216034293292468059562216356E-0013
   9.14385032891511859415813359871626833         3.94464742693840834629659991736005430E-0013
   9.13263996686772084404868347290026915         4.59134998051292175324813460517688687E-0013
   9.12133946935084602048484453996054650         5.34877685091638794285899270529189535E-0013
   9.10994894789584241961130106359126186         6.23657395655321844238785622999994017E-0013
   9.09846851492255826276965560265900440         7.27797896621281881369656647597356543E-0013
   9.08689828373823215798221316273593715         8.50049484273957599434993147854081155E-0013
   9.07523836853637480325090280126179360         9.93669244911300761986231830840720131E-0013
   9.06348888439564194270847365133594911         1.16251674039642225395437211397234959E-0012
   9.05164994727869858674543314582593048         1.36116813648776627393353139665112950E-0012
   9.03972167403107450732241625602753109         1.59505239108418961051893028384414924E-0012
   9.02770418238001101976378495655742376         1.87061383929738043936586517328133307E-0012
   9.01559759093329906241425604062704222         2.19550637696723855213270293658117754E-0012
   9.00340201917810858562624198856178248         2.57882548331713391672627802646031174E-0012
   8.99111758747980926163136298972671075         3.03138557238116131217775558272967284E-0012
   8.97874441708078252693524758734978894         3.56605166436279356402597508909228082E-0012
   8.96628263009922496896028391167305077         4.19813617369638660191687702268588158E-0012
   8.95373234952794306874641224512138324         4.94587378232596758203444321299164268E-0012
   8.94109369923313931160536188061006160         5.83098997935808537262645554518654226E-0012
   8.92836680395318967770893004871886407         6.87938199189240330618119265577448280E-0012
   8.91555178929741252467697726040393368         8.12193461507849066629847849891189136E-0012
   8.90264878174482887431577089952723555         9.59549800316959026698087528866994919E-0012
   8.88965790864291411574214646526137911         1.13440599652871988198618674987270640E-0011
   8.87657929820634113721367267106204833         1.34201519098959388122942650717819656E-0011
   8.86341307951571489906960181827094753         1.58865355297611114245745327612221041E-0011
   8.85015938251629846027185964359807512         1.88182268905919859969382275971030137E-0011
   8.83681833801673047111967835702130167         2.23049261144962649486344511513719766E-0011
   8.82339007768773414479570200753788749         2.64539347348864675051868589297265154E-0011
   8.80987473406081772048549380743576489         3.13936595259232490509189107871479987E-0011
   8.79627244052696643089634978128430199         3.72778217593334355567099539371880788E-0011
   8.78258333133532598708517125487812674         4.42905151161466545452334095090882618E-0011
   8.76880754159187759358886943435589900         5.26522847257849279432809135357159939E-0011
   8.75494520725810450693436782036906671         6.26274350380729805223594686939147130E-0011
   8.74099646514965015068873163146916106         7.45328166811443394103145429960795667E-0011
   8.72696145293496780029328695106603083         8.87483935961282286522402954583327859E-0011
   8.71284030913396185100879514091489248         1.05729953345052774151386300584277454E-0010
   8.69863317311662068238181935993909596         1.26024397700516846072914057119469999E-0010
   8.68434018510164113272535897040776967         1.50288140018130622239813446548851497E-0010
   8.66996148615504459718963338548919800         1.79309243561724132814833347712019169E-0010
   8.65549721818878476308156869573233942         2.14034064620584914711283614944710896E-0010
   8.64094752395934699617407739115316469         2.55599320404562566080594819796310529E-0010
   8.62631254706633939182862285571289449         3.05370689707869584179122991497483912E-0010
   8.61159243195107550483682523880347161         3.64989280661332128500950382527669299E-0010
   8.59678732389514877196899299198021349         4.36427572311375280691861197020674246E-0010
   8.58189736901899864129945398803535277         5.22056764595873531909351849770818602E-0010
   8.56692271428046842246041090438465734         6.24727865721943473481128586982815598E-0010
   8.55186350747335487205775664580850141         7.47869320412366813008397715445332052E-0010
   8.53671989722594952856385619639296847         8.95604553071548896222044287983267322E-0010
   8.52149203299957181108373062198714260         1.07289348591980906124818246056233985E-0009
   8.50618006508709389647236618895458736         1.28570291666510596106077112923096172E-0009
   8.49078414461145738936201592017824912         1.54121163099119984959422804918316782E-0009
   8.47530442352418179973936157431637472         1.84805731514699417655035592065069992E-0009
   8.45974105460386484279326020975870670         2.21663376281465304633160718512479371E-0009
   8.44409419145467457583451038257949529         2.65944858553143295877560551972964079E-0009
   8.42836398850483338716963783144268664         3.19155369375657356743736365732518933E-0009
   8.41255060100509385189111842674308494         3.83106328366373057772224281954837666E-0009
   8.39665418502720646962672641257285565         4.59977702335426470667477476161288853E-0009
   8.38067489746237929937081775615034355         5.52392967731329647110362689716077449E-0009
   8.36461289601972950660033094936838521         6.63509265375963285323187770950823154E-0009
   8.34846833922472683795811009181522087         7.97125804195193679098946205922609579E-0009
   8.33224138641762903886582673617733634         9.57814178705700175348408833968979022E-0009
   8.31593219775190922950829700902283977         1.15107499207618930908542408251988259E-0008
   8.29954093419267525471035814775580360         1.38352604541607431609088179789400013E-0008
   8.28306775751508102330668303469991917         1.66312839155826159816771281880624663E-0008
   8.26651283030272985268397177999926163         1.99945778997583775838576081586424224E-0008
   8.24987631594606983425386512601994783         2.40403057644406490501291721345376785E-0008
   8.23315837864078123569367463843160398         2.89069472134965732383828486669897912E-0008
   8.21635918338615595587061853590888487         3.47609894695166006700474102105739757E-0008
   8.19947889598346904844368881573123359         4.18025526865977615859869666696132647E-0008
   8.18251768303434233021555428233378770         5.02721329181972994107182472251407060E-0008
   8.16547571193910009038502440749228233         6.04586811979023443203670448535698950E-0008
   8.14835315089511691692855987329393537         7.27092791251063113559769449956335977E-0008
   8.13115016889515765641711640291181940         8.74407209603294557913823129037993566E-0008
   8.11386693572570952365224830160000313         1.05153371016731667958369587020502986E-0007
   8.09650362196530637758287624498726669         1.26447734710924428724946785407167567E-0007
   8.07906039898284518004143949899059034         1.52044263905066396387480474004400303E-0007
   8.06153743893589465391530517242185818         1.82807014344529223342897684192183205E-0007
   8.04393491476899615744629552815883259         2.19771887642927030321068092956403851E-0007
   8.02625300021195679142801805175008137         2.64180325374609518806639132043197662E-0007
   8.00849186977813475614734113930428505         3.17519481862882234188069519538147232E-0007
   7.99065169876271697499285016289221362         3.81570089199390585369677407107343273E-0007
   7.97273266324098900172944354652050546         4.58463447509582014358622816827221754E-0007
   7.95473494006659722851438558572448382         5.50749230800188070043740367132654273E-0007
   7.93665870686980341180612131733273027         6.61476099982229867640442828652002335E-0007
   7.91850414205573153339297804300257664         7.94287466835694254788791570041717744E-0007
   7.90027142480260701384452738240712114         9.53535163737535333509861936224496701E-0007
   7.88196073505998829576386023284301877         1.14441425298306419420462256331268646E-0006
   7.86357225354699081429433399658200363         1.37312276678386841815232501624323682E-0006
   7.84510616175050337240948616225802919         1.64705081616117517011321811434440345E-0006
   7.82656264192339693858977005041699658         1.97500425708383162657153866374077910E-0006
   7.80794187708272588456455651621500343         2.36746897003806342109359833388356110E-0006
   7.78924405100792168087245890600700496         2.83692281120059534622173493291404364E-0006
   7.77046934823897906806747685281525068         3.39820344779716093805973835631587589E-0006
   7.75161795407463472147271683373035482         4.06894161728575376679083079411826366E-0006
   7.73269005457053842745753306723766892         4.87007087194772687012844835686538148E-0006
   7.71368583653741678928784056908264919         5.82642661160267244279279610489803458E-0006
   7.69460548753922948067308228214635011         6.96744919384989986656250825469869502E-0006
   7.67544919589131806520688342120991639         8.32800817184688403468182298089622635E-0006
   7.65621715065854739997179780152396325         9.94936727439309598616411869750983432E-0006
   7.63690954165343964165174222661682360         1.18803126438520823902806333967107624E-0005
   7.61752655943430087356872527340600885         1.41784701173371214867053247079628837E-0005
   7.59806839530334037213330531083814154         1.69118410094810791050077470649110661E-0005
   7.57853524130478253127085860318622662         2.01605899649399610747842269775541641E-0005
   7.55892729022297146345820116379247359         2.40191230286091234629446510203167757E-0005
   7.53924473558046829607738692428137854         2.85984991623804412024978577659391147E-0005
   7.51948777163614118186559905471778491         3.40292240466144528388169506855526793E-0005
   7.49965659338324804231196020030684222         4.04644811644201775955044782017558068E-0005
   7.47975139654751206292381028031504011         4.80838618917293677980079179109502201E-0005
   7.45977237758518995935653661705800333         5.70976636100002370789818703287080222E-0005
   7.43971973368113303347238982101877309         6.77518327114587080173973099290273810E-0005
   7.41959366274684103846487934824747605         8.03336377517649569880142954919722984E-0005
   7.39939436341850887225631426582421195         9.51781668724391511867597108238917449E-0005
   7.37912203505506611844683680988057754         1.12675752888489596846785397656617514E-0004
   7.35877687773620945416388809988105243         1.33280439005301956204191023817831132E-0004
   7.33835909226042794423144618585134805         1.57519607842686894714146282590636616E-0004
   7.31786888014302124114858575717894103         1.86004906105073886786862227196045573E-0004
   7.29730644361411071043692563956563537         2.19444606591182842093600265352051282E-0004
   7.27667198561664350098635395964536203         2.58657557965017223282770030700446731E-0004
   7.25596570980438958009805087556044863         3.04588880418841881955930696511834827E-0004
   7.23518782053993175299326436919598907         3.58327571569138300319946780126097125E-0004
   7.21433852289264868662553508650349862         4.21126191064218503113103880713236671E-0004
   7.19341802263669095770311091302595990         4.94422793767354849222386721404187038E-0004
   7.17242652624895014489714020092340907         5.79865279216432175145719440908064097E-0004
   7.15136424090702098527988364198712846         6.79338318430129467002330203020115124E-0004
   7.13023137448715661510563803076283016         7.94993006979386401792536730746037091E-0004
   7.10902813556221691511531990737309131         9.29279374382312459635346092816231893E-0004
   7.08775473339960998061371263728985906         1.08498185298295925948411480946683198E-0003
   7.06641137795922673663623620347816541         1.26525777307568345314106112790075196E-0003
   7.04499827989136871858975418530368872         1.47367890354566379693852749514121703E-0003
   7.02351565053466903881938641064002800         1.71427599700869437488494861724058450E-0003
   7.00196370191400655962054792698259835         1.99158622355762597451658622909934151E-0003
   6.98034264673841329328248458032326758         2.31070328591298287750051401107875234E-0003
   6.95865269839897504981642195531032119         2.67732989917850185458867402948897125E-0003
   6.93689407096672535308808705706450192         3.09783218871956390491981605291611228E-0003
   6.91506697919053264614080024620775966         3.57929540824530068802091161413145770E-0003
   6.89317163849498080656156791846963383         4.12958020554047151564381920723126834E-0003
   6.87120826497824299280863359497390101         4.75737846435737254454754549458333035E-0003
   6.84917707540994884248476580731383995         5.47226752711159981645226326350792890E-0003
   6.82707828722904504360617477317421368         6.28476135422931230132221838006238887E-0003
   6.80491211854164929998235571597203322         7.20635690307644084620660369059033755E-0003
   6.78267878811889771188735414023683206         8.24957371417655770125269390071852052E-0003
   6.76037851539478559326793678976213355         9.42798437793035521990978046471610266E-0003
   6.73801152046400174679893074652342472         1.07562332257752376930578517046979413E-0002
   6.71557802407975621816056153563446126         1.22500402518507027626328814441664113E-0002
   6.69307824765160155097697854793898116         1.39261869328810203537900068834862893E-0002
   6.67051241324324756391930194202681746         1.58024802854366722783872496516088965E-0002
   6.64788074357036967154045880842843787         1.78976911936570506138706920117994538E-0002
   6.62518346199841077047279713948101562         2.02314627721346351626758662912735803E-0002
   6.60242079254037671268297341997401355         2.28241843158825503336795319760581418E-0002
   6.57959295985462538754190280938195428         2.56968262527696556052786853561582050E-0002
   6.55670018924264943453063930159849782         2.88707314768245008589533279044547692E-0002
   6.53374270664685260846591630004077464         3.23673585291963615404190500810798113E-0002
   6.51072073864831981919172511436317170         3.62079723353021621398885328903840279E-0002
   6.48763451246458086774573935150405401         4.04132786314213238963693178053091618E-0002
   6.46448425594736790107160642222392745         4.50029988522939890606904879468021207E-0002
   6.44127019758036660741012280065946450         4.99953831336625286240468781287940185E-0002
   6.41799256647696117456408664684501688         5.54066602394382501418574022564521625E-0002
   6.39465159237797303329317932092790438         6.12504246787700001449800164281117939E-0002
   6.37124750564939340815656557537410434         6.75369630556683764194118917679967554E-0002
   6.34778053728010969818202020244309138         7.42725238082842959940476738642947336E-0002
   6.32425091887962570980128603539472459         8.14585369527536035501833663969994996E-0002
   6.30065888267577576455204385224699210         8.90907932424462257371951599863142117E-0002
   6.27700466151243270410732831158729157         9.71585952679579424968061796800994030E-0002
   6.25328848884720981525345496429893193        0.105643896419615135894383795779051280      
   6.22951059874915669749753103864416143        0.114520447256113747234420850266563775      
   6.20567122589644909604540649669383593        0.123752972591201853640423057362691376      
   6.18177060557407272295048121756981975        0.133296406421358660985762646942259704      
   6.15780897367150108929311848954263915        0.143095215541171587303568259963411160      
   6.13378656668036737130952370309789050        0.153082846172285650679493624877893957      
   6.10970362169213033344782964727133153        0.163181330982077087811440439805802785      
   6.08556037639573433138778554070783714        0.173301096279758053973727766875057757      
   6.06135706907526341811887529811519158        0.183341010718247218968962876466434487      
   6.03709393860758957622989096539549056        0.193188717250262825899430388704441894      
   6.01277122446001509962095917833005125        0.202721289126855635075409576171582440      
   5.98838916668790914790676133810867489        0.211806248125244451131841741484219616      
   5.96394800593233849683720138233239691        0.220302978700441869974350050449223185      
   5.93944798341769250811905799474851096        0.228064565146824564071557563245240777      
   5.91488934094930234207921027553805970        0.234940069947881141942296813806179829      
   5.89027232091105443666684672338699022        0.240777260160799609648361471732945703      
   5.86559716626299827634865630003433558        0.245425774882524080649712894382096222      
   5.84086412053894847450735679899413629        0.248740710630252347436265852005089353      
   5.81607342784408119301003916647707522        0.250586583016724854369079556399122222      
   5.79122533285252492266869627027727786        0.250841602722360956902588423284077622      
   5.76632008080494564837096032992936672        0.249402181930286384221434439236955793      
   5.74135791750612642271449425948094798        0.246187564730897921905591729921571833      
   5.71633908932254137203366798578326223        0.241144452326195309598954646457259128      
   5.69126384317992415876210084561582984        0.234251472146905587833624985202260914      
   5.66613242656083092412936489189494023        0.225523320371742253874677898641218011      
   5.64094508750219773524462081266848906        0.215014391077354892365114174325240471      
   5.61570207459289256067419764890593887        0.202821693718463239832632646456117983      
   5.59040363697126179867412905293062608        0.189086855259497127533565509026878662      
   5.56505002432267138229242192573830139        0.173997005458339412339867274529006459      
   5.53964148687704248560935737778107941        0.157784354857154288357167193637291910      
   5.51417827540638185543740854580808460        0.140724296105315692538095058574155126      
   5.48866064122230679285540434214603156        0.123131891190892367997956379225594374      
   5.46308883617356480900437218884633041        0.105356650477617254924122212184869546      
   5.43746311264354797962505567626615535         8.77755641391158410410117300472901517E-0002
   5.41178372354780202286942436511487769         7.07844120757466574591155569118203853E-0002
   5.38605092233153012497057210639431591         5.47874534490535740711342756934195160E-0002
   5.36026496296709153840723677099125036         4.01856795996715014376372379752722675E-0002
   5.33442609995149497725076764833802054         2.73639015838088056391893485996463725E-0002
   5.30853458830388683443371648233612631         1.66770323630808154817094061574369817E-0002
   5.28259068356303424573033365583765186         8.43600958810362987201368982931956532E-0003
   5.25659464178480302529011190800891107         2.89388308955108131679696462423306456E-0003
   5.23054671953963049761613566988381263         2.32656339741369649623504301006267077E-0004
   5.20444717390999325093036413279436855         5.51517749454227078838125101266582054E-0004
   5.17829626248786983691810002501082500         3.85712024243090593370250574648669390E-0003
   5.15209424337219844189377326913166147         1.00565610080707241673054182275565570E-0002
   5.12584137516632955447979873426650324         1.89536733303788906166596163663427162E-0002
   5.09953791697547365493964969302428918         3.02491657427395451326244832428460431E-0002
   5.07318412840414395135542285637052327         4.35450288379804080545176825824839177E-0002
   5.04678026955359418788905650461578775         5.83534771881199479861615066229465918E-0002
   5.02032660101925155041499977766133356         7.41105055867788317590369558916823873E-0002
   4.99382338388814469486051815213340297         9.01939203240406509939059826540262948E-0002
   4.96727087973632692363795703962617769        0.105945465183299547999651349318347876      
   4.94066935062629453560117181385209756        0.120696408669634863775490618122711901      
   4.91401905910440037500596794244847803        0.133795706402022196755954739025310359      
   4.88732026819826260500177879136919338        0.144639615387598027909619414018513550      
   4.86057324141416873122894061853956351        0.152701431186478497623786713074719477      
   4.83377824273447490114280381359841322        0.157559861469848152470763638622155675      
   4.80693553661500050473254610941129966        0.158924456422259325308312095745489638      
   4.78004538798241810234892682842671239        0.156656502487192428657061813714588390      
   4.75310806223163870540134077517661726        0.150783862899973225336257310824252300      
   4.72612382522319243573039569011265571        0.141508423982863306295051999809537641      
   4.69909294328060458950784778684755828        0.129205082690274816636212949418163840      
   4.67201568318776713156108535457973835        0.114411584486631595757434322527183228      
   4.64489231218630564606445027237733086         9.78089803966045104524868513477649790E-0002
   4.61772309797294176958453110696888805         8.01929997216140345385626183521705900E-0002
   4.59050830869685113251114880814089035         6.24372050112005581397301064559781186E-0002
   4.56324821295701683495008643571825789         4.54493764800768692161090268826739575E-0002
   4.53594307979957848319768741187973687         3.01231270751824663687693072910538199E-0002
   4.50859317871517681296126205725206072         1.72872364755362372884120868652801672E-0002
   4.48119877963629392553279920639624811         7.65557131892665933521483783272673928E-0003
   4.45376015293458916316677807805585799         1.78069088836223717219350916760831051E-0003
   4.42627756941823064995591487054300233         1.42886837917784653326033520904300312E-0005
   4.39875130032922252454145833811284976         2.47746569389290092719979226021366352E-0003
   4.37118161734072789103716845790222772         9.04345744327817196206826229322334681E-0003
   4.34356879255438751458837179932869749         1.93348450900239524979816978557006171E-0002
   4.31591309849763428802948594167915652         3.27364883650052288584333938731500252E-0002
   4.28821480812100349614514283645084752         4.84244595618325152685525267966507483E-0002
   4.26047419479543890408151696691005994         6.54101845317857551291517955289882888E-0002
   4.23269153230959469649567810895365513         8.25978751986022638130137559974739114E-0002
   4.20486709486713329407174003793094170         9.88522467524355952327239617620772231E-0002
   4.17700115708401907407326525143305078        0.113072536745562823213324025763259964      
   4.14909399398580802164181128660264578        0.124268069224617978744303628255852254      
   4.12114588100493333859166610327501553        0.131630115425494402782536634578018433      
   4.09315709397798703649071788485070980        0.134594660901199956204415789688125703      
   4.06512790914299754085703808344388947        0.132890944326451417025892736487167492      
   4.03705860313670333334012521338312781        0.126571305837859617178501072578185751      
   4.00894945299182265879486038900949329        0.116018960965557432129530114555303243      
   3.98080073613431932419506352298474973        0.101931753568806829143698034368018159      
   3.95261273038066461637211106667583610         8.52816563046793791248469685240337788E-0002
   3.92438571393509536560238180393060676         6.72516665115116194039361529756119840E-0002
   3.89611996538686818210533612564319410         4.91536494136846939132431518913493400E-0002
   3.86781576370750989255180603949639901         3.23324528420122705283584092911772686E-0002
   3.83947338824806420371957753437062304         1.80630968307876311479568469641435176E-0002
   3.81109311873633462047058345197104958         7.44887493510935702869295373720296551E-0003
   3.78267523527412364526099335173756044         1.32866284226819015258542260599706984E-0003
   3.75422001833446828643218662420259410         2.01522532638200993272753982228352926E-0004
   3.72572774875887190256702595043913893         4.17577581977155282613183819184838392E-0003
   3.69719870775453241023200976153624485         1.29481179672770129550052723757878075E-0002
   3.66863317689156688246177426525329903         2.58161327796921746544875723158429834E-0002
   3.64003143810023256537803752289774584         4.17249008778108636319379121048471757E-0002
   3.61139377366814434037042962647031760         5.93454647555039951516413958115122528E-0002
   3.58272046623748865930173389532128729         7.71799725162456668471466022001116287E-0002
   3.55401179880223398023487383672685805         9.36856356675069265637925348163209234E-0002
   3.52526805470533773121351905236756704        0.107407474296065189201701105598908252      
   3.49648951763594982966244998179018260        0.117108429154533999656398993999929692      
   3.46767647162661278500781601636220225        0.121884986680582402558664884416142561      
   3.43882920105045841215114375747065148        0.121257106079718305593118111263818347      
   3.40994799061840118346440169794921634        0.115222979171375417811005701150055976      
   3.38103312537632824700660404580689772        0.104271909896909685635106966474769463      
   3.35208489070228613869533945683925090         8.93521801843474750355593052610943576E-0002
   3.32310357230366421619923977289000791         7.17948833617160285332819657324043694E-0002
   3.29408945621437484234975915335823859         5.31989891616672027388730163401898550E-0002
   3.26504282879203034590271491968047583         3.52869422856677167169374394333877496E-0002
   3.23596397671511678751184768933260919         1.97434677263240168157856298022190021E-0002
   3.20685318698016455880818964347784099         8.05257339144767632474943332888257187E-0003
   3.17771074689891584251028573953384387         1.34869494926068571905392848091055806E-0003
   3.14853694409548896152129303816057238         2.97327536831308434131020348484810564E-0004
   3.11933206650353964499968775771637993         5.01829009155268463495136326606398993E-0003
   3.09009640236341923942073789505371921         1.50610914880209263818418103527824122E-0002
   3.06083024021932989267605095931244113         2.94369998810250352791261671677412143E-0002
   3.03153386891647673928838125753336618         4.67067923612717666024455709001668478E-0002
   3.00220757759821711484847895260431462         6.51173288298418643686387621245795255E-0002
   2.97285165570320682781008349314683631         8.27746614809636075053940139628354197E-0002
   2.94346639296254351680820670207443958         9.78369687488142976969647747013926333E-0002
   2.91405207939690712169461551906226477        0.108707731444197480367747480477002039      
   2.88460900531369749651291083816810936        0.114208656993880978529510425689106236      
   2.85513746130416919266380678418555852        0.113713123668972602714347122150203969      
   2.82563773824056344053914385159122835        0.107224350595873762216419511451280426      
   2.79611012727323735793081931252096932         9.53878472281659931264113680562470111E-0002
   2.76655491982779041354818891218016781         7.94344709548066025763445831472787131E-0002
   2.73697240760218817400458484132416826         6.10579430339354869679737662558794087E-0002
   2.70736288256388336266040603855924589         4.22381316597761980012221453674351373E-0002
   2.67772663694693425873676776559830603         2.50279535438424666688165118691661504E-0002
   2.64806396324912046513994785440922326         1.13265717758309112692283196895666230E-0002
   2.61837515422905607346283678733617320         2.66402849412466439526599447205405393E-0003
   2.58866050290330025465528758344429662         2.21342674093754964629053225375214856E-0005
   2.55892030254346530388066907299747397         3.71323269213837353876133006409538844E-0003
   2.52915484667332216810105229636490341         1.33325944490690723942134883626144283E-0002
   2.49936442906590348495830421577971798         2.77922256257021359876304066552734789E-0002
   2.46954934374060416154292543303715144         4.54346398468393351835654225903270669E-0002
   2.43970988496027952166674892099899098         6.42156815483381362897905101421132288E-0002
   2.40984634722834105027961466202809068         8.19369225474514783781842529921306317E-0002
   2.37995902528584976369385030536234540         9.65015622597197609897101843930433834E-0002
   2.35004821410860723430382027389190759        0.106164036654282291438689269737680043      
   2.32011420890424429851095493755922641        0.109743270787942759414921369722782939      
   2.29015730510930747658753729718540466        0.106772887212025387825659875648492887      
   2.26017779838634313323510686326210522         9.75684577700369225220987825383760954E-0002
   2.23017598462097940761563884625796253         8.32013730672529728374810449376554231E-0002
   2.20015215991900594165567117819593872         6.53800419826874576872264534016951297E-0002
   2.17010662060345143544528204238974931         4.62506027708741876413871088785508639E-0002
   2.14003966321165905857526628481568910         2.81397014906123740930200988155126209E-0002
   2.10995158449235974627702010498045900         1.32698177150927044859438897760859195E-0002
   2.07984268140274340925051956747517620         3.48198578658735545976906332497220519E-0003
   2.04971325110552808608636953164156849         8.71075613647624926154795077551716289E-0007
   2.01956359096602706720820536269291253         3.27282982625669219727903574527483433E-0003
   1.98939399854921401928175006282002402         1.28991893926479649545261702984599418E-0002
   1.95920477161678613905656404767925985         2.76754583039364497327528655570359996E-0002
   1.92899620812422536562597349743295782         4.57338868865677522854659749253901386E-0002
   1.89876860621785768010982584024186134         6.47734124822058213886223449048056114E-0002
   1.86852226423191052178359729066666753         8.23492844407041001450993871733796576E-0002
   1.83825748068556834969596727951966874         9.61861731084970811432551628818627440E-0002
   1.80797455428002637883527789184265930        0.104474558272119958224194279514316086      
   1.77767378389554251992331289522779387        0.106111352972521210414371978228486753      
   1.74735546858848755193256041382878970        0.100852071809117590436526531986217126      
   1.71701990758839355644056560914781424         8.93527272368600743722680336999207332E-0002
   1.68666740029500064295213469488034514         7.30937279087738072967395207999424291E-0002
   1.65629824627530199433701907044339671         5.41935724523191238376641177315543065E-0002
   1.62591274526058726154728813982692853         3.51350345024988214216271506335064412E-0002
   1.59551119714348433679489132545817237         1.84387858312842403406081886492421729E-0002
   1.56509390197499953438591373005916341         6.32726025477281786568852921916301998E-0003
   1.53466115996155620842374568505644874         4.23819834337498830173831954071615606E-0004
   1.50421327146203183660881389686033121         1.52847311167327083349947878600262012E-0003
   1.47375053698479359937766091000620000         9.50185975051004277024936489694823798E-0003
   1.44327325718473248363900999932647039         2.32751060137458978671643436895614779E-0002
   1.41278173286029594037901423543123873         4.09862901905749069332644598892042160E-0002
   1.38227626495051912542216119510130574         6.02268947216611095456706597799529472E-0002
   1.35175715453205475264828846987280847         7.83661581162083675678275087301514391E-0002
   1.32122470281620158897985962410500116         9.29098758494387088597238271499847764E-0002
   1.29067921114593162046705543301255476        0.101844625073594597714316929917863509      
   1.26012098099291591881135095920740349        0.103919526763048044222659864346633642      
   1.22955031395454923768107517378577922         9.88255136667216125784963557043620040E-0002
   1.19896751175097336818498626832455954         8.72456969742570147921730994195886513E-0002
   1.16837287622209928288214241358808948         7.07680304356624526055353619095102262E-0002
   1.13776670932462809771830437842284650         5.16706580329029604715739532379146578E-0002
   1.10714931312907088129077301022551195         3.26084152562284313238267030922501474E-0002
   1.07652098981676734085494098136558509         1.62433416755230196723059240127381325E-0002
   1.04588204167690341449692431174616161         4.87062799007671815035404124089943476E-0003
   1.01523277110352779890743487688047461         9.28236304304153149772802711574777896E-0005
  0.984573480592567442202560296898146963         2.58902948960771227320630865148907818E-0003
  0.953904472738842031247332171091716906         1.20129253510970686719384618108050940E-0002
  0.923226050233077502947887474157456631         2.70355563249031013583627927453690258E-0002
  0.892538515858918608987660966230129025         4.55283156359880865389827734264831786E-0002
  0.861842172489940563492388594085137271         6.48614215578977749071535560906421716E-0002
  0.831137323086659803117752983280417765         8.22763092244814131267140706589625956E-0002
  0.800424270693543889062262151203514006         9.52792392217880628989319380692659689E-0002
  0.769703318436020580516421422518582383        0.101999767262742388241488880778837483      
  0.738974769517486109067436117789462198        0.101462168135201025809755051222485092      
  0.708238927216312683586568832378943834         9.37299351832492239169902860593799883E-0002
  0.677496094882855255133869948256780109         7.99014397933313202550010192325026206E-0002
  0.646746575936457571422303351132169339         6.19561948728281592651900574830257401E-0002
  0.615990673862457550390301087279248110         4.24728470405906352915166816849749471E-0002
  0.585228692209192002438500819343461475         2.42588574221499197052531951888337654E-0002
  0.554460934585000730892848361977544973         9.94502809264567301611730927317088751E-0003
  0.523687704655230040262384232912342996         1.60359048039813542809778294805812196E-0003
  0.492909306139235681865877982453487361         4.45593441073190149727789478289338586E-0004
  0.462126042807385266407027006724038665         6.64216048449973851173080254077823045E-0003
  0.431338218478060173083197552440103387         1.92963889585563089269313388646048419E-0002
  0.400546137014656984817654631687443786         3.65707963955180335545804275972872123E-0002
  0.369750102322588479209904535019827946         5.59524665351786198256969384779156943E-0002
  0.338950418346284204803158514064682378         7.46177574437405009205074057833930964E-0002
  0.308147389066190672272018957421413690         8.98436200751835351651861297698923618E-0002
  0.277341318495771190137289965578760073         9.94054650880592466826598299381687673E-0002
  0.246532510678505374618322604349513850        0.101903211544196037695258563580879213      
  0.215721269684888363236521247297664868         9.69674576017341725368122521123760810E-0002
  0.184907899609429761786561274072611900         8.53151553554717495575155962970190540E-0002
  0.154092704567652354294499944610130752         6.86462057972917773482088383512200518E-0002
  0.123275988693090605584301492838145843         4.93957754716550566057821953435666724E-0002
   9.24580561342889860763443547495950053E-0002   3.03784168355169556013971439044096365E-0002
   6.16392110518001484432329442731732841E-0002   1.43760903715405931274952002407086992E-0002
   3.08197576151829857496984989692256334E-0002   3.73054944127754863770736868947470779E-0003
   6.00704543221772133721764985001508439E-0016   1.43484677528924758557624859096644548E-0030
  -3.08197576151817843465407667523240301E-0002   3.73054944127726139246031221541386867E-0003
  -6.16392110517989470578612875243762410E-0002   1.43760903715400606850678545355836541E-0002
  -9.24580561342877847206159620682588071E-0002   3.03784168355162558895943787354270802E-0002
 -0.123275988693089404270073260256577903         4.93957754716542920037433311418336410E-0002
 -0.154092704567651153033628358570812600         6.86462057972910596799710832589875601E-0002
 -0.184907899609428560590902294409464588         8.53151553554711837144935591256035429E-0002
 -0.215721269684887162117930190222511937         9.69674576017338411348344954189390585E-0002
 -0.246532510678504173588654025444894610        0.101903211544195989015489589067266876      
 -0.277341318495769989208397542798259369         9.94054650880594876583500438587042155E-0002
 -0.308147389066189471455755374098634816         8.98436200751840304306707784489024709E-0002
 -0.338950418346283004111375341932055055         7.46177574437411780461405587860675760E-0002
 -0.369750102322587278654452117238378322         5.59524665351793799547209793729819221E-0002
 -0.400546137014655784410381965888691542         3.65707963955187658691531016620003177E-0002
 -0.431338218478058972835952173781238655         1.92963889585569068162433698123491312E-0002
 -0.462126042807384066331654870957533072         6.64216048450011507563064278025639750E-0003
 -0.492909306139234481974223349012293308         4.45593441073290779858823168696962715E-0004
 -0.523687704655228840566289548011832783         1.60359048039794564704574382873596902E-0003
 -0.554460934584999531404154141735355149         9.94502809264522045683207066660631977E-0003
 -0.585228692209190803169045532918367835         2.42588574221492699732502099784929831E-0002
 -0.615990673862456351351921040030261700         4.24728470405898823439210627676664488E-0002
 -0.646746575936456372626832567798979711         6.19561948728274117329939790339294229E-0002
 -0.677496094882854056593140056162708080         7.99014397933306857132272663683949271E-0002
 -0.708238927216311485312408944657556981         9.37299351832487933895596435423508098E-0002
 -0.738974769517484911071672716636003462        0.101462168135200860743686766791597572      
 -0.769703318436019382810878242467363678        0.101999767262742511809758084720623511      
 -0.800424270693542691658760062432437315         9.52792392217884568509152275439007746E-0002
 -0.831137323086658606028109874943747227         8.22763092244820205955126138827115489E-0002
 -0.861842172489939366728419257675711898         6.48614215578985087233042795838013057E-0002
 -0.892538515858917412561176978972139151         4.55283156359888418148593936015848529E-0002
 -0.923226050233076306870697082430944676         2.70355563249037705090360049499514514E-0002
 -0.953904472738840835531240173889952788         1.20129253510975567098756616500727996E-0002
 -0.984573480592566246859367929319027964         2.58902948960795019919213926076908531E-0003
  -1.01523277110352660394893969365309743         9.28236304303697235256550774756316449E-0005
  -1.04588204167690221993492007079372585         4.87062799007639572761470950357670828E-0003
  -1.07652098981676614670121752740575990         1.62433416755224660040671543146626485E-0002
  -1.10714931312906968755711615840942474         3.26084152562277242425444288906655879E-0002
  -1.13776670932462690441649579801385083         5.16706580329021989380878201050401081E-0002
  -1.16837287622209809002395951168144471         7.07680304356617427355202339424560178E-0002
  -1.19896751175097217578220207360917706         8.72456969742564550154201567532151367E-0002
  -1.22955031395454804574545822034918227         9.88255136667212800119646801358319842E-0002
  -1.26012098099291472735466517038504679        0.103919526763047984138288549173139005      
  -1.29067921114593042950106000528264914        0.101844625073594817523594087242999638      
  -1.32122470281620039851630891102999879         9.29098758494391773883156445985556194E-0002
  -1.35175715453205356269893186608866683         7.83661581162090196494714133990859314E-0002
  -1.38227626495051793599874302035571458         6.02268947216618552304172757134744429E-0002
  -1.41278173286029475149327361867192309         4.09862901905756439824684491914951038E-0002
  -1.44327325718473129530268076284072666         2.32751060137465257798659010992406065E-0002
  -1.47375053698479241160247145361280821         9.50185975051047640718059460374295871E-0003
  -1.50421327146203064940648708215498295         1.52847311167345179453612556397553049E-0003
  -1.53466115996155502180599871971183450         4.23819834337403079959066336702013632E-0004
  -1.56509390197499834836445805218087009         6.32726025477245863807045666840548465E-0003
  -1.59551119714348315138143248799750671         1.84387858312836660077073795147544298E-0002
  -1.62591274526058607675352569505184250         3.51350345024981086960202524624441317E-0002
  -1.65629824627530081017464645446862795         5.41935724523183672935057229991856767E-0002
  -1.68666740029499945943283911225792378         7.30937279087731066663959267941858087E-0002
  -1.71701990758839237357602791751907138         8.93527272368595213401430315651632839E-0002
  -1.74735546858848636973445500863900946        0.100852071809117256681565581896716851      
  -1.77767378389554133840330759450464182        0.106111352972521138449957032028213786      
  -1.80797455428002519800503382103952883        0.104474558272120156182379235703601335      
  -1.83825748068556716956713875642508757         9.61861731084975221084186084357251797E-0002
  -1.86852226423190934236783171038087427         8.23492844407047260355230634244593364E-0002
  -1.89876860621785650141876356022172668         6.47734124822065507946004022752013348E-0002
  -1.92899620812422418767124772260635285         4.57338868865684911756664994228043262E-0002
  -1.95920477161678496184980071563002083         2.76754583039371035982107129504455373E-0002
  -1.98939399854921284283456772904464103         1.28991893926484508110745665066037747E-0002
  -2.01956359096602589153221508593007915         3.27282982625694892515159732854842472E-0003
  -2.04971325110552691119317475927571528         8.71075613643374332680577450113103452E-0007
  -2.07984268140274223515171602101513918         3.48198578658709125502144317798143150E-0003
  -2.10995158449235857298419566561437661         1.32698177150922136615958660531597450E-0002
  -2.14003966321165788610000087904330283         2.81397014906117177267760738821148718E-0002
  -2.17010662060345026379914752773319991         4.62506027708734466423336989653414842E-0002
  -2.20015215991900477085023122899020610         6.53800419826867225938212154667423064E-0002
  -2.23017598462097823766244883952206725         8.32013730672523326320295041723032112E-0002
  -2.26017779838634196414571376465220322         9.75684577700364538513136836056043511E-0002
  -2.29015730510930630837347954703089532        0.106772887212025145926599606624526624      
  -2.32011420890424313118376233698301069        0.109743270787942771799962911446770866      
  -2.35004821410860606787501387101590284        0.106164036654282555028321851050713311      
  -2.37995902528584859817494228159938620         9.65015622597202429469186187154548125E-0002
  -2.40984634722833988568210821846135357         8.19369225474521204484138294372109224E-0002
  -2.43970988496027835800213816485003933         6.42156815483388620405780499414179098E-0002
  -2.46954934374060299882269526422374060         4.54346398468400592151709840504826024E-0002
  -2.49936442906590232319393021356446695         2.77922256257027739850338036296666869E-0002
  -2.52915484667332100730400060609596200         1.33325944490695508301198701895710293E-0002
  -2.55892030254346414406239629294229561         3.71323269213863791776645789968918110E-0003
  -2.58866050290329909582724065171764421         2.21342674093962365726269082536808268E-0005
  -2.61837515422905491563645286892345273         2.66402849412443974495682746497350259E-0003
  -2.64806396324911930832665422828628876         1.13265717758304670169319488824939684E-0002
  -2.67772663694693310294798171194882603         2.50279535438418527733312638574625473E-0002
  -2.70736288256388220790753472609076216         4.22381316597754826131221186928502625E-0002
  -2.73697240760218702029902521468394015         6.10579430339347485863347645802214363E-0002
  -2.76655491982778926090132757947193293         7.94344709548059212644150051860426533E-0002
  -2.79611012727323620635403243292371691         9.53878472281654417788239896164796216E-0002
  -2.82563773824056229004379702308110736        0.107224350595873398826990344731110544      
  -2.85513746130416804326125493136200199        0.113713123668972464447925879535190634      
  -2.88460900531369634821449810018532258        0.114208656993881078174924163038350608      
  -2.91405207939690597451167513766714838        0.108707731444197805470483513931348287      
  -2.94346639296254237075206090975206821         9.78369687488148123727416678698579194E-0002
  -2.97285165570320568289204340137459740         8.27746614809642566521784498957395109E-0002
  -3.00220757759821597107984444021580133         6.51173288298425797545195369955267903E-0002
  -3.03153386891647559668044085919313883         4.67067923612724741331718499653361188E-0002
  -3.06083024021932875124008175410274134         2.94369998810256626566591477004321800E-0002
  -3.09009640236341809916800539517426352         1.50610914880214103590806726746598948E-0002
  -3.11933206650353850594144579729828943         5.01829009155297714762551117904722556E-0003
  -3.14853694409548782366878366219558074         2.97327536831381036175415441221612716E-0004
  -3.17771074689891470587473909291985012         1.34869494926053194369449598712710938E-0003
  -3.20685318698016342340082386018191390         8.05257339144731181714981585458495585E-0003
  -3.23596397671511565334386878167253189         1.97434677263234773102571214328551757E-0002
  -3.26504282879202921298531666772593040         3.52869422856670541394614110181643246E-0002
  -3.29408945621437371069412299445271366         5.31989891616664798845993423356800079E-0002
  -3.32310357230366308581653469129453252         7.17948833617153128845187514683541022E-0002
  -3.35208489070228500959672187349901886         8.93521801843468323405649291267329034E-0002
  -3.38103312537632711920321770824190339        0.104271909896909173860296405552736232      
  -3.40994799061840005696737757026996568        0.115222979171375082013741207658235388      
  -3.43882920105045728697159991052003730        0.121257106079718174149062106096344664      
  -3.46767647162661166115685751798463567        0.121884986680582485030576711905180971      
  -3.49648951763594870715116878722905578        0.117108429154534286426311445916958819      
  -3.52526805470533661005299389479213145        0.107407474296065652822162925625333996      
  -3.55401179880223286043617011788960530         9.36856356675075246317326557225288823E-0002
  -3.58272046623748754087590357634689912         7.71799725162463460788434097922045385E-0002
  -3.61139377366814322332851111877726541         5.93454647555046962487172126072647806E-0002
  -3.64003143810023144973105557925363451         4.17249008778115264816268237525742580E-0002
  -3.66863317689156576822073987096500544         2.58161327796927434038084152919773817E-0002
  -3.69719870775453129740792002577593653         1.29481179672774405351174689046326886E-0002
  -3.72572774875887079117086399770724789         4.17577581977180457390742139655190848E-0003
  -3.75422001833446717647492148592881205         2.01522532638257113322247038584435157E-0004
  -3.78267523527412253675357985802092425         1.32866284226804687445459263172101077E-0003
  -3.81109311873633351342396212346019870         7.44887493510902643005153074096241187E-0003
  -3.83947338824806309814467447428526526         1.80630968307871397251788605213744245E-0002
  -3.86781576370750878845953282579109399         3.23324528420116566921323734590019125E-0002
  -3.89611996538686707950658970331447770         4.91536494136840046619046784708160778E-0002
  -3.92438571393509426450804437746854550         6.72516665115109064766101441303430001E-0002
  -3.95261273038066351679304999266106173         8.52816563046786949582673279372505537E-0002
  -3.98080073613431822614213120283203703        0.101931753568806222951228171233841445      
  -4.00894945299182156227889416185893885        0.116018960965556946391089379535693805      
  -4.03705860313670223837194724913999206        0.126571305837859284780194506317972833      
  -4.06512790914299644744745527596814059        0.132890944326451259223729195275735910      
  -4.09315709397798594465052174529735355        0.134594660901199981513795750199758147      
  -4.12114588100493224833163265358622738        0.131630115425494606820474388703571335      
  -4.14909399398580693297270095315279173        0.124268069224618344980457135297245502      
  -4.17700115708401798700582275882762477        0.113072536745563324523822274240022736      
  -4.20486709486713220861669430296046171         9.88522467524361961013345301347827010E-0002
  -4.23269153230959361266374213470359889         8.25978751986029229898819071058686343E-0002
  -4.26047419479543782188338773702783641         6.54101845317864285392882329484422418E-0002
  -4.28821480812100241559150120957090029         4.84244595618331589602567189831144369E-0002
  -4.31591309849763320913099654600718597         3.27364883650058017945634510085443712E-0002
  -4.34356879255438643735568292738610032         1.93348450900244190181420672653971112E-0002
  -4.37118161734072681548091196143173682         9.04345744327850377844808791491418653E-0003
  -4.39875130032922145067224952314645908         2.47746569389307855765453049206768668E-0003
  -4.42627756941822957778435239263317981         1.42886837917920509692435820791871033E-0005
  -4.45376015293458809270344383767108654         1.78069088836208666997167899147613767E-0003
  -4.48119877963629285678825824448195310         7.65557131892635411606464939699870687E-0003
  -4.50859317871517574594606245095790781         1.72872364755357952057801297173562960E-0002
  -4.53594307979957741792236017045437941         3.01231270751819123896534671797119519E-0002
  -4.56324821295701577142514539657251691         4.54493764800762337255200322378143320E-0002
  -4.59050830869685007074709053308043412         6.24372050111998750397728284491340628E-0002
  -4.61772309797294070959183477859740495         8.01929997216133392652173400862884784E-0002
  -4.64489231218630458785357759067121249         9.78089803966038380274572262584899691E-0002
  -4.67201568318776607514248043363534523        0.114411584486630978980280421496314023      
  -4.69909294328060353489193705180201334        0.129205082690274284504842613411510118      
  -4.72612382522319138292758777423924958        0.141508423982862882722083726794424505      
  -4.75310806223163765442202641715578900        0.150783862899972928206398835577268733      
  -4.78004538798241705320347876979366341        0.156656502487192269247994125052241716      
  -4.80693553661499945743131899218121305        0.158924456422259308075984827795141950      
  -4.83377824273447385569613407807032549        0.157559861469848275180619697706168603      
  -4.86057324141416768764714640127987388        0.152701431186478751793096590801625317      
  -4.88732026819826156329515982337580841        0.144639615387598399513387047743631752      
  -4.91401905910439933518480544749663844        0.133795706402022667140042322701618541      
  -4.94066935062629349767572840702284102        0.120696408669635410715723011490002436      
  -4.96727087973632588761847662601847904        0.105945465183300146844497856268411871      
  -4.99382338388814366075722582576095570         9.01939203240412758305104123886110737E-0002
  -5.02032660101925051823810172053501558         7.41105055867794565473524047009803282E-0002
  -5.04678026955359315764873988601274665         5.83534771881205476131341346591174031E-0002
  -5.07318412840414292306185573229094353         4.35450288379809592690046053732387180E-0002
  -5.09953791697547262860298090583678023         3.02491657427400273313786730511523073E-0002
  -5.12584137516632853011015781254311625         1.89536733303792864616624234341683642E-0002
  -5.15209424337219741950127032767354304         1.00565610080710200244352085113945917E-0002
  -5.17829626248786881651282566506545399         3.85712024243109213174336829598741209E-0003
  -5.20444717390999223252238934246540427         5.51517749454297995802073315219611252E-0004
  -5.23054671953962948121551172473450147         2.32656339741323640032991173525749989E-0004
  -5.25659464178480201090687027186005965         2.89388308955092049880314590919440737E-0003
  -5.28259068356303323337448588176112839         8.43600958810335979695498175816804658E-0003
  -5.30853458830388582411525411384486916         1.66770323630804447109723633641911511E-0002
  -5.33442609995149396897966212077354635         2.73639015838083452541160994301187124E-0002
  -5.36026496296709053219343931310960146         4.01856795996709645078799991276204523E-0002
  -5.38605092233152912082401364215145859         5.47874534490529751054742963922442666E-0002
  -5.41178372354780102080001541565248653         7.07844120757460118605495864704374757E-0002
  -5.43746311264354697964268626209877825         8.77755641391151645850801609640567223E-0002
  -5.46308883617356381111891173225086785        0.105356650477616563276221856957188631      
  -5.48866064122230579707670156975453171        0.123131891190891676281946073063080449      
  -5.51417827540638086177529139140478790        0.140724296105315014965041431901997733      
  -5.53964148687704149407363288530467257        0.157784354857153637919742223714987033      
  -5.56505002432267039289287615249036063        0.173997005458338800574820596116865632      
  -5.59040363697126081142052697299117566        0.189086855259496564351944771723930002      
  -5.61570207459289157557628305675710868        0.202821693718462733415076824541051484      
  -5.64094508750219675231211622702718103        0.215014391077354449117632601767401617      
  -5.66613242656082994337197145975551437        0.225523320371741878438862422756634710      
  -5.69126384317992318018949824650367953        0.234251472146905283144213731138692335      
  -5.71633908932254039565551433622029968        0.241144452326195076981046401417145846      
  -5.74135791750612544854042601766388789        0.246187564730897761203560127635466871      
  -5.76632008080494467641059220062177364        0.249402181930286293951662431439954916      
  -5.79122533285252395293162110991631612        0.250841602722360934422482331476195348      
  -5.81607342784408022550582788849587758        0.250586583016724896055372774737719506      
  -5.84086412053894750924555827936076956        0.248740710630252448866330316326309343      
  -5.86559716626299731333879728300823148        0.245425774882524236780410047843625492      
  -5.89027232091105347591843172749384216        0.240777260160799814987836605603528989      
  -5.91488934094930138360172149976404680        0.234940069947881390711010095201711923      
  -5.93944798341769155192195522495483460        0.228064565146824850349716992688833612      
  -5.96394800593233754292992189789101024        0.220302978700442187833737954215285719      
  -5.98838916668790819629871981876014078        0.211806248125244794750785770965478967      
  -6.01277122446001415032154761126445822        0.202721289126855998836326424123989130      
  -6.03709393860758862924847855255732673        0.193188717250263204468956144677824682      
  -6.06135706907526247346480836373311092        0.183341010718247607361173786179587563      
  -6.08556037639573338907038743905020410        0.173301096279758447597349070539265107      
  -6.10970362169212939347640067062848609        0.163181330982077482502242365188355017      
  -6.13378656668036643369334098999201813        0.153082846172286042719288623428148944      
  -6.15780897367150015404143593316614845        0.143095215541171973427360274847507228      
  -6.18177060557407179007252937445316617        0.133296406421359038378666944667198493      
  -6.20567122589644816555039249560364281        0.123752972591202219925983977124683806      
  -6.22951059874915576939463848971258742        0.114520447256114100455914942914007431      
  -6.25328848884720888955184386838513766        0.105643896419615474490617219974805273      
  -6.27700466151243178081613496987193762         9.71585952679582652738073258909230413E-0002
  -6.30065888267577484368038077606062274         8.90907932424465318370749250044197764E-0002
  -6.32425091887962479135824185628097240         8.14585369527538924182939992487771997E-0002
  -6.34778053728010878217665958245755024         7.42725238082845673454233215057066254E-0002
  -6.37124750564939249459792911761976441         6.75369630556686302053254877233132180E-0002
  -6.39465159237797212219028348032806731         6.12504246787702365203065245875743464E-0002
  -6.41799256647696026592592364115450478         5.54066602394384694337961987157457714E-0002
  -6.44127019758036570124566052171508031         4.99953831336627313026288512208962501E-0002
  -6.46448425594736699738978834743496932         4.50029988522941757113800584914302691E-0002
  -6.48763451246457996655548445558381364         4.04132786314214951949691047833795334E-0002
  -6.51072073864831892050192778130224468         3.62079723353023188298652793767700228E-0002
  -6.53374270664685171228544623532308964         3.23673585291965044126936426377112614E-0002
  -6.55670018924264854086834144466090349         2.88707314768246307341348530101793779E-0002
  -6.57959295985462449640659724631823127         2.56968262527697733182717290776026311E-0002
  -6.60242079254037582408345529648419381         2.28241843158826567205543875326427089E-0002
  -6.62518346199840988441783657406683708         2.02314627721347310496618708726372192E-0002
  -6.64788074357036878803880080583582658         1.78976911936571368083123947990036244E-0002
  -6.67051241324324668297966630693620612         1.58024802854367495614903195173564992E-0002
  -6.69307824765160067260805979890437074         1.39261869328810894749775417632476337E-0002
  -6.71557802407975534237102881927202766         1.22500402518507644353319547660576573E-0002
  -6.73801152046400087359742775195053797         1.07562332257752925917396732480799498E-0002
  -6.76037851539478472266308166328764684         9.42798437793040397821380040248510134E-0003
  -6.78267878811889684388773940030343889         8.24957371417660091103448221813242485E-0003
  -6.80491211854164843459654816835160000         7.20635690307647905736064143082521863E-0003
  -6.82707828722904418084271542641684901         6.28476135422934602224319703917650188E-0003
  -6.84917707540994798235216978845160034         5.47226752711162951501156149578554388E-0003
  -6.87120826497824213531539006547991265         4.75737846435739864947479202038291089E-0003
  -6.89317163849497995171613999047350402         4.12958020554049441821650022802852167E-0003
  -6.91506697919053179395162489896808065         3.57929540824532074397756298611241877E-0003
  -6.93689407096672450356357505369925984         3.09783218871958143652424852815343112E-0003
  -6.95865269839897420296495775978607297         2.67732989917851715278376889523459961E-0003
  -6.98034264673841244911242627470385154         2.31070328591299620410030335118889500E-0003
  -7.00196370191400571814022712893825518         1.99158622355763756439454701763345906E-0003
  -7.02351565053466820003710819121768169         1.71427599700870443812467837502205451E-0003
  -7.04499827989136788251379698695926414         1.47367890354567252092024463162360641E-0003
  -7.06641137795922590327485175837168898         1.26525777307569100454372007726088773E-0003
  -7.08775473339960914997512588584420077         1.08498185298296578618839509659926531E-0003
  -7.10902813556221608720772891709712691         9.29279374382318092517426854053035358E-0004
  -7.13023137448715578993721391533981700         7.94993006979391256402472104806055078E-0004
  -7.15136424090702016285877048062911768         6.79338318430133645124068023475074629E-0004
  -7.17242652624894932523145495799246466         5.79865279216435766238428238611814909E-0004
  -7.19341802263669014080094335792300801         4.94422793767357931744845349268953865E-0004
  -7.21433852289264787249494771382556060         4.21126191064221145734532428647999619E-0004
  -7.23518782053993094164229231916261640         3.58327571569140563021881209594292086E-0004
  -7.25596570980438877153470185471014009         3.04588880418843817030626418167797062E-0004
  -7.27667198561664269521860816180272039         2.58657557965018876234215919806267734E-0004
  -7.29730644361410990747273566708008946         2.19444606591184252447583416056998554E-0004
  -7.31786888014302044099587654243576040         1.86004906105075088816688748004747622E-0004
  -7.33835909226042714689811491305576682         1.57519607842687918088633030504439057E-0004
  -7.35877687773620865965780412711624191         1.33280439005302826564430748932274518E-0004
  -7.37912203505506532677584159144026796         1.12675752888490336317982017880153333E-0004
  -7.39939436341850808342822127482069993         9.51781668724397788311557333313710000E-0005
  -7.41959366274684025248747399949579645         8.03336377517654892046092024436721366E-0005
  -7.43971973368113225035342939419780500         6.77518327114591588938009725465083205E-0005
  -7.45977237758518917910375018014924125         5.70976636100006187003745788331230240E-0005
  -7.47975139654751128554489861331982837         4.80838618917296905177995239263984880E-0005
  -7.49965659338324726781459571924276681         4.04644811644204502719081936714612560E-0005
  -7.51948777163614041025742573589504156         3.40292240466146830411852692254551410E-0005
  -7.53924473558046752736602022885979972         2.85984991623806353909138903190404811E-0005
  -7.55892729022297069765122796262001308         2.40191230286092871442255002599117713E-0005
  -7.57853524130478176837583710191959453         2.01605899649400989377362882974177244E-0005
  -7.59806839530333961215776497534637447         1.69118410094811951374784825880780232E-0005
  -7.61752655943430011652016675545768496         1.41784701173372190767028053705499431E-0005
  -7.63690954165343888753763728985164421         1.18803126438521644131810717072178518E-0005
  -7.65621715065854664879958924770947542         9.94936727439316487979834344578089417E-0006
  -7.67544919589131731698398501678405495         8.32800817184694186388344972504014873E-0006
  -7.69460548753922873540687868504656509         6.96744919384994837857245666955239064E-0006
  -7.71368583653741604698568725586230333         5.82642661160271311474564627856233447E-0006
  -7.73269005457053768812675626047046271         4.87007087194776094969465513617971357E-0006
  -7.75161795407463398512061342970346227         4.06894161728578230691371568585044523E-0006
  -7.77046934823897833470131434951189613         3.39820344779718482660612549844654275E-0006
  -7.78924405100792095049947533137920134         2.83692281120061533125878155770236546E-0006
  -7.80794187708272515719196035674713054         2.36746897003808013241052168811833184E-0006
  -7.82656264192339621422474017998095055         1.97500425708384559398234852057495739E-0006
  -7.84510616175050265105917177126063795         1.64705081616118683900408352044072216E-0006
  -7.86357225354699009596585452140540409         1.37312276678387816267376837997104295E-0006
  -7.88196073505998758046430528557869128         1.14441425298307232845335587003652098E-0006
  -7.90027142480260630158095668088428082         9.53535163737542120996851787360342736E-0007
  -7.91850414205573082417242134111161408         7.94287466835699916448234703720289539E-0007
  -7.93665870686980270563557833564436873         6.61476099982234588598001973923462527E-0007
  -7.95473494006659652540082594240537406         5.50749230800192005330955731673466888E-0007
  -7.97273266324098830167980668854589679         4.58463447509585293733270816895669927E-0007
  -7.99065169876271627801404529755642379         3.81570089199393317378453907512119467E-0007
  -8.00849186977813406224624716602960764         3.17519481862884509587848298685803812E-0007
  -8.02625300021195610061148349419483015         2.64180325374611413443270914085385455E-0007
  -8.04393491476899546972113846662516918         2.19771887642928607549864712242010719E-0007
  -8.06153743893589396928831317656410335         1.82807014344530536062258441647526442E-0007
  -8.07906039898284449851936956082464591         1.52044263905067488746272905218737198E-0007
  -8.09650362196530569917245471220183073         1.26447734710925337554997733172382049E-0007
  -8.11386693572570884836017081117024088         1.05153371016732423975532988155483986E-0007
  -8.13115016889515698425004781501611539         8.74407209603300846019346287924524570E-0008
  -8.14835315089511624789313420553443265         7.27092791251068342993823292846371511E-0008
  -8.16547571193909942448784476941979087         6.04586811979027791746072397583560990E-0008
  -8.18251768303434166746319281027776948         5.02721329181976609822716296914338523E-0008
  -8.19947889598346838884268660793546349         4.18025526865980622030591749612142142E-0008
  -8.21635918338615529942748558797345927         3.47609894695168505947096728748183709E-0008
  -8.23315837864078058241488977906190406         2.89069472134967810107837173967740053E-0008
  -8.24987631594606918414587595308321859         2.40403057644408217758424102882353545E-0008
  -8.26651283030272920575319459688942900         1.99945778997585211736549433066562681E-0008
  -8.28306775751508037955950278701126011         1.66312839155827353515193904456603419E-0008
  -8.29954093419267461415312836026611306         1.38352604541608423986899488569178802E-0008
  -8.31593219775190859214733972298670330         1.15107499207619755953733813296380283E-0008
  -8.33224138641762840470743244693013824         9.57814178705707035023047875692729419E-0009
  -8.34846833922472620700853768668849680         7.97125804195199382857690103095448330E-0009
  -8.36461289601972887886580764591712604         6.63509265375968028369166904376779466E-0009
  -8.38067489746237867485753904069287766         5.52392967731333591671836613568172767E-0009
  -8.39665418502720584834085597904388902         4.59977702335429751559397393818165712E-0009
  -8.41255060100509323383878811586054759         3.83106328366375787023111414000273139E-0009
  -8.42836398850483277235694757018892323         3.19155369375659627444063759410256158E-0009
  -8.44409419145467396426752812399746542         2.65944858553145185379938951245283106E-0009
  -8.45974105460386423447802187306371882         2.21663376281466877212985716146620266E-0009
  -8.47530442352418119468187098532401607         1.84805731514700726722167802608525726E-0009
  -8.49078414461145678756824475204904496         1.54121163099121074896368313972460503E-0009
  -8.50618006508709329794825390325599019         1.28570291666511503795526946102312652E-0009
  -8.52149203299957121583518441007345551         1.07289348591981662218885624198697163E-0009
  -8.53671989722594893659675092110374022         8.95604553071555195969251489507313274E-0010
  -8.55186350747335428337793478348601421         7.47869320412372063321873453912987426E-0010
  -8.56692271428046783707368248721103119         6.24727865721947850396856551362050608E-0010
  -8.58189736901899805921159654668988269         5.22056764595877181783964220782548278E-0010
  -8.59678732389514819318575149861747103         4.36427572311378325223106170967071080E-0010
  -8.61159243195107492936391205035274714         3.64989280661334668897582190353096411E-0010
  -8.62631254706633881967171765749954548         3.05370689707871704624291904140473655E-0010
  -8.64094752395934642733882714084241096         2.55599320404564336608459620595396552E-0010
  -8.65549721818878419757358756759607223         2.14034064620586393596314393294607116E-0010
  -8.66996148615504403501450271499634075         1.79309243561725368556432200579625557E-0010
  -8.68434018510164057388862719913876030         1.50288140018131655210882509559243022E-0010
  -8.69863317311662012688900198082499951         1.26024397700517709889367092802030219E-0010
  -8.71284030913396129886537464380171840         1.05729953345053496809934204169492270E-0010
  -8.72696145293496725150471276860476981         8.87483935961288334757510786483232016E-0011
  -8.74099646514964960526042008533208201         7.45328166811448458333787742211576607E-0011
  -8.75494520725810396487170206779281639         6.26274350380734047441531624435713281E-0011
  -8.76880754159187705489719941501190031         5.26522847257852834702183962657775827E-0011
  -8.78258333133532545176981363807084735         4.42905151161469526420837981304102879E-0011
  -8.79627244052696589896258791347786626         3.72778217593336856216803838778543682E-0011
  -8.80987473406081719193857766010946226         3.13936595259234589275756529986181023E-0011
  -8.82339007768773361964084812537106726         2.64539347348866437419006331343224881E-0011
  -8.83681833801672994936206980640818887         2.23049261144964130144226808856159837E-0011
  -8.85015938251629794191664596149299886         1.88182268905921104610716404001730668E-0011
  -8.86341307951571438412189896136448417         1.58865355297612161060660167377023765E-0011
  -8.87657929820634062567856296528859728         1.34201519098960269043507614578948574E-0011
  -8.88965790864291360762467855563865784         1.13440599652872729935191984305741684E-0011
  -8.90264878174482836962095970032819179         9.59549800316965275742679960030512400E-0012
  -8.91555178929741202340980390566156305         8.12193461507854334479605305260427172E-0012
  -8.92836680395318917987434184306443695         6.87938199189244774001204019553729148E-0012
  -8.94109369923313881720827225044521076         5.83098997935812287506466322443221135E-0012
  -8.95373234952794257779170069012458073         4.94587378232599925402231625457238273E-0012
  -8.96628263009922448145279595664090836         4.19813617369641336683184793661946291E-0012
  -8.97874441708078204287979473437368777         3.56605166436281619669382838645174907E-0012
  -8.99111758747980878103272267070521907         3.03138557238118046309284637336888822E-0012
  -9.00340201917810810848915751804932539         2.57882548331715013227785931275232620E-0012
  -9.01559759093329858874343656901931333         2.19550637696725229150223786640773725E-0012
  -9.02770418238001054956390542361395939         1.87061383929739208864864647821896704E-0012
  -9.03972167403107404059811734473195084         1.59505239108419949453060921776195918E-0012
  -9.05164994727869812350132123658426936         1.36116813648777466608507777769200386E-0012
  -9.06348888439564148294912077651353432         1.16251674039642938451489435546886068E-0012
  -9.07523836853637434698084660005914198         9.93669244911306824999780954227093599E-0013
  -9.08689828373823170520595683640407999         8.50049484273962758513131679379038914E-0013
  -9.09846851492255781349166787005471437         7.27797896621286274544676358617442828E-0013
  -9.10994894789584197383601611707259779         6.23657395655325588031749105381970724E-0013
  -9.12133946935084557821666200162316765         5.34877685091641987118114775092068715E-0013
  -9.13263996686772040529196835115493951         4.59134998051294900380062920374559549E-0013
  -9.14385032891511815891721624520798702         3.94464742693843162256766402989591949E-0013
  -9.15497044485129123752526110162145985         3.39204951216036283023012117675907260E-0013
  -9.16600020492518472350747961164156702         2.91948775871732294252667063662506178E-0013
  -9.17693950027751958181751318793151121         2.51504564541593489697827491655421491E-0013
  -9.18778822294186705710707501150286216         2.16862289267682910125606277356820004E-0013
  -9.19854626584571425878995469882388948         1.87165302106576887497524573037975293E-0013
  -9.20921352281152092351732620147245024         1.61686560327526084060092014945307620E-0013
  -9.21978988855776734463453993931508238         1.39808602946137677486031554464979813E-0013
  -9.23027525869999345827675849491062704         1.21006677460502985747573934808804088E-0013
  -9.24066952975182907584807560124150005         1.04834513290357759386198539605629758E-0013
  -9.25097259912601525271613977554600686         9.09123200100395357093889632217459007E-0014
  -9.26118436513541678304178592653966149         7.89166566756610032070083113737119520E-0014
  -9.27130472699402581075075972726058555         6.85718755932063466556126366127302424E-0014
  -9.28133358481795654674229963675990120         5.96428916036949941249315507985776011E-0014
  -9.29127083962643108251711930551559921         5.19290679124398395689442686384404825E-0014
  -9.30111639334275629049520784544571397         4.52590429436745880189939022334833187E-0014
  -9.31087014879529180138183621844537496         3.94863507280496264472455508413675693E-0014
  -9.32053200971840904902822392923655120         3.44857108197884213750614161972736983E-0014
  -9.33010188075344137332148042982384572         3.01498834359669920681958951992254869E-0014
  -9.33957966744962517172668928388862065         2.63870020326799997884909736987191375E-0014
  -9.34896527626503209019234932899937123         2.31183093995397152686489454976322916E-0014
  -9.35825861456749224421882494062741381         2.02762349973649538860744594184969811E-0014
  -9.36745959063550846097798617178728742         1.78027610452197399056158190942326713E-0014
  -9.37656811365916153346083814192908772         1.56480330839716476015245975245860680E-0014
  -9.38558409374100647771864670386477814         1.37691776565755238269016459687539338E-0014
  -9.39450744189695978435186325250436326         1.21292955613714051521898048954637241E-0014
  -9.40333807005717765549003467763085223         1.06966040303717450961223459970684026E-0014
  -9.41207589106692521859485402761516390         9.44370530758272152256561766321047751E-0015
  -9.42072081868743670850756256376942425         8.34696257660383709156067583310696760E-0015
  -9.42927276759676660925105366702155920         7.38596711574494994253771384086840996E-0015
  -9.43773165339063174718625262999223287         6.54308302957159078174213538034841524E-0015
  -9.44609739258324432721165284776599124         5.80305799098461896074554345770346180E-0015
  -9.45436990260813590378427742825358119         5.15269018876557207488872963380500785E-0015
  -9.46254910181897227862980489581270878         4.58054316325647521758580043846549226E-0015
  -9.47063490949035931709914757670128408         4.07670147054929338949111702021897361E-0015
  -9.47862724581863967521840054815836486         3.63256117940362399075623149111676915E-0015
  -9.48652603192268042956878681983907005         3.24065010548737952380263913461340101E-0015
  -9.49433118984465160222300981159084068         2.89447345000114966413121743528969374E-0015
  -9.50204264255079557305428630900386965         2.58838115580177808167053845317037886E-0015
  -9.50966031393218737182427103089588641         2.31745384187890044037978553170571522E-0015
  -9.51718412880548584254609684324888768         2.07740464169635657192462188901531178E-0015
  -9.52461401291367567270884161371252647         1.86449466532510923031475931882859404E-0015
  -9.53194989292680028003989283050313563         1.67546014028575128359884142141562668E-0015
  -9.53919169644268554957191351951529581         1.50744957071208730898925002831219742E-0015
  -9.54633935198765441387141679316648718         1.35796949654244115101620656358605306E-0015
  -9.55339278901723226937633066265297562         1.22483764044274848123318949052357584E-0015
  -9.56035193791684322188037864994877512         1.10614240555603173834535409409304283E-0015
  -9.56721673000249715429261435438426622         1.00020783659711860737971383728981750E-0015
  -9.57398709752146760989102856767423370         9.05563284193558036310045305718940038E-0016
  -9.58066297365296048437979489683384940         8.20917121033664395059835731954264211E-0016
  -9.58724429250877352015043325187312256         7.45133951131021944058252653014690721E-0016
  -9.59373098913394659623794908919035010         6.77214832732154218204251178378745050E-0016
  -9.60012299950740280755384907624626645         6.16280103097875696317459520787808961E-0016
  -9.60642026054258032706883996181089518         5.61554451289832281537692511603728916E-0016
  -9.61262271008805504470898600162808619         5.12353934643367406240856156894529598E-0016
  -9.61873028692815397682013040391545661         4.68074677038316157198940443813336641E-0016
  -9.62474293078355944014647702427915706         4.28183023437283564250006680627708459E-0016
  -9.63066058231190398436037905634479963         3.92206956335972176904471956619622879E-0016
  -9.63648318310835607727159083306903968         3.59728606518688067972908684595270852E-0016
  -9.64221067570619653693550617410102520         3.30377713477989842570887879672773768E-0016
  -9.64784300357738570497123108593775476         3.03825910588623867224120636143475130E-0016
  -9.65338011113312135549171914262748492         2.79781727089326875041687547245130874E-0016
  -9.65882194372438733413963364353199934         2.57986213519790064911391909525641952E-0016
  -9.66416844764249292181409075872747574         2.38209109823553575621515990231840437E-0016
  -9.66941957011960291776498142903463474         2.20245486150576534265518567238118408E-0016
  -9.67457525932925843682316588292361392         2.03912795723138470654185122496556498E-0016
  -9.67963546438688841562648236262130502         1.89048287177004980951231310111618773E-0016
  -9.68460013535031182279321011213247657         1.75506730737214538441973939202898027E-0016
  -9.68946922322023056808637496554425785         1.63158418589081725680945860162446287E-0016
  -9.69424267994071310570408307939774535         1.51887404992473050222233909960547428E-0016
  -9.69892045839966872692291357207940812         1.41589956174517582365744718098840592E-0016
  -9.70350251242931253741329315963336122         1.32173183919885867192442353681777955E-0016
  -9.70798879680662111463771440418314430         1.23553840141990803529878460559164962E-0016
  -9.71237926725377884083464301088250046         1.15657252634495215892296801486509837E-0016
  -9.71667388043861490718298781414528809         1.08416384731807069356698739608247462E-0016
  -9.72087259397503098483407877555428073         1.01771003802612568162216573585874341E-0016
  -9.72497536642341955859021256560637032         9.56669454073463438928533112102135806E-0017
  -9.72898215729107291910098121018769022         9.00554616078940022307443979670915499E-0017
  -9.73289292703258280954079594084429205         8.48926433594000838381079412947182582E-0017
  -9.73670763705023072282325488557882199         8.01389081687897911603151674113619933E-0017
  -9.74042624969436884550027866372394739         7.57585452974838523095771571999799657E-0017
  -9.74404872826379164458625139369796140         7.17193117383385892499748677842944843E-0017
  -9.74757503700609809363975517504056225         6.79920730276748903816210639466419676E-0017
  -9.75100514111804453452787285459460432         6.45504836784328087010550491453965486E-0017
  -9.75433900674588817139045591922281846         6.13707026538850122268948239538735419E-0017
  -9.75757660098572119341421076185877236         5.84311398549677809588929841688132858E-0017
  -9.76071789188379552311894643148149203         5.57122300785319647762181112071999743E-0017
  -9.76376284843683818695084938793548878         5.31962313276748268149724565048460092E-0017
  -9.76671144059235730507020482623355830         5.08670447265825891153570173416730628E-0017
  -9.76956363924893869731356889860767082         4.87100536177521757761353872290487849E-0017
  -9.77231941625653310240301073233929386         4.67119797049339370148266453142883218E-0017
  -9.77497874441673400756768660323615183         4.48607543557370629281442145068570848E-0017
  -9.77754159748304608583568006417407913         4.31454033979899906944026070918269160E-0017
  -9.78000795016114423834674033076085875         4.15559439374956518100332476143578100E-0017
  -9.78237777810912323912927587700651840         4.00832918951121739348030399198582333E-0017
  -9.78465105793773797987771007774704890         3.87191791110369560753854313056933029E-0017
  -9.78682776721063431235907993606169589         3.74560789963140524118715422567641071E-0017
  -9.78890788444457048617055653740410351         3.62871398281344944216748656838201725E-0017
  -9.79089138910962917966238596175969170         3.52061248883874338106186064992674999E-0017
  -9.79277826162942012193359104474903089         3.42073587358328758599147120033199658E-0017
  -9.79456848338127330390063669190971265         3.32856789826778132621663326176280316E-0017
  -9.79626203669642277653214350089410584         3.24363930175356435244553223692561162E-0017
  -9.79785890486018103443563531730868516         3.16552391798622833236090995039490732E-0017
  -9.79935907211210398307522512449863321         3.09383519469803215102032392315149423E-0017
  -9.80076252364614648799207942867803508         3.02822307445925341816360233566090362E-0017
  -9.80206924561080850449245313118293523         2.96837120360102993454522441587157447E-0017
  -9.80327922510927178636105386188477804         2.91399443848513453183452231043314066E-0017
  -9.80439245019952717225047596439857994         2.86483662212855372061100487445965270E-0017
  -9.80540890989449244849043885696668985         2.82066860735484178563415643190113375E-0017
  -9.80632859416212078715357142497658421         2.78128650548611331993623777551509688E-0017
  -9.80715149392549975830750251403889953         2.74651014215011126271263101773183773E-0017
  -9.80787760106294091547604656835583769         2.71618170409241286089151538740798754E-0017
  -9.80850690840805995342531207959146039         2.69016456298697219733769645668931897E-0017
  -9.80903940974984743748360785836092974         2.66834226415793831628726344061459109E-0017
  -9.80947509983273010369707729544537610         2.65061766988824032912851846477397688E-0017
  -9.80981397435662272921605282449625126         2.63691224861954558849281448909855548E-0017
  -9.81005602997697057240019081383274653         2.62716550286555051044136514824122855E-0017
  -9.81020126430478238222352018341447562         2.62133453008610439168790249071106614E-0017
  -9.81024967590665397665361524559550042         2.61939371212193010939066466890317041E-0017
