   4.79581969008247421751055933787743853                                            Infinity
   4.79577235727828383877997115778890878         33.1861542921024431069122465583970979      
   4.79567769213705874965173123030766425         16.5931590299415696633098245869376100      
   4.79553569559310567615386434773998091         11.0621970028995341322399084915970074      
   4.79534636904787318077929265000257565         8.29674328558009219905435882031698733      
   4.79510971436993783075431149293196423         6.63749289320575088935311477077412619      
   4.79482573389498575594224580295047356         5.53134416443550326248484597953234878      
   4.79449443042578959656430296362518042         4.74125353033879724197523082414422081      
   4.79411580723218084096513892272020326         4.14869920663903371457133533704721006      
   4.79368986805101755369615260590904699         3.68783575779473780171960485715891554      
   4.79321661708614749423501942633128877         3.31915592263203208450801678355918491      
   4.79269605900836662670546723862258925         3.01751871690485599532363716297187450      
   4.79212819895537302100678705292560117         2.76616348457507944753214801594980522      
   4.79151304253171614580805574974412803         2.55348669465564457696463117748169731      
   4.79085059580874155390752847141592981         2.37120011083522154131088620661249544      
   4.79014086532453096050313386157746401         2.21322569325300515244432548290112876      
   4.78938385808383771496547543145168176         2.07500491210796572935868549990727986      
   4.78857958155801766675020660233626435         1.95305183293542596535235721302893386      
   4.78772804368495542613210495859035123         1.84465517345811480607410142194002421      
   4.78682925286898602048862249606089661         1.74767444774741733661144867185416712      
   4.78588321798081194690613271866984032         1.66039726713625207666541406342277986      
   4.78488994835741562192753187228569234         1.58143741229969988334810808263862335      
   4.78384945380196722930527996158854294         1.50966070385909986143130633088445785      
   4.78276174458372796666938702404654203         1.44413021108942667235600756150934621      
   4.78162683143794869206526098707897173         1.38406515844982550298943566418581074      
   4.78044472556576397136173486179957248         1.32880969454682055170905317952697716      
   4.77921543863408152757498258131989576         1.27780886825986185639654352117413450      
   4.77793898277546709319941402544989266         1.23058994350564126692718158441175584      
   4.77661537058802466668201023886719965         1.18674771798148527838474497353021442      
   4.77524461513527217422191909864953263         1.14593287941011651960800169688533672      
   4.77382672994601253812247927179873980         1.10784269053546454653813619309219979      
   4.77236172901420015296817577646800057         1.07221347702251480941710936760483899      
   4.77084962679880277094435337459269559         1.03881452387593744571073913405391642      
   4.76929043822365879766282393120160887         1.00744308160078502904780192823043033      
   4.76768417867732999990180032965793576        0.977920253628950962126605223560588577      
   4.76603086401294962671387208539137383        0.950087588758236387231091918453133554      
   4.76433051054806594540100600641273111        0.923804241518240627266710791505656202      
   4.76258313506448119390080866027226336        0.898944593017459897240256336245452078      
   4.76078875480808595117352557749924364        0.875396247446108554618759359406322981      
   4.75894738748868892722447460446075565        0.853058336809276794318788288144129537      
   4.75705905127984217444181716767467998        0.831840079950115912997856571509851706      
   4.75512376481866172197476098073685139        0.811659552447680584525967608110539912      
   4.75314154720564363492246046817072201        0.792442632243651980606242827612634217      
   4.75111241800447550014903645184273179        0.774122092390914624725221656743566015      
   4.74903639724184334058527399944376336        0.756636817518237524372907208437178924      
   4.74691350540723395992267632542897493        0.739931124766332251880444126598149890      
   4.74474376345273271965065281742886554        0.723954173297469745095041906946398664      
   4.74252719279281675043270019037290629        0.708659449186849212582741313330205986      
   4.74026381530414359986249700147298710        0.694004314702546963995023567676657708      
   4.73795365332533531868587284706110555        0.679949612775676607415410274105706146      
   4.73559672965675798761963406252678789        0.666459318934131024870152775406882071      
   4.73319306756029668694322721492050792        0.653500234185296864902122652848962013      
   4.73074269075912591108419967005335859        0.641041713335379869794660641023312176      
   4.72824562343747543046337258821567757        0.629055424065033948659852415021604299      
   4.72570189024039160291057541126005980        0.617515132774365735629025109607283685      
   4.72311151627349413700670180526959314        0.606396513790303210366636953467978385      
   4.72047452710272830975273467410774334        0.595676979016032875722159625191973372      
   4.71779094875411264101125181679916227        0.585335525512076023202937605326990577      
   4.71506080771348202721076362313158034        0.575352598844840750702121820797893580      
   4.71228413092622633684804944454696265        0.565709970331932272976277364854493956      
   4.70946094579702447036844949899692867        0.556390626562933060018930299626164141      
   4.70659128018957388704883392691162015        0.547378669786992333917321354145992296      
   4.70367516242631560155270946896264921        0.538659227940327096043957283939821906      
   4.70071262128815465287163674333510956        0.530218373242533406089925432415097901      
   4.69770368601417604841181681946640040        0.522043048424494294307266453614899273      
   4.69464838630135618602936427563087143        0.514120999766020056822995829880552440      
   4.69154675230426975686241474858774108        0.506440716220976593042636453659255615      
   4.68839881463479213185281769427714330        0.498991373993895574474887748840022171      
   4.68520460436179723489473923903490230        0.491762786006884494434479112008302525      
   4.68196415301085090559204517107155322        0.484745355760719222102608146649494323      
   4.67867749256389975465084986238258340        0.477930035150700813215518791603824465      
   4.67534465545895551497810278247233075        0.471308285847370244934439392746865192      
   4.67196567458977489160153982822587726        0.464872043895497668322681781480276886      
   4.66854058330553491357075151019325750        0.458613687222744515086708529912007104      
   4.66506941541050379104351366600320265        0.452526005782759137265461764968775023      
   4.66155220516370728080588837845240131        0.446602174086825519536686888423422337      
   4.65798898727859056351893272118568633        0.440835725904066757571836024959510144      
   4.65437979692267563602915040127402185        0.435220530933061962830791404342474192      
   4.65072466971721422212408587821277928        0.429750773267954878806060655872916152      
   4.64702364173683620515869167602961145        0.424420931500048616805957461678228063      
   4.64327674950919358602229693276597526        0.419225760311781478599915193235503074      
   4.63948403001459996996016831336900209        0.414160273434112663679236360926780528      
   4.63564552068566558580778281212939595        0.409219727850929215245392713569740304      
   4.63176125940692784124002525369673088        0.404399609145303741815987087790823354      
   4.62783128451447741768158103221305510        0.399695617892448685961960377520817239      
   4.62385563479557990856881637139708916        0.395103657013168603823817538577886508      
   4.61983434948829300469742371000768279        0.390619820009630387593662026349575357      
   4.61576746828107923043405828289921531        0.386240380012460334943692734582788498      
   4.61165503131241423461410314409962827        0.381961779574630705424302614237764315      
   4.60749707917039063999157333160826888        0.377780621153399514904609782776072828      
   4.60329365289231745515100517091234354        0.373693658226788319073242348382049751      
   4.59904479396431505283497342292088929        0.369697786995787374330535550201132046      
   4.59475054432090571868463666985792244        0.365790038627721965457994002455412096      
   4.59041094634459977443442956777112796        0.361967572000047342016673483232074646      
   4.58602604286547727964569894521770424        0.358227666907306306150804423508676910      
   4.58159587716076531610771876329721722        0.354567717697121680392425930091412140      
   4.57712049295441085907811624182260451        0.350985227303939865052572737334720263      
   4.57259993441664923957829756976725294        0.347477801651821801249782924964497925      
   4.56803424616356820200297612531709413        0.344043144399920813539268283745909418      
   4.56342347325666756134637860242123945        0.340679052006416949663253425509682723      
   4.55876766120241446439113444761711888        0.337383409088615865580289154153845072      
   4.55406685595179425924924112446977213        0.334154184058686003125998627016459018      
   4.54932110389985697768784151499652135        0.330989425016117709864886905060458010      
   4.54453045188525943471584981016203272        0.327887255879457181833654321963568352      
   4.53969494718980294995071810757081075        0.324845872741210196014979041249080149      
   4.53481463753796669532784719693654798        0.321863540431037649564814927922773560      
   4.52988957109643667375831124629267987        0.318938589273487789494423963457737552      
   4.52491979647363033338368687819279472        0.316069412027538436456884991966238090      
   4.51990536271921682211985201974849462        0.313254460996165224574256899729302945      
   4.51484631932363288722464849813405740        0.310492245295016758403734544708952208      
   4.50974271621759442466728420947712939        0.307781328270071704463049039179695785      
   4.50459460377160368312028538963897999        0.305120325054882563247687300732592809      
   4.49940203279545212743769663651849192        0.302507900258681957286813740976108041      
   4.49416505453771896652606545191248396        0.299942765777244910784083855193873692      
   4.48888372068526535055753876382628951        0.297423678718969475336568797349158983      
   4.48355808336272424251714073512596503        0.294949439439162414211268274265136542      
   4.47818819513198596911899373971225853        0.292518889676000332698039957107752252      
   4.47277410899167945616888727161807599        0.290130910782083111325170556463655700      
   4.46731587837664915349319232471761861        0.287784422045908915250782386478311788      
   4.46181355715742765459666102071306920        0.285478379097981278504639696967333693      
   4.45626719963970401625414255085906489        0.283211772396611395214495280593291009      
   4.45067686056378778328368641312427162        0.280983625788805154475994455774530817      
   4.44504259510406872379089205230833204        0.278792995141926781028014952720980605      
   4.43936445886847228021669992767765988        0.276638967042111148020237944962720757      
   4.43364250789791074156310232311654682        0.274520657555656694888813980795880133      
   4.42787679866573014221348246129182404        0.272437211049872039680879940349070207      
   4.42206738807715289280646726910441135        0.270387799070073306042115985509167225      
   4.41621433346871614866430205048167473        0.268371619269637246838269607048005194      
   4.41031769260770592131882393861438788        0.266387894390208678796363326158521578      
   4.40437752369158693872012490786116971        0.264435871289340679681663039017334505      
   4.39839388534742825975495391107103446        0.262514820013013479471221911231711898      
   4.39236683663132464874381095689505732        0.260624032910633950674134617277376166      
   4.38629643702781371562753324020284179        0.258762823790262942068559402987303580      
   4.38018274644928882759596437397261758        0.256930527111953204267779250910910094      
   4.37402582523540779795303193052567329        0.255126497217207058645643053809730663      
   4.36782573415249735805423547182720418        0.253350107592680937395594114350847136      
   4.36158253439295341819416662144158340        0.251600750166374091490264042488959023      
   4.35529628757463712336324409384416213        0.249877834634641694922632359195561509      
   4.34896705574026670983434953996009803        0.248180787818468792292765648914875902      
   4.34259490135680516858149418140611276        0.246509053047531525500836250952084641      
   4.33617988731484372157403108091678729        0.244862089570656279016507078855525172      
   4.32972207692798111703125312439106393        0.243239371991366212199647881305188070      
   4.32322153393219874976348196303366275        0.241640389727278479948041057294452079      
   4.31667832248523161276695787491956922        0.240064646492184628929154633691971052      
   4.31009250716593508628098434730376676        0.238511659799711518510993609220253634      
   4.30346415297364757055686374805980714        0.236980960487520951456905944658465948      
   4.29679332532754896862918134129133224        0.235472092261063285238148596753358501      
   4.29008009006601502542095370356069110        0.233984611255953885559005598053789741      
   4.28332451344596752955505390907143759        0.232518085618091615534186912470810647      
   4.27652666214222038428515927089676316        0.231072095100685845624983995626625170      
   4.26968660324682155400023754795436078        0.229646230677402923607766305608892729      
   4.26280440426839089279729395150525222        0.228240094170884848429760515561977830      
   4.25588013313145386165774360874368618        0.226853297895932221117517629593135412      
   4.24891385817577114080335196342414579        0.225485464316680561725458728085376926      
   4.24190564815566414384819851395285021        0.224136225717133933871926989144622835      
   4.23485557223933644040356690810897159        0.222805223884452647273553764325057883      
   4.22776370000819109383304633135323903        0.221492109804422743579619330717491888      
   4.22063010145614392089544494397556879        0.220196543368564132361650908924446315      
   4.21345484698893268005336544322794296        0.218918193092361744566295183201507159      
   4.20623800742342219526547525283942089        0.217656735844130014563281180504881161      
   4.19897965398690542212061897733257540        0.216411856584045486404370412803047393      
   4.19167985831640046321196820643462971        0.215183248112905455695796884463333586      
   4.18433869245794353968938312034995749        0.213970610830192390063333405194803091      
   4.17695622886587792596807123515326200        0.212773652501044497341675517374997148      
   4.16953254040213885461147064517020071        0.211592088031752304849783550790331731      
   4.16206770033553439844605787270999914        0.210425639253419544022542006876224347      
   4.15456178234102233700548353236152062        0.209274034713444066312084604376201108      
   4.14701486049898301444107206540690527        0.208137009474491008485669295359572553      
   4.13942700929448819607528440858301991        0.207014304920646034149495424705421328      
   4.13179830361656593081423423996361401        0.205905668570451255798099261521861568      
   4.12412881875746142667476900337633382        0.204810853896540436822965175043991621      
   4.11641863041189394672097586244362096        0.203729620151603331462410561548543855      
   4.10866781467630973274424968768675033        0.202661732200421585462391639760854514      
   4.10087644804813096406026474751020643        0.201606960357730531346421994933870968      
   4.09304460742500075883532356935596845        0.200565080231672507228913430725015510      
   4.08517237010402422539361507466908226        0.199535872572618042255226295041947305      
   4.07725981378100557099589918505414430        0.198519123127141418018510624574241810      
   4.06930701654968127561904626235989393        0.197514622496946764641831418995006984      
   4.06131405690094933830469659836844172        0.196522166002550011665027041051773923      
   4.05328101372209460368406732698281741        0.195541553551530714695537239576332349      
   4.04520796629601017632462121073453267        0.194572589511176044561682727508295830      
   4.03709499430041493058292337224594872        0.193615082585347080480976386552455268      
   4.02894217780706712368654781889931082        0.192668845695405015107703163171942816      
   4.02074959728097411980635516505275346        0.191733695865041978478497366585820532      
   4.01251733357959823291884591112319137        0.190809454108867939788345895254271537      
   4.00424546795205869629659961390239844        0.189895945324611569372132314794355631      
   3.99593408203832976650303889952134512        0.188992998188799055898247516121613736      
   3.98758325786843496980590815222792454        0.188100445055780692221857696424328202      
   3.97919307786163749896192948206078445        0.187218121859980583244568292438815174      
   3.97076362482562676836309285682420937        0.186345868021250105222126891907052424      
   3.96229498195570113557295270350764049        0.185483526353210772136909034386539681      
   3.95378723283394679731913946723860296        0.184630942974476954092040813160892181      
   3.94524046142841286804605118858168426        0.183787967222653457524293290140553966      
   3.93665475209228264916936674985660699        0.182954451571007329005457681320522570      
   3.92803018956304109721161867629268962        0.182130251547717394479345595538875777      
   3.91936685896163849903557888720537367        0.181315225657609004317458527127619083      
   3.91066484579165036242964520571014648        0.180509235306285231343269043176659517      
   3.90192423593843353033676938331744183        0.179712144726569373199812011315414270      
   3.89314511566827852705573850942064101        0.178923820907177050832153916340980836      
   3.88432757162755814478081058734701208        0.178144133523539479657855482959294151      
   3.87547169084187227888281140124904921        0.177372954870702626984540212809488949      
   3.86657756071518902037182320544636615        0.176610159798229965758143193142732838      
   3.85764526902898201401853587448009181        0.175855625647039397741888751818126341      
   3.84867490394136409064818759352865676        0.175109232188107655311287171843232387      
   3.83966655398621718215779458119769604        0.174370861562978106426575839808732479      
   3.83062030807231852784405735710874499        0.173640398226010387899314899086567299      
   3.82153625548246318066593433307544243        0.172917728888312683378116379404353985      
   3.81241448587258282210239165771268488        0.172202742463299749817379529903897909      
   3.80325508927086089430227091965410262        0.171495330013821984560958443152166302      
   3.79405815607684405825956315458069485        0.170795384700812919305355093121232925      
   3.78482377706054998678363824725964670        0.170102801733404531591718194598623772      
   3.77555204336157150107015291387950189        0.169417478320461683366101870053006860      
   3.76624304648817705971444763512212581        0.168739313623488833575865417614444258      
   3.75689687831640760904524283046742577        0.168068208710863931561279061266624088      
   3.74751363108916980369235686387887060        0.167404066513356083783256504373600370      
   3.73809339741532560633799279582653628        0.166746791780885201642965265209553969      
   3.72863627026877827563687679299818153        0.166096291040483386063869707330740560      
   3.71914234298755475132617842232775341        0.165452472555419288222930780027164375      
   3.70961170927288444558170133831020846        0.164815246285448108280120026357889477      
   3.70004446318827444971230177102566583        0.164184523848151257961085462408440697      
   3.69044069915858116531987138680103128        0.163560218481331021053866550756703669      
   3.68080051196907836908751017481519973        0.162942245006426800811872370634215723      
   3.67112399676452172039371366291586800        0.162330519792920747311682472744698256      
   3.66141124904820972098550663706531236        0.161724960723701713277000789748177468      
   3.65166236468104113597847228466873578        0.161125487161357595918653571054998579      
   3.64187743988056888548655095696085674        0.160532019915367187018179148311210005      
   3.63205657122005041621931620493583178        0.159944481210163675762190633434221404      
   3.62219985562749456241917704321033373        0.159362794654042930584065195558421795      
   3.61230739038470490554560419382688928        0.158786885208890629266276903863933074      
   3.60237927312631964214803401536492002        0.158216679160703212493106551328976474      
   3.59241560183884796940356659077689990        0.157652104090878506530859519037701560      
   3.58241647485970299782994368997310541        0.157093088848252697285699942552618850      
   3.57238199087623120071856770113000565        0.156539563521861142109603537551369539      
   3.56231224892473840986650379971030604        0.155991459414401278785566113526064545      
   3.55220734838951236722049425890258471        0.155448709016376634451429243245941327      
   3.54206738900184184208000556319406942        0.154911245980901652082716842830010287      
   3.53189247083903232354022553259640322        0.154379005099147739754962734173149451      
   3.52168269432341829788972866410609803        0.153851922276411609395409811194991739      
   3.51143816022137212071123301569648627        0.153329934508787608209773263096905440      
   3.50115896964230949346748086385046920        0.152812979860426358478586598553263771      
   3.49084522403769155438778772664692615        0.152300997441362610958123965167552402      
   3.48049702520002359350421982995473550        0.151793927385895784646068801693094675      
   3.47011447526185040171967837456972342        0.151291710831507212091710062585331018      
   3.45969767669474826382338970831341782        0.150794289898298635613044799108415523      
   3.44924673230831360540242339132296593        0.150301607668937006558145576001630105      
   3.43876174524914830363088483808945001        0.149813608169091127907670820102827373      
   3.42824281899984167195135540030668186        0.149330236348346150816191966561556918      
   3.41769005737794912869598009530630980        0.148851438061582388855118762357311203      
   3.40710356453496755972733136178507155        0.148377160050805350440388901809826690      
   3.39648344495530738521180591466243454        0.147907349927414310864191467151725341      
   3.38582980345526134067084065220965745        0.147441956154897151133197333259815305      
   3.37514274518196998248766232001752915        0.146980928031939582049785704946814296      
   3.36442237561238392807961393786110462        0.146524215675937249234943874876538895      
   3.35366880055222284097832852800822177        0.146071770006899578634134274979384161      
   3.34288212613493117109214712893189703        0.145623542731734572998809610959092808      
   3.33206245882063066045720311964964173        0.145179486328904108401962981168716895      
   3.32120990539506962481551820095123839        0.144739554033439606509952378104837546      
   3.31032457296856902139027666552012835        0.144303699822308273557956461450331716      
   3.29940656897496531326016352533920764        0.143871878400120401206174385768892299      
   3.28845600117055014076626833874623585        0.143444045185168518112819812940208663      
   3.27747297763300681041656987902754814        0.143020156295789464554659824405847270      
   3.26645760676034361178442680048761304        0.142600168537040736145759600364440684      
   3.25540999726982397292880587650218519        0.142184039387682707023309158100591939      
   3.24433025819689346489518189817254288        0.141771726987458598143420261259583457      
   3.23321849889410366588714162389142322        0.141363190124664302902185665611853887      
   3.22207482903003289572971795248005536        0.140958388224000420496464218424209203      
   3.21089935858820383127636944966404466        0.140557281334699077579589807676057151      
   3.19969219786599801344230418466223052        0.140159830118918341151326665399110278      
   3.18845345747356725657752522674309233        0.139765995840397240538346740777978526      
   3.17718324833274197092354780797443566        0.139375740353364624048889858542210053      
   3.16588168167593640892820477631423159        0.138989026091695276689377691993617822      
   3.15454886904505084622331724197028946        0.138605816058306919467072968833746896      
   3.14318492229037070810026095995036628        0.138226073814791898516558649081895884      
   3.13178995356946265234860569434097402        0.137849763471277553814133174232537487      
   3.12036407534606761935304427755689667        0.137476849676509432809007246531980877      
   3.10890740038899086037376001411678373        0.137107297608151684120241927902747890      
   3.09742004177098895496520518800701908        0.136741072963299130731843872708669657      
   3.08590211286765382851797942104447981        0.136378141949195681065222012653185642      
   3.07435372735629378093810420355395836        0.136018471274153890110292649990233390      
   3.06277499921481153750748878592317782        0.135662028138670631638309391466034239      
   3.05116604272057933299877248904548563        0.135308780226733986578158811990174763      
   3.03952697244931104014700907324139959        0.134958695697316592083635133410031099      
   3.02785790327393135360982980997767104        0.134611743176050830815680434760253851      
   3.01615895036344204057678304067030746        0.134267891747081370667985367499036006      
   3.00443022918178526921749899524445541        0.133927110945090691727833593759619865      
   2.99267185548670402618716919419453122        0.133589370747493359831952346317132268      
   2.98088394532859963443655958699795633        0.133254641566794924789124124664182604      
   2.96906661504938638260239540333343227        0.132922894243111436331788117071182844      
   2.95721998128134327728246322918373561        0.132594100036845682257050152466027295      
   2.94534416094596292952817178620554937        0.132268230621516361147743762202109573      
   2.93343927125279758691559700946825502        0.131945258076736506646043978110666679      
   2.92150542969830232258420900664697281        0.131625154881337581600710747666372688      
   2.90954275406467539266053806295640213        0.131307893906635758635076267250055926      
   2.89755136241869577351198375359439789        0.130993448409836998892978643858524606      
   2.88553137311055789030380516340308474        0.130681792027577633016583879216625006      
   2.87348290477270354836005091714103469        0.130372898769597237892204492291217924      
   2.86140607631865107885679491960035640        0.130066743012540689462920993357942404      
   2.84930100694182171040353712032564214        0.129763299493886356041624608947275239      
   2.83716781611436317809600798154867294        0.129462543305997478153228558563390132      
   2.82500662358597058165088036992032640        0.129164449890293860075198608382059731      
   2.81281754938270450426004304360427815        0.128868995031541075013074552191884483      
   2.80060071380580640382912549833191332        0.128576154852254460321145028506218598      
   2.78835623743051128829188440227390185        0.128285905807215251433879201390331668      
   2.77608424110485768671886692436710566        0.127998224678096273284332770993775965      
   2.76378484594849492796545567949049446        0.127713088568194676022105807699025925      
   2.75145817335148773863097351319690429        0.127430474897269267873564336332909054      
   2.73910434497311817212698366630891598        0.127150361396480062076529602168968841      
   2.72672348274068488067926173445394988        0.126872726103427717033722130827426781      
   2.71431570884829974211414000957195906        0.126597547357290609224897633279700621      
   2.70188114575568185330603200075696800        0.126324803794057337055633765550160762      
   2.68941991618694890218893492282342869        0.126054474341852510757839686091406223      
   2.67693214312940593026058045620928938        0.125786538216353738747977419354049179      
   2.66441794983233149753365886588849917        0.125520974916297774546489742373646084      
   2.65187745980576126191417836567708283        0.125257764219073840516953473981815963      
   2.63931079681926898501254017465403916        0.124996886176402195345165662652828924      
   2.62671808490074497641830978252331307        0.124738321110096061394153386499947520      
   2.61409944833517198849494626992744371        0.124482049607905075886755158544507428      
   2.60145501166339857377591386847077263        0.124228052519438476327144539545798786      
   2.58878489968090991706864304517812524        0.123976310952166275719117511590284081      
   2.57608923743659615439773201013838386        0.123726806267496727013336711013151229      
   2.56336815023151819094358342817534417        0.123479520076928418857794412461514334      
   2.55062176361767103015735502074641231        0.123234434238275386173936177460736526      
   2.53785020339674462625766642927280733        0.122991530851963659372280427950616490      
   2.52505359561888227233894793331942631        0.122750792257397715191814837627386115      
   2.51223206658143653634563913522357164        0.122512201029395330231570963723777705      
   2.49938574282772275719064729686597213        0.122275739974689375274025152214390767      
   2.48651475114577011332055540542516967        0.122041392128495124510669321872865114      
   2.47361921856707027605402901549358474        0.121809140751141688801475760071702322      
   2.46069927236532366004370822839519314        0.121578969324766216162234421855910577      
   2.44775504005518328323558659066590358        0.121350861550069535806049373410621271      
   2.43478664939099624872347198837697139        0.121124801343131954295850700670566423      
   2.42179422836554286091959554944264195        0.120900772832287943720880186520124642      
   2.40877790520877338848578291060721389        0.120678760355058492318111027113819256      
   2.39573780838654248649282772901495001        0.120458748455139917644960950953539510      
   2.38267406659934129029880979090231960        0.120240721879447971297112210700793922      
   2.36958680878102719366007926400378179        0.120024665575216092278609741393179248      
   2.35647616409755132361148432893440275        0.119810564687146693493738748818425751      
   2.34334226194568372467515138252856109        0.119598404554614392463801055303372197      
   2.33018523195173626497973500851864329        0.119388170708920123298405876366636227      
   2.31700520397028327689453873489907644        0.119179848870595092191155461681141217      
   2.30380230808287994480526702093303187        0.118973424946753563283853997721371554      
   2.29057667459677845268040371934317939        0.118768885028493485671162561503236169      
   2.27732843404364190409932222133546019        0.118566215388343995617898264678291559      
   2.26405771717825602743521739551953111        0.118365402477758850752259875013203431      
   2.25076465497723867890780905952929124        0.118166432924654875097897471889671819      
   2.23744937863774715624250085946590312        0.117969293530994515333107267447807489      
   2.22411201957618333569428686267693350        0.117773971270411629633156258980043108      
   2.21075270942689664521618068058210056        0.117580453285879650877929870794543722      
   2.19737158004088488657329831823494635        0.117388726887421285907345711680409176      
   2.18396876348449291922495598529170068        0.117198779549858931896393545413528351      
   2.17054439203810921881824758951174932        0.117010598910605009814876930750290290      
   2.15709859819486032315754336055562627        0.116824172767491433348119195726706908      
   2.14363151465930317853520081164436983        0.116639489076637449597786630105570422      
   2.13014327434611539932950183381988550        0.116456535950355105369878917601260650      
   2.11663401037878345379642492757590003        0.116275301655091609902732035814561243      
   2.10310385608828878900232920624687972        0.116095774609407881504064482298842035      
   2.08955294501179190786496665274061505        0.115917943381992581764780756019240545      
   2.07598141089131441129045097523301268        0.115741796689710956810161176196355955      
   2.06238938767241901841389508882798981        0.115567323395687820447589116392317624      
   2.04877700950288757797138455070348209        0.115394512507424029085122493802306550      
   2.03514441073139708385078099896559346        0.115223353174945812937696574565982571      
   2.02149172590619370788854759463520547        0.115053834688986342317915487234563537      
   2.00781908977376486299935744748401441        0.114885946479198921736301677495845701      
   1.99412663727750930974468582668209604        0.114719678112401218121273436650500372      
   1.98041450355640531946589742455349768        0.114555019290849942721464323456574891      
   1.96668282394367690712652086557353509        0.114391959850545419181454357594489748      
   1.95293173396545814702745384377343184        0.114230489759565482895446062023587887      
   1.93916136933945558457776354191712537        0.114070599116428169050517725270605885      
   1.92537186597360875732253814843619139        0.113912278148482658780193465827173934      
   1.91156335996474883844790615769067530        0.113755517210327964568307877367809420      
   1.89773598759725541600187053149098505        0.113600306782258847480394612018086448      
   1.88388988534171142108800453208134097        0.113446637468738469962742744770851233      
   1.87002518985355621830732492735068203        0.113294499996897298845266337472046267      
   1.85614203797173687174179613759585960        0.113143885215057783820627390343343181      
   1.84224056671735759979092556070089597        0.112994784091284347055635373903432192      
   1.82832091329232743219078560139657276        0.112847187711958229728608522782931654      
   1.81438321507800608256254166390474674        0.112701087280376751184716038103153147      
   1.80042760963384804985517737062800954        0.112556474115376546066727836114439417      
   1.78645423469604496206458836879438732        0.112413339649980354217295698850005170      
   1.77246322817616617562856410958705899        0.112271675430066947366913367374754911      
   1.75845472815979764391439275906264261        0.112131473113063785624916233728800438      
   1.74442887290517906823290775717572790        0.111992724466662005584978514068812521      
   1.73038580084183934482974531187613164        0.111855421367553350447078824776960107      
   1.71632565056923032132140013223158453        0.111719555800188660950207785069680729      
   1.70224856085535887606035180186522243        0.111585119855557554109404583919850921      
   1.68815467063541733393008620700906600        0.111452105729988924762106212240190999      
   1.67404411901041223208725519880010809        0.111320505723971912757202621072191708      
   1.65991704524579144918450302503793406        0.111190312240996986270403752500144140      
   1.64577358877006971162363985175221965        0.111061517786416799206195834288914175      
   1.63161388917345249040486075018331579        0.110934114966326487954319643514116205      
   1.61743808620645830215359269206771621        0.110808096486463079911741258148557192      
   1.60324631977853942792230221867222307        0.110683455151123693163782180265533607      
   1.58903872995670106338021237138866609        0.110560183862102213544587879330267719      
   1.57481545696411891401935903976232364        0.110438275617644141971483866624082938      
   1.56057664117875524902076394378481507        0.110317723511419311473926849403642025      
   1.54632242313197342743971386966699541        0.110198520731512179719527598072357603      
   1.53205294350715091038421337197891834        0.110080660559429409080719262216895440      
   1.51776834313829077287562079119254311        0.109964136369124452389685657364602809      
   1.50346876300863172909528496681073152        0.109848941626038868499665566256053680      
   1.48915434424925668473567230626886505        0.109735069886160097611132787837392223      
   1.47482522813769983018901075384362089        0.109622514795095432034946229996474607      
   1.46048155609655228832087854842393407        0.109511270087161923654608560717368384      
   1.44612346969206633059043132205641753        0.109401329584491974819417377779680717      
   1.43175111063275817529309093187526764        0.109292687196154364752606514079750628      
   1.41736462076800938171551329690903818        0.109185336917290468796541903846339874      
   1.40296414208666685400651029020975496        0.109079272828265432943561749637110782      
   1.38854981671564146858132227900293061        0.108974489093834071118962703872720907      
   1.37412178691850533889022307568408559        0.108870979962321257594685669101165977      
   1.35968019509408773139588772640820717        0.108768739764816591721127223936213440      
   1.34522518377506964661726558900031427        0.108667762914383116872805694521857595      
   1.33075689562657707911087640657366033        0.108568043905279880113886210116829221      
   1.31627547344477297027348543754256033        0.108469577312198123604292029650837807      
   1.30178106015544786786301502797622308        0.108372357789510903188710922401732843      
   1.28727379881260930614731418112728938        0.108276380070535933941593849319391820      
   1.27275383259706992060303456550692398        0.108181638966811466683526388124133401      
   1.25822130481503431109935088244497150        0.108088129367385003640360177911261798      
   1.24367635889668466751361546340274763        0.107995846238114665488393901399078329      
   1.22911913839476517173825126448874552        0.107904784620983026018807301122721556      
   1.21454978698316519005026395011373567        0.107814939633423234564539947592167787      
   1.19996844845550126982669239032092235        0.107726306467657250164879212285195862      
   1.18537526672369795460111751920964717        0.107638880390046015199138709634388297      
   1.17077038581656743146801199857006135        0.107552656740451399902879702402751348      
   1.15615394987838802485323738625721008        0.107467630931609752790016176387236308      
   1.14152610316748155068038140921626698        0.107383798448516895543665662740638879      
   1.12688699005478954497387537405201327        0.107301154847824404409533571377885616      
   1.11223675502244838095094060260743898        0.107219695757247023529676236359580769      
   1.09757554266236328866538294653867234        0.107139416874981058993362066406344033      
   1.08290349767478129127708580507512729        0.107060313969133605657084944441217530      
   1.06822076486686307203174453713366994        0.106982382877162461999183135338916401      
   1.05352748915125378604593861718327595        0.106905619505326591427545415324330997      
   1.03882381554465283100305222957381789        0.106830019828146991553071204349539637      
   1.02410988916638259087582912566382651        0.106755579887877835978383837892553297      
   1.00938585523695616680148338059599227        0.106682295793987756132230896351782212      
  0.994651859076644109245284081939368945        0.106610163722651133606463359673598326      
  0.979908046104040165598388861983394437        0.106539179916249276325853420970434650      
  0.965154561834626057365418451947483688        0.106469340682881354702643709609842941      
  0.950391551879335301106841993855574371        0.106400642395884976698941509851532824      
  0.935619161943116087310680599791048709        0.106333081493366283442172740490150896      
  0.920837537823493231377334505547020487        0.106266654477739449713054661898816375      
  0.906046825409129210910497034554015363        0.106201357915275476253167300989339659      
  0.891247170678384303516136378017102383        0.106137188435660163421407203990564529      
  0.876438719697875839320403819425603037        0.106074142731561158266571907144366412      
  0.861621618621036582426064398392063694        0.106012217558203969578201615653180139      
  0.846796013686672255535643033898977404        0.105951409732956847930722532542904361      
  0.831962051217518221977935725632534558        0.105891716134924430147995741268301257      
  0.817119877618795339382851540699364520        0.105833133704550049987654043533255081      
  0.802269639376764999257726589578269508        0.105775659443226619178160792792792684      
  0.787411483057283366726286018965545764        0.105719290412915985237380928378936811      
  0.772545555304354834699324120929163462        0.105664023735776674760624445968384675      
  0.757672002838684706753925899582517637        0.105609856593799933089594395121087933      
  0.742790972456231123005665771801323979        0.105556786228453973462412391941687833      
  0.727902611026756243265690432206810805        0.105504809940336350899851678982492972      
  0.713007065492376701781923210985458107        0.105453925088834378205008556067923929      
  0.698104482866113347870816423762976876        0.105404129091793503543796236105589274      
  0.683195010230440286753126184743929118        0.105355419425193571132741210154447610      
  0.668278794735833234914090858107585585        0.105307793622832888589473631137685562      
  0.653355983599317204315159690049027866        0.105261249276020026500885425073896460      
  0.638426724103013529791042128100622351        0.105215784033273277735021512969599490      
  0.623491163592686253972330830086998139        0.105171395600027705966193220326924209      
  0.608549449476287884080292328276924628        0.105128081738349714799365564306211303      
  0.593601729222504534946618682415272119        0.105085840266659070770363393976296676      
  0.578648150359300472616991167162249737        0.105044669059458315363642409555715459      
  0.563688860472462072903223035248253549        0.105004566047069503030042809579540937      
  0.548724007204141209254522618982354725        0.104965529215378204003834896629624472      
  0.533753738251398084324050422641526673        0.104927556605584712512213330624059221      
  0.518778201364743519612434361126727881        0.104890646313962402741922946490996178      
  0.503797544346680717575255861911869879        0.104854796491623176677614851046986311      
  0.488811915050246510586726114944362877        0.104820005344289949655535614125734456      
  0.473821461377552111156836277394651090        0.104786271132076121184931949185293664      
  0.458826331278323377804187867012069023        0.104753592169271980278784367577603146      
  0.443826672748440610991489860743206025        0.104721966824137996205831165206798231      
  0.428822633828477893535347107027188561        0.104691393518704947227963673942266677      
  0.413814362602241989906460515023864393        0.104661870728580841521609913912586907      
  0.398802007195310818840713057583486981        0.104633396982764586099311938461887399      
  0.383785715773571513685826874062152263        0.104605970863466361148968349586898994      
  0.368765636541758084912345642562603232        0.104579591005934658793774872264843944      
  0.353741917741988699221622868676842483        0.104554256098289946846361173369185228      
  0.338714707652302589687280770572565244        0.104529964881364919686591770818062639      
  0.323684154585196611370245990952793737        0.104506716148551299934565530715697890      
  0.308650406886161456850967399086737283        0.104484508745653156119097011414340515      
  0.293613612932217546125777726225666804        0.104463341570746703057971716124788200      
  0.278573921130450605317574672153448987        0.104443213574046553170107230874108608      
  0.263531479916546948654068397657463530        0.104424123757778388431987779390074000      
  0.248486437753328478169770947029668221        0.104406071176058024171929217108421409      
  0.233438943129287415590689097415186576        0.104389054934776837366427286519129995      
  0.218389144557120780863325380420770529        0.104373074191493533563590820269699772      
  0.203337190572264631792092539789969383        0.104358128155332228010004942526518685      
  0.188283229731428079251604452466818031        0.104344216086886817999843595462102597      
  0.173227410611127092442521525735057150        0.104331337298131624899187587566806318      
  0.158169881806218108661700768474380759        0.104319491152338285724831062327319720      
  0.143110791928431462059330099467301279        0.104308677063998875575898900909194264      
  0.128050289604904645857512981077895075        0.104298894498755243628869307020836039      
  0.112988523476715422506413134874646070        0.104290142973334546812615286693391540      
   9.79256421974147962555698906615004593E-0002  0.104282422055490966680358222019062942      
   8.28617944315598626193526271018699537E-0002  0.104275731363953596390475493200868242      
   6.77971288532465492167377672676087160E-0002  0.104270070568380486098428602473937157      
   5.27317941446422624666638840274430573E-0002  0.104265439389318836448182469198103390      
   3.76659389945184546211496376257302136E-0002  0.104261837598171331233872236342062998      
   2.25997120967831256191455019223280003E-0002  0.104259265017168601681640825980481175      
   7.53326214901327424473352880792809615E-0003  0.104257721519347816178016674462101997      
  -7.53326214901268692621025407259249991E-0003  0.104257207028537390645423197551553710      
  -2.25997120967825383064188239016339748E-0002  0.104257721519347816137905037803824547      
  -3.76659389945178673200160958242499366E-0002  0.104259265017168601601415573190691663      
  -5.27317941446416751829199035301745723E-0002  0.104261837598171331113529408235934899      
  -6.77971288532459619561796015316004510E-0002  0.104265439389318836287716126402450047      
  -8.28617944315592753877763007495391159E-0002  0.104270070568380485897830824711926031      
  -9.79256421974142090587711422762099553E-0002  0.104275731363953596149736378338057139      
 -0.112988523476714835350187359799104600        0.104282422055490966399465884870544482      
 -0.128050289604904058747655174215944716        0.104290142973334546491555857591778219      
 -0.143110791928430875001634798089657351        0.104298894498755243267626930144764948      
 -0.158169881806217521661961995028888289        0.104308677063998875174455732371976204      
 -0.173227410611126505506532730662028529        0.104319491152338285283167268025304005      
 -0.188283229731427492385158457020015941        0.104331337298131624417281340786978030      
 -0.203337190572264045000981478863799924        0.104344216086886817477671074248374940      
 -0.218389144557120194153340645384249775        0.104358128155332227447540326804128767      
 -0.233438943129286828967621278953246221        0.104373074191493532960806288727061098      
 -0.248486437753327891639409777992363199        0.104389054934776836723293013246440384      
 -0.263531479916546362222202695917646043        0.104406071176058023488413367992269377      
 -0.278573921130450018989992283473473292        0.104424123757778387708056508263232114      
 -0.293613612932216959908265467133688117        0.104443213574046552405724675419645325      
 -0.308650406886160870749310999763168931        0.104463341570746702253099993533574661      
 -0.323684154585196025390230038127486026        0.104484508745653155273696213794971863      
 -0.338714707652302003834688650433269756        0.104506716148551299048593720255792185      
 -0.353741917741988113502236709789525265        0.104529964881364918760004974695842944      
 -0.368765636541757499331946258804170225        0.104554256098289945879113378414193383      
 -0.383785715773570928250193707566150147        0.104579591005934657785818019366576171      
 -0.398802007195310233555624121699342446        0.104605970863466360100252327850095399      
 -0.413814362602241404777692337290225116        0.104633396982764585009784579107148300      
 -0.428822633828477308568674672159928693        0.104661870728580840391216983920929927      
 -0.443826672748440026192686553638658323        0.104691393518704946056648869442178258      
 -0.458826331278322793179025415766046576        0.104721966824137994993536104602273316      
 -0.473821461377551526711084696337821341        0.104753592169271979025448584415605303      
 -0.488811915050245926326153647694535694        0.104786271132076119890492884761007048      
 -0.503797544346680133505628924443760746        0.104820005344289948319928609823916369      
 -0.518778201364742935739517484859763774        0.104854796491623175300773140417666501      
 -0.533753738251397500653606197546243037        0.104890646313962401323777647057706048      
 -0.548724007204140625792311636705962245        0.104927556605584711052693435422709199      
 -0.563688860472461489655003832259923451        0.104965529215378202502867265476084230      
 -0.578648150359299889588520167918683762        0.105004566047069501487552160063910392      
 -0.593601729222503952143650142547116928        0.105044669059458313779551307761209226      
 -0.608549449476287301508578277796591666        0.105085840266659069144592244920597311      
 -0.623491163592685671637621016618450182        0.105128081738349713131832602103078663      
 -0.638426724103012947699083960131684946        0.105171395600027704256814498065779930      
 -0.653355983599316622471698180206788834        0.105215784033273275983710892310736019      
 -0.668278794735832653324868566457438669        0.105261249276020024707554565556889638      
 -0.683195010230439705423883162112825240        0.105307793622832886754031979200518474      
 -0.698104482866112766807290155087439657        0.105355419425193569255095987860781250      
 -0.713007065492376120989848558684923552        0.105404129091793501623852429577542347      
 -0.727902611026755662750799579582851280        0.105453925088834376242668903621649935      
 -0.742790972456230542773688166463311944        0.105504809940336348895016658963767457      
 -0.757672002838684126810588196900292257        0.105556786228453971414980210258642377      
 -0.772545555304354255050350127513252850        0.105609856593799930999460972471150154      
 -0.787411483057282787377396636175507318        0.105664023735776672627683404756404940      
 -0.802269639376764420214639757059702528        0.105719290412915983061523579323402598      
 -0.817119877618794760651282179950154984        0.105775659443226616959276121216950966      
 -0.831962051217517643563595683598886315        0.105833133704550047725628695337880499      
 -0.846796013686671677444241026601789487        0.105891716134924427842714008582765177      
 -0.861621618621036004663305954584207543        0.105951409732956845582066339051114539      
 -0.876438719697875261891991224280657658        0.106012217558203967186050501590875127      
 -0.891247170678383726427768616850100494        0.106074142731561155830803013964161626      
 -0.906046825409128634167869736574760674        0.106137188435660160941895258691057649      
 -0.920837537823492654986139887646526059        0.106201357915275473729784600104493212      
 -0.935619161943115511276607410361654246        0.106266654477739447145671055143743348      
 -0.950391551879334725435575456645296148        0.106333081493366280830655614059336304      
 -0.965154561834625482062640209949151487        0.106400642395884974043155769365429083      
 -0.979908046104039590669776921359129402        0.106469340682881352002451762705680471      
 -0.994651859076643534696512755980954693        0.106539179916249273581115159532991148      
  -1.00938585523695559263822323372169328        0.106610163722651130817036141701570516      
  -1.02410988916638201710374691745220677        0.106682295793987753297969527455301876      
  -1.03882381554465225762781085883511187        0.106755579887877833099140552417286548      
  -1.05352748915125321307319706606886383        0.106830019828146988628695646122702919      
  -1.06822076486686249946715781528420709        0.106905619505326588457884618017850416      
  -1.08290349767478071912630489380788370        0.106982382877162458984081502444847740      
  -1.09757554266236271693405474307462734        0.107060313969133602596384228854433866      
  -1.11223675502244780964470786433868601        0.107139416874981055886901349609383877      
  -1.12688699005478897409837666285002120        0.107219695757247020377291907204435548      
  -1.14152610316748098024125103578155461        0.107301154847824401211059304459387599      
  -1.15615394987838745485610535451096885        0.107383798448516892298932396355990701      
  -1.17077038581656686191850395008829323        0.107467630931609749498852090076102389      
  -1.18537526672369738550485467770035238        0.107552656740451396565110194062206771      
  -1.19996844845550070118929150614489044        0.107638880390046011814586372202894514      
  -1.21454978698316462187733724484948766        0.107726306467657246733363809989643454      
  -1.22911913839476460403540637554217236        0.107814939633423231085878391751895603      
  -1.24367635889668410028645538866199286        0.107904784620983022492813625504286827      
  -1.25822130481503374435347392498110443        0.107995846238114661914879237115416357      
  -1.27275383259706935434403427832094761        0.108088129367385000019132727858734351      
  -1.28727379881260874038077931194403170        0.108181638966811463014391400950822393      
  -1.30178106015544730259452946408565259        0.108276380070535930224353592917850497      
  -1.31627547344477240550862815068907306        0.108372357789510899423164656919258476      
  -1.33075689562657651485522139789388076        0.108469577312198119790235980010178999      
  -1.34522518377506908287638183400995446        0.108568043905279876251113538040087208      
  -1.35968019509408716817533912003852690        0.108667762914383112961106470050183343      
  -1.37412178691850477619556837736849571        0.108768739764816587760288396437742586      
  -1.38854981671564090641811505781428126        0.108870979962321253584491037759469539      
  -1.40296414208666629238029887004885124        0.108974489093834067059192887647882706      
  -1.41736462076800882063184070174492285        0.109079272828265428833994156691372057      
  -1.43175111063275761475749483103781251        0.109185336917290464636950700426077315      
  -1.44612346969206577060844397558176327        0.109292687196154360542762592845376292      
  -1.46048155609655172889802675245331589        0.109401329584491970559088325574870391      
  -1.47482522813769927133081578607612352        0.109511270087161919343558625768840071      
  -1.48915434424925612644764987146863971        0.109622514795095427672936288535348743      
  -1.50346876300863117138294514236921634        0.109735069886160093197920310132971943      
  -1.51776834313829021574446797274622542        0.109848941626038864035004582052666030      
  -1.53205294350715035383974621908317082        0.109964136369124447873326720711939180      
  -1.54632242313197287148742525152652623        0.110080660559429404512409415684083815      
  -1.56057664117875469366614088504126587        0.110198520731512175099010336335787642      
  -1.57481545696411835926788266633955305        0.110317723511419306800942082198349053      
  -1.58903872995670050923735785639624821        0.110438275617644137245767881048276139      
  -1.60324631977853887439353872836770067        0.110560183862102208765873301492362880      
  -1.61743808620645774924438333187813597        0.110683455151123688331797936262820699      
  -1.63161388917345193812066251078658521        0.110808096486463075026212534366397346      
  -1.64577358877006915996990355521881034        0.110934114966326483014967846234322593      
  -1.65991704524579089816667327103346939        0.111061517786416794212738548595724745      
  -1.67404411901041168171077031084936319        0.111190312240996981222554700471943061      
  -1.68815467063541678420037817882190916        0.111320505723971907654671619246878867      
  -1.70224856085535832698284624372503032        0.111452105729988919604599128341835632      
  -1.71632565056922977290151621744665949        0.111585119855557548896623292833996842      
  -1.73038580084183879707289572329464762        0.111719555800188655681850124054394647      
  -1.74442887290517852114449863376473964        0.111855421367553345122838547896433744      
  -1.75845472815979709749982364255167139        0.111992724466662000204545245836039981      
  -1.77246322817616562989322789117679907        0.112131473113063780187975421943558631      
  -1.78645423469604441701387123593104602        0.112271675430066941873146235142812534      
  -1.80042760963384750549445875384381183        0.112413339649980348666379195769176868      
  -1.81438321507800553889719418372512803        0.112556474115376540458334588612786659      
  -1.82832091329232688922617501531458185        0.112701087280376745518514298914308876      
  -1.84224056671735705753241071021933642        0.112847187711958224004262119543195857      
  -1.85614203797173633019472889533768703        0.112994784091284341272803656854945951      
  -1.87002518985355567747705014423818174        0.113143885215057777978965179127302413      
  -1.88388988534171088097985998458460712        0.113294499996897292944423866995560793      
  -1.89773598759725487662118686894622303        0.113446637468738464002365610130691950      
  -1.91156335996474829980000684968884236        0.113600306782258841460123712464189981      
  -1.92537186597360821941273943228250398        0.113755517210327958487779359289029490      
  -1.93916136933945504741137437016194046        0.113912278148482652639038664741377490      
  -1.95293173396545761060977583181503037        0.114070599116428162848363106800812232      
  -1.96668282394367637146284823933331748        0.114230489759565476631913161841439515      
  -1.98041450355640478456151696822411177        0.114391959850545412856159720311924059      
  -1.99412663727750877560487683054901080        0.114555019290849936334019440446135626      
  -2.00781908977376432962939165582105860        0.114719678112401211671284682774287725      
  -2.02149172590619317529368915367457446        0.114885946479198915223370246722652149      
  -2.03514441073139655203628640494285721        0.115053834688986335741637327124280931      
  -2.04877700950288704694250259797808721        0.115223353174945806297662319599890723      
  -2.06238938767241848817586681807977582        0.115394512507424022380917397537369460      
  -2.07598141089131388184850962173526164        0.115567323395687813678792982417114495      
  -2.08955294501179137922433759471012676        0.115741796689710949976348287865764622      
  -2.10310385608828826116822991327160191        0.115917943381992574865519804944467643      
  -2.11663401037878292677406490912060603        0.116095774609407874538918495568857747      
  -2.13014327434611487312408258781042487        0.116275301655091602871258301924447705      
  -2.14363151465930265315191577313097719        0.116456535950355098271628911062418130      
  -2.15709859819485979860157785045581893        0.116639489076637442432305934712148431      
  -2.17054439203810869509477876343330264        0.116824172767491426114947426452034179      
  -2.18396876348449239633915278243620942        0.117010598910605002513547654246469808      
  -2.19737158004088436453032141038248614        0.117198779549858924526434199086740217      
  -2.21075270942689612402118242115747329        0.117388726887421278468277521313824402      
  -2.22411201957618281535241123589802820        0.117580453285879643369267766690096315      
  -2.23744937863774663675888342957464115        0.117773971270411622054408790589634325      
  -2.25076465497723816028757692010568490        0.117969293530994507683776516463826417      
  -2.26405771717825550968348911887934040        0.118166432924654867377478963764006994      
  -2.27732843404364138722120780801194489        0.118365402477758842960242488873193884      
  -2.29057667459677793668100454765346453        0.118566215388343987753764141607319533      
  -2.30380230808287942968967579662955505        0.118768885028493477734387011152897739      
  -2.31700520397028276266783944090664696        0.118973424946753555273905403221375987      
  -2.33018523195173575164700285475757376        0.119179848870595084107495182812282431      
  -2.34334226194568321224145275582440238        0.119388170708920115140488150961352611      
  -2.35647616409755081208187674301474556        0.119598404554614384231072898837559838      
  -2.36958680878102668303961130958264264        0.119810564687146685185639852157298052      
  -2.38267406659934078059252108585258757        0.120024665575216083894572366653069353      
  -2.39573780838654197770574886862938860        0.120240721879447962836561085187875323      
  -2.40877790520877288062293541794852360        0.120458748455139909107313159139496344      
  -2.42179422836554235398599182578304820        0.120678760355058483702775900607525553      
  -2.43478664939099574272411526372785272        0.120900772832287935027259191993395920      
  -2.44775504005518277817547087439792627        0.121124801343131945523337325695021489      
  -2.46069927236532315592781825994946025        0.121350861550069526954029010161640998      
  -2.47361921856706977288734021518426639        0.121578969324766207230084248638598140      
  -2.48651475114576961110803382533411354        0.121809140751141679788564620622639899      
  -2.49938574282772225593724957182977853        0.122041392128495115416357602390318915      
  -2.51223206658143603605631243391360162        0.122275739974689366097664656068444687      
  -2.52505359561888177301862990941525214        0.122512201029395320972504783796669743      
  -2.53785020339674412791128517272955621        0.122750792257397705849377226233081700      
  -2.55062176361767053278982900915651343        0.122991530851963649945796664281380941      
  -2.56336815023151769455982147822513819        0.123234434238275376662722432507157223      
  -2.57608923743659565900263322916008369        0.123479520076928409261157611351078480      
  -2.58878489968090942266709678279760912        0.123726806267496717330574392711100009      
  -2.60145501166339808037279966835166987        0.123976310952166265949517685905040965      
  -2.61409944833517149609513382161201574        0.124228052519438466469985541379805401      
  -2.62671808490074448502665887337057705        0.124482049607905065941305499329795475      
  -2.63931079681926849463390064187563438        0.124738321110096051359671602756226267      
  -2.65187745980576077255339004847132994        0.124996886176402185220900161604274934      
  -2.66441794983233100919555155767314941        0.125257764219073830302142376167113155      
  -2.67693214312940544294997385695340263        0.125520974916297764240360721182137785      
  -2.68941991618694841591063859147888946        0.125786538216353728349747537419129604      
  -2.70188114575568136806484530779007738        0.126054474341852500266715228470493091      
  -2.71431570884829925791485208959558372        0.126324803794057326470810069618753493      
  -2.72672348274068439752665143896070032        0.126597547357290598545558915265138534      
  -2.73910434497311769002581951650580785        0.126872726103427706259041308906013609      
  -2.75145817335148725758601365294198338        0.127150361396480051205668116048128327      
  -2.76378484594849444798144782833187425        0.127430474897269256905671963237971522      
  -2.77608424110485720780054833068489416        0.127713088568194664956320474682123278      
  -2.78835623743051081044398179652547076        0.127998224678096262119780363480134719      
  -2.80060071380580592705635504640097793        0.128285905807215240169673367875001701      
  -2.81281754938270402856711030025424782        0.128576154852254448956386981311955037      
  -2.82500662358597010704248023235236979        0.128868995031541063546852864196511810      
  -2.83716781611436270457682464306498679        0.129164449890293848506589005621184861      
  -2.84930100694182123797824402409834727        0.129462543305997466481293708611795788      
  -2.86140607631865060753005471254650862        0.129763299493886344265413904979713028      
  -2.87348290477270307813651540390417237        0.130066743012540677581470333787351497      
  -2.88553137311055742118811526044180378        0.130372898769597225904536055879622138      
  -2.89755136241869530550876944337837388        0.130681792027577620921705895551101053      
  -2.90954275406467492577441834827033597        0.130993448409836986689885159081686958      
  -2.92150542969830185681979186500289709        0.131307893906635746322746904931465684      
  -2.93343927125279712227747934762665556        0.131625154881337569178110464698145484      
  -2.94534416094596246602093939480575239        0.131945258076736494112122815507325035      
  -2.95721998128134281491069073748400286        0.132268230621516348501436590681394197      
  -2.96906661504938592137064623406122279        0.132594100036845669497276412683948642      
  -2.98088394532859917434938591131077858        0.132922894243111423457451554381049915      
  -2.99267185548670356724911188675185858        0.133254641566794911799112518265693769      
  -3.00443022918178481143308758939112412        0.133589370747493346725137232657842330      
  -3.01615895036344158395053568373184926        0.133927110945090678503069984047208192      
  -3.02785790327393089814625321866802535        0.134267891747081357324111459178788932      
  -3.03952697244931058585059848918343738        0.134611743176050817351517316808031272      
  -3.05116604272057887987401163440479191        0.134958695697316578497986485286714837      
  -3.06277499921481108555884981915552056        0.135308780226733972869810596099183567      
  -3.07435372735629333017004767526689305        0.135662028138670617806029538950936489      
  -3.08590211286765337893495422997351335        0.136018471274153876152830739704786360      
  -3.09742004177098850657164853710677784        0.136378141949195666981308943131276062      
  -3.10890740038899041317409736676761074        0.136741072963299116520191526956615985      
  -3.12036407534606717335168931388731270        0.137107297608151669779542830831247393      
  -3.13178995356946220754996026766644098        0.137476849676509418337934214839636848      
  -3.14318492229037026450871505332876505        0.137849763471277539211338958547376574      
  -3.15454886904505040384324892487456859        0.138226073814791883780675568161578665      
  -3.16588168167593596776398016142262094        0.138605816058306904596712535619276035      
  -3.17718324833274153097952100807868374        0.138989026091695261683130231305254887      
  -3.18845345747356681785803831177512244        0.139375740353364608905324116200012118      
  -3.19969219786599757595168713883967274        0.139765995840397225256009483922856308      
  -3.21089935858820339501894012875503402        0.140159830118918325728742273783577837      
  -3.22207482903003246070978204118773932        0.140557281334699062015259855686885305      
  -3.23321849889410323210899259335859400        0.140958388224000404788867047591999790      
  -3.24433025819689303236310096360680760        0.141363190124664287049775947355109729      
  -3.25540999726982354164706195492210328        0.141771726987458582144628549603154694      
  -3.26645760676034318175727646859020615        0.142184039387682690876541432100416323      
  -3.27747297763300638164825733117760851        0.142600168537040719849396795962261378      
  -3.28845600117054971326102534508784115        0.143020156295789448107057355429068978      
  -3.29940656897496488702220939002985476        0.143444045185168501512307080953234842      
  -3.31032457296856859642381818508791174        0.143871878400120384451054278473160885      
  -3.32120990539506920112474962277545740        0.144303699822308256646504839320818535      
  -3.33206245882063023804630610056528188        0.144739554033439589440417548941019291      
  -3.34288212613493074996529069395835761        0.145179486328904091172565162227858675      
  -3.35366880055222242113966902920272774        0.145623542731734555607740378329242239      
  -3.36442237561238350953329501329718270        0.146071770006899561079555999838595224      
  -3.37514274518196956523781485288898124        0.146524215675937231514989146273601944      
  -3.38582980345526092472158273006040640        0.146980928031939564162556738727118643      
  -3.39648344495530697056724278874266272        0.147441956154897133076765366747899012      
  -3.40710356453496714639155540653405012        0.147907349927414292636596139189560044      
  -3.41769005737794871667307076796231331        0.148377160050805332039637617736920582      
  -3.42824281899984126124537920064439385        0.148851438061582370279186043505279861      
  -3.43876174524914789424589526828525010        0.149330236348346132063018783821880036      
  -3.44924673230831319734246091594850305        0.149813608169091108975163911112071104      
  -3.45969767669474785709248171445785059        0.150301607668936987444176745473437247      
  -3.47011447526184999632183913209104097        0.150794289898298616315450201826037235      
  -3.48049702520002318944345045186053353        0.151291710831507192608289468552362498      
  -3.49084522403769115166807612960503419        0.151793927385895764974584842923365829      
  -3.50115896964230909209280172882982624        0.152300997441362591096301363577784700      
  -3.51143816022137172068554774873863981        0.152812979860426338424111374404108729      
  -3.52168269432341789921698535722773192        0.153329934508787587960291923409305082      
  -3.53189247083903192622435892482325665        0.153851922276411588948528517549412906      
  -3.54206738900184144612493700172665771        0.154379005099147719108246449279117576      
  -3.55220734838951197263013166041408239        0.154911245980901631233688455232466102      
  -3.56231224892473801664474161177698518        0.155448709016376613397568669513238725      
  -3.57238199087623080886928686379461569        0.155991459414401257524309377241882654      
  -3.58241647485970260735701159744155437        0.156539563521861120638341824409386996      
  -3.59241560183884758031083705324864169        0.157093088848252675601778630828464145      
  -3.60237927312631925443934722099739958        0.157652104090878484631577184687398916      
  -3.61230739038470451922478667083443997        0.158216679160703190375713946936821722      
  -3.62219985562749417749004162209788250        0.158786885208890606927975910635404064      
  -3.63205657122005003268566198086780581        0.159362794654042908022007747525316396      
  -3.64187743988056850335216325226564849        0.159944481210163652973477613009668372      
  -3.65166236468104075524712261147909683        0.160532019915367163999859252301464840      
  -3.66141124904820934166095266009505294        0.161125487161357572667722146202969951      
  -3.67112399676452134247969916237322283        0.161724960723701689790398636850364302      
  -3.68080051196907799258776500945322995        0.162330519792920723586294618348606815      
  -3.69044069915858079023811145710542299        0.162942245006426776844526805287296756      
  -3.70004446318827407605222898254029234        0.163560218481330996841332932740348128      
  -3.70961170927288407334700356510081710        0.164184523848151233500073785851522400      
  -3.71914234298755438052052947058413950        0.164815246285448083567279252583680518      
  -3.72863627026877790626393636477520410        0.165452472555419263254847430945093470      
  -3.73809339741532523840140645292433080        0.166096291040483360837066419640340993      
  -3.74751363108916943719575599186263349        0.166746791780885176153899304137974831      
  -3.75689687831640724399224460282709877        0.167404066513356058028318235620139815      
  -3.76624304648817669610865497757235977        0.168068208710863905536790379777804216      
  -3.77555204336157113891515446880022999        0.168739313623488807278078131761077313      
  -3.78482377706054962608300833827763304        0.169417478320461656791196039726412668      
  -3.79405815607684369901686175129240660        0.170102801733404504735800421686530879      
  -3.80325508927086053652104360249024438        0.170795384700812892164456762764826479      
  -3.81241448587258246578616958294475220        0.171495330013821957131033914124116624      
  -3.82153625548246282581823419796463516        0.172202742463299722094304272382882215      
  -3.83062030807231817446838136519758427        0.172917728888312655357685058354453935      
  -3.83966655398621683025763040774469088        0.173640398226010359577239401379832601      
  -3.84867490394136374022700835108635537        0.174370861562978077798483243156014813      
  -3.85764526902898166507980007861686279        0.175109232188107626372717653521951850      
  -3.86657756071518867291897474061224842        0.175855625647039368488293435105777146      
  -3.87547169084187193291927948678600203        0.176610159798229936184881929281496467      
  -3.88432757162755780031000974364390259        0.177372954870702597086879296240117134      
  -3.89314511566827818408106852421330859        0.178144133523539449430965297471269492      
  -3.90192423593843318886161527813416359        0.178923820907177020271106509690648072      
  -3.91066484579165002245737720246284483        0.179712144726569342299578595764101850      
  -3.91936685896163816056955237492688374        0.180509235306285200098717419296543040      
  -3.92803018956304076025517417802042388        0.181315225657608972723350428113990452      
  -3.93665475209228231372582988966294341        0.182130251547717362530333949153316861      
  -3.94524046142841253411873265875139848        0.182954451571007296696083786469982939      
  -3.95378723283394646491133499559367333        0.183787967222653424848983904972213087      
  -3.96229498195570080468794302087974153        0.184630942974476921045105151421660082      
  -3.97076362482562643900414366467522722        0.185483526353210738712535666658799628      
  -3.97919307786163717113229142025165741        0.186345868021250071414380548188443492      
  -3.98758325786843464350881676693614459        0.187218121859980549047386562383149505      
  -3.99593408203832944174171461130741976        0.188100445055780657629047623402756166      
  -4.00424546795205837307424768592560247        0.188992998188799020903482081097510268      
  -4.01251733357959791123865641750690956        0.189895945324611533968946805831674442      
  -4.02074959728097379967150295939974143        0.190809454108867903970134158296874906      
  -4.02894217780706680510019250295717231        0.191733695865041942238507932954058646      
  -4.03709499430041461354820926472313580        0.192668845695404978439035249022044711      
  -4.04520796629600986084467731626719485        0.193615082585347043376575759333575845      
  -4.05328101372209428976200730525278691        0.194572589511176007014337434230774050      
  -4.06131405690094902594361873337267235        0.195541553551530676697873191472277914      
  -4.06930701654968096482203343183164244        0.196522166002549973209503448964868125      
  -4.07725981378100526176601883003621778        0.197514622496946725720736073579726488      
  -4.08517237010402391773391916923943272        0.198519123127141378623955015114867536      
  -4.09304460742500045274884859050593744        0.199535872572618002379140560417961125      
  -4.10087644804813065955003164517572697        0.200565080231672466863041135751009207      
  -4.10866781467630942981326385493278662        0.201606960357730490482314724988036157      
  -4.11641863041189364537222710580215789        0.202661732200421544091403406285594889      
  -4.12412881875746112691123151333818660        0.203729620151603289575692010658765521      
  -4.13179830361656563263886656162437387        0.204810853896540394411457591112177697      
  -4.13942700929448789949102941244340623        0.205905668570451212852528357223003578      
  -4.14701486049898271945085691832782145        0.207014304920645990660364908598113763      
  -4.15456178234102204361221966867410191        0.208137009474490964443254207650819295      
  -4.16206770033553410665264096548092660        0.209274034713444021706424411065408747      
  -4.16953254040213856442078057762258180        0.210425639253419498843433441997057266      
  -4.17695622886587763738297207224334199        0.211592088031752259086773195966047949      
  -4.18433869245794325271272308049995678        0.212773652501044450984052107371980072      
  -4.19167985831640017784657963342197591        0.213970610830192343100119847598502953      
  -4.19897965398690513836931831233581747        0.215183248112905408115741981008912645      
  -4.20623800742342191313106300664108664        0.216411856584045438195940269267696033      
  -4.21345484698893239953862616857463244        0.217656735844129965714650291407945939      
  -4.22063010145614364200314720809554338        0.218918193092361695065337176859979089      
  -4.22776370000819081656594268863177418        0.220196543368564082195928937672595438      
  -4.23485557223933616476439387292176297        0.221492109804422692736376090317917181      
  -4.24190564815566386983967653365771894        0.222805223884452595739701125771372567      
  -4.24891385817577086842818539151132323        0.224136225717133881634035225180469068      
  -4.25588013313145359091862067814493248        0.225485464316680508769745315837255253      
  -4.26280440426839062369688674806208665        0.226853297895932167429835609732259235      
  -4.26968660324682128654120198404565364        0.228240094170884793995586387369338028      
  -4.27652666214222011847013505922594790        0.229646230677402868412187436214032366      
  -4.28332451344596726538666453661361754        0.231072095100685789652685520520048339      
  -4.29008009006601476290180640566987798        0.232518085618091558769438103147949698      
  -4.29679332532754870776186707596809002        0.233984611255953827985645671330162744      
  -4.30346415297364731134395717037953848        0.235472092261063226839571938890708497      
  -4.31009250716593482872504378400591167        0.236980960487520892216046721954659136      
  -4.31667832248523135687052529915794549        0.238511659799711458410309735135428095      
  -4.32322153393219849552908296928822400        0.240064646492184567950611060903353199      
  -4.32972207692798086446139690354130011        0.241640389727278418073092361285313444      
  -4.33617988731484347067121039547702128        0.243239371991366149409220100192019498      
  -4.34259490135680491934818534092294475        0.244862089570656215290978772133442321      
  -4.34896705574026646227301237657222512        0.246509053047531460820018737682886126      
  -4.35529628757463687747632193800483271        0.248180787818468726635882383585509101      
  -4.36158253439295317398408627780390885        0.249877834634641628268297401026647748      
  -4.36782573415249711552340719529257846        0.251600750166374023816459571362341595      
  -4.37402582523540755710384940245552979        0.253350107592680868679646943739744061      
  -4.38018274644928858843080467856375912        0.255126497217206988864200088121927660      
  -4.38629643702781347814875684102658013        0.256930527111953133396781831480337974      
  -4.39236683663132441295376167360039268        0.258762823790262870083216483556960311      
  -4.39839388534742802565595889625209985        0.260624032910633877548894706190223702      
  -4.40437752369158670631449462408917280        0.262514820013013405179743713667829728      
  -4.41031769260770569060885213563428082        0.264435871289340604196784728465655712      
  -4.41621433346871591965226574257376973        0.266387894390208602090070369868579326      
  -4.42206738807715266549462671261116792        0.268371619269637168881661065448158810      
  -4.42787679866572991660408113231003205        0.270387799070073226805369200477540548      
  -4.43364250789791051765836689535512330        0.272437211049871959133213521754532852      
  -4.43936445886847205801884025048127844        0.274520657555656612998448994858982447      
  -4.44504259510406850330210112884710131        0.276638967042111064754357201688005730      
  -4.45067686056378756450614037874968080        0.278792995141926696352720282887099170      
  -4.45626719963970379919000065162640438        0.280983625788805068356261860698328435      
  -4.46181355715742743924806559207054581        0.283211772396611307614127830066274750      
  -4.46731587837664893986226877036236803        0.285478379097981189386218042351429770      
  -4.47277410899167924425774404251928515        0.287784422045908824575612746892097801      
  -4.47818819513198575892972231330161042        0.290130910782083019053230026234964784      
  -4.48355808336272403405181559465559701        0.292518889676000238787918972153165330      
  -4.48888372068526514381821737789448094        0.294949439439162318620110063715008690      
  -4.49416505453771876151478825415727333        0.297423678718969378020005634495649894      
  -4.49940203279545192415648700547942071        0.299942765777244811696169908619058224      
  -4.50459460377160348157114962878716128        0.302507900258681856379954312429782008      
  -4.50974271621759422485221152741384615        0.305120325054882460472564220878340685      
  -4.51484631932363268914561098895807221        0.307781328270071599768541975606852861      
  -4.51990536271921662577880464359228116        0.310492245295016651736837958500285620      
  -4.52491979647363013878256744192786829        0.313254460996165115879992367250510587      
  -4.52988957109643648089904038440422473        0.316069412027538325678208587261424271      
  -4.53481463753796650421232835256753593        0.318938589273487676572128373537697594      
  -4.53969494718980276058083751373577702        0.321863540431037534437425948146476152      
  -4.54453045188525924709347647113072593        0.324845872741210078618646070731051432      
  -4.54932110389985679181482718784758226        0.327887255879457062102034449278117413      
  -4.55406685595179407512742030081463681        0.330989425016117587729022142222041089      
  -4.55876766120241428202232433549433128        0.334154184058685878514185814532250239      
  -4.56342347325666738073237910836133819        0.337383409088615738417942021579232907      
  -4.56803424616356802314556983657826533        0.340679052006416819872756250066864283      
  -4.57259993441664906247924973674190934        0.344043144399920681039820543830570666      
  -4.57712049295441068373917476061508112        0.347477801651821665957234295365294969      
  -4.58159587716076514253061415847273845        0.350985227303939726879247718278327407      
  -4.58602604286547710783214435272280801        0.354567717697121539246937342303785965      
  -4.59041094634459960438612071802570413        0.358227666907306161937854935793656182      
  -4.59475054432090555040325187101903794        0.361967572000047194636844266988118425      
  -4.59904479396431488632217354431856494        0.365790038627721814807519528381740642      
  -4.60329365289231729040843362665744510        0.369697786995787220301063455402561745      
  -4.60749707917039047702085606437267167        0.373693658226788161551577206287884959      
  -4.61165503131241407341684860906881886        0.377780621153399353772439502753703441      
  -4.61576746828107907101185743189749117        0.381961779574630540557906081393054636      
  -4.61983434948829284705184997579609629        0.386240380012460166213627171742241752      
  -4.62385563479557975270142565214430389        0.390619820009630214864428418197639669      
  -4.62783128451447726359391167613925852        0.395103657013168426953502300776237447      
  -4.63176125940692768893359804389075898        0.399695617892448504801851279553917401      
  -4.63564552068566543528410095153921777        0.404399609145303556210161245210890048      
  -4.63948403001459982122071740996571285        0.409219727850929025030274250924886595      
  -4.64327674950919343906854498488144671        0.414160273434112468683121108300658413      
  -4.64702364173683605999208905786793812        0.419225760311781278642459513991053146      
  -4.65072466971721407874606532553567476        0.424420931500048411697628013245685829      
  -4.65437979692267549444112699726029294        0.429750773267954668347541555328795005      
  -4.65798898727859042372230388246493217        0.435220530933061746812344901603556585      
  -4.66155220516370714280203384131307858        0.440835725904066535772612373521683984      
  -4.66506941541050365483379547277518220        0.446602174086825291723978640808277795      
  -4.66854058330553477915651399580501909        0.452526005782758903193897200616821089      
  -4.67196567458977475898410960693646533        0.458613687222744274497378339366742813      
  -4.67534465545895538415878873477820631        0.464872043895497420942192473326779153      
  -4.67867749256389962563094312209950361        0.471308285847369990473886148480270092      
  -4.68196415301085077837281911259160045        0.477930035150700551369369656336236444      
  -4.68520460436179710947744946475879593        0.484745355760718952547490496309448767      
  -4.68839881463479200823870202222194594        0.491762786006884216827858264153638067      
  -4.69154675230426963505269320017009868        0.498991373993895288453626365407148385      
  -4.69464838630135606602523906362589436        0.506440716220976298221421997736018794      
  -4.69770368601417593021447233614230488        0.514120999766019752792621758962118729      
  -4.70071262128815453648223954876374734        0.522043048424493980632751028333255681      
  -4.70367516242631548697240827950602951        0.530218373242533082308449956616221821      
  -4.70659128018957377427875960388454476        0.538659227940326761662603227008518098      
  -4.70946094579702435940971503750584588        0.547378669786991988410583089764703711      
  -4.71228413092622622770174996250515226        0.556390626562932702825977067598852945      
  -4.71506080771348191987797635045078788        0.565709970331931903497934454018108748      
  -4.71779094875411253549303608475777002        0.575352598844840368297536797741790101      
  -4.72047452710272820605013190489559848        0.585335525512075627185892575725686731      
  -4.72311151627349403512073550170959390        0.595676979016032465356984892311437294      
  -4.72570189024039150284225114670659357        0.606396513790302784863674887957177545      
  -4.72824562343747533221367799663001888        0.617515132774365294139585392590027209      
  -4.73074269075912581465410443625612010        0.629055424065033490270590852984704233      
  -4.73319306756029659233368306502124230        0.641041713335379393521303221491190017      
  -4.73559672965675789483157475453083696        0.653500234185296369682444104347038277      
  -4.73795365332533522772021416165378354        0.666459318934130509556104234889374170      
  -4.74026381530414351072013673298119686        0.679949612775676070764273285106934120      
  -4.74252719279281666311451813790427223        0.694004314702546404659446960604436644      
  -4.74474376345273263415751077618846819        0.708659449186848629099492847886201236      
  -4.74691350540723387625541807821378408        0.723954173297469135872277006951359629      
  -4.74903639724184325874472530831484150        0.739931124766331615183258513735871085      
  -4.75111241800447542013600504997529331        0.756636817518236858306897370861292962      
  -4.75314154720564355673773605188213521        0.774122092390913927217725143242733306      
  -4.75512376481866164561911520169265502        0.792442632243651249384867152473855929      
  -4.75705905127984209991600362527269201        0.811659552447679817093939307021223084      
  -4.75894738748868885452922883839335217        0.831840079950115106605627112416656740      
  -4.76078875480808588030956506049387714        0.853058336809275945931216546195633758      
  -4.76258313506448112486883279101029906        0.875396247446107660877045306457912755      
  -4.76433051054806587820169610262666133        0.898944593017458954417619788837638175      
  -4.76603086401294956134789137714049139        0.923804241518239631216582443346695746      
  -4.76768417867732993636979395278251642        0.950087588758235333326298184564428192      
  -4.76929043822365873596541892095568291        0.977920253628949845187666019842351570      
  -4.77084962679880271108215865945546559         1.00744308160078384325799781870125130      
  -4.77236172901420009494178217213395856         1.03881452387593618451500948640433902      
  -4.77382672994601248193245947534655764         1.07221347702251346540107299129508687      
  -4.77524461513527211986882768288977273         1.10784269053546311128252099772079177      
  -4.77661537058802461416638364686890448         1.14593287941011498351244790595651734      
  -4.77793898277546704252177056524611012         1.18674771798148363045319218214673443      
  -4.77921543863408147873582242079218585         1.23058994350563949450470052796010588      
  -4.78044472556576392436154002374155225         1.27780886825985994484429570052625496      
  -4.78162683143794864690449534443894632         1.32880969454681848399971781642726671      
  -4.78276174458372792334849629534926562         1.38406515844982325919943837280925135      
  -4.78384945380196718782469170653615677         1.44413021108942422902248131333266012      
  -4.78488994835741558228765548753788351         1.50966070385909719072979888447613131      
  -4.78588321798081190910735943380326081         1.58143741229969695202991061535705137      
  -4.78682925286898598453132536970788484         1.66039726713624884466834998698537736      
  -4.78772804368495539201663887475699692         1.74767444774741375522077034392190935      
  -4.78857958155801763447690826689984305         1.84465517345811081545386601438950986      
  -4.78938385808383768453466336883750814         1.95305183293542149118075482191579900      
  -4.79014086532453093191510841161517949         2.07500491210796067816357444952758882      
  -4.79085059580874152716257178637527218         2.21322569325299940501310235645109349      
  -4.79151304253171612090643179155020392         2.37120011083521494317912011015853441      
  -4.79212819895537299794874159055368525         2.55348669465563692435306995845856444      
  -4.79269605900836660549122784567248557         2.76616348457507046597235175055699134      
  -4.79321661708614747486479547878127120         3.01751871690484530612034119810742407      
  -4.79368986805101753617013528004940106         3.31915592263201915012481352588090543      
  -4.79411580723218082528350119326639728         3.68783575779472183284581401203598822      
  -4.79449443042578958272719960201066950         4.14869920663901350339991835093610407      
  -4.79482573389498574394981337579917223         4.74125353033877084305884894159011826      
  -4.79510971436993782060666836071038814         5.53134416443546732985777771142863278      
  -4.79534636904787317247653896585167036         6.63749289320569914543363195156608003      
  -4.79553569559310566969608205648665219         8.29674328558001134798301373943250752      
  -4.79567769213705874503898406765601461         11.0621970028993903953467302558546039      
  -4.79577235727828383601230464969119179         16.5931590299412462526400904630694803      
  -4.79581969008247421658800080008473627         33.1861542921011494578492870818435664      
