   4.58256438791282768838469168726710214                                            Infinity
   4.58251915985237507564599754741469122         34.7305130315186854197679501125417448      
   4.58242870417785254752921744369651744         17.3653422102178140023302176024298379      
   4.58229302178202109313855676423006533         11.5769900237539470677052285842526233      
   4.58211211400401118213127784283070641         8.68284249698609365234267869259542813      
   4.58188598262930954804059328341250711         6.94637683520185403559010445912106236      
   4.58161462988974156624243614247729292         5.78875210709362245966347725281858798      
   4.58129805846344922674002932336762695         4.96189362804090884853748630236062947      
   4.58093627147486470198365390583716864         4.34176405593092540327074136149701679      
   4.58052927249467950998649135872213919         3.85945375643212094935573691699706405      
   4.58007706553980927304088723299750056         3.47361694910359961149101957135206113      
   4.57957965507335407238285357821335461         3.15794268289940651841089458558076344      
   4.57903704600455439919609353820330899         2.89489032392067477221763874461286615      
   4.57844924368874270239029393304293049         2.67231635651293915721816122094036137      
   4.57781625392729053363188969455728059         2.48154684103603322060900194864092188      
   4.57713808296755129014895736331823272         2.31622088852603082029051286384870913      
   4.57641473750279855587534304716794699         2.17156783235896268762616708004229515      
   4.57564622467216004154257285603842197         2.04393951579793006003846791470746727      
   4.57483255206054712437153043644731713         1.93049848369118319187088273972555093      
   4.57397372769857998805931640283555064         1.82900463994975663275486868203978299      
   4.57306976006250836380012777323413790         1.73766590778181640716655653389745824      
   4.57212065807412787312241153503590475         1.65503155843148179711242933471812799      
   4.57112643110069197336795476440342125         1.57991463207978890203407973028683142      
   4.57008708895481950668197387164547279         1.51133459677149195915757200117959655      
   4.56900264189439785342665711639857677         1.44847434261016641322279209957434993      
   4.56787310062248169097399710240024404         1.39064749734648924818268621848035733      
   4.56669847628718735887712309386844634         1.33727328452307193585199079530448371      
   4.56547878048158283146270626593172591         1.28785696869822125141173731186878808      
   4.56421402524357329893036398220870527         1.24197449097889599151913379115353366      
   4.56290422305578235808833145563787262         1.19926028340891575894044635946231110      
   4.56154938684542881389800026623794233         1.15939752047952966734233640884755430      
   4.56014952998419909304324275397502310         1.12211025744439272870933744282695119      
   4.55870466628811527078374884877902065         1.08715704270048574532854000214768595      
   4.55721481001739871239489701556003365         1.05432569155432402608159943063573639      
   4.55567997587632933053996325252074393         1.02342898226471899516605569824122656      
   4.55410017901310045996374105896453032        0.994301089906782117308999508380831197      
   4.55247543501966935093990055711378649        0.966794614591929580492127882963903442      
   4.55080575993160328294765608426687134        0.940778091598157865714708842899733384      
   4.54909117022792130009653814016249400        0.916133894637645569287434359830951939      
   4.54733168283093156986127715305858997        0.892756461698571640047646012076949933      
   4.54552731510606436673200269028790555        0.870550787010662161482214124216755260      
   4.54367808486170068242814205859590000        0.849431133698707149307154774277766042      
   4.54178401034899646436756629022597438        0.829319930342719031209789498447152086      
   4.53984511026170248412567886648054828        0.810146821506442304978752786585154563      
   4.53786140373597983766227276550727375        0.791847847739249417456079805033630597      
   4.53583291035021107913709410965961298        0.774364734911118343712983612953770421      
   4.53375965012480699017814540445532175        0.757644276243049001672752794895995950      
   4.53164164352200898650983768057759361        0.741637793227214848494420824044966708      
   4.52947891144568716389115834738586960        0.726300663932096614041900433199051515      
   4.52727147524113398535705981606648012        0.711591909066172154527631013936759481      
   4.52501935669485361179929252808720504        0.697473827713964572186797763743497582      
   4.52272257803434687796590450544855493        0.683911675926673939705372046652888703      
   4.52038116192789191600160749897037531        0.670873382398506377611794943714498519      
   4.51799513148432042869416682534024534        0.658329296330589516189711827768451673      
   4.51556451025278961463490762891157500        0.646251963310009442925730924375064936      
   4.51308932222254974754434415651694580        0.634615925638408221870095986977040031      
   4.51056959182270741205683026931353736        0.623397544053946916147410570334783348      
   4.50800534392198439830099841157947997        0.612574838219378703683637647685581182      
   4.50539660382847225765560018933285167        0.602127343711356732812832303521013904      
   4.50274339728938252210318415877677359        0.592035983553203107306325339928456219      
   4.50004575049079258964684496324445228        0.582282952594401871814695915376895090      
   4.49730369005738727829805216512266614        0.572851613262601770930764983908827062      
   4.49451724305219605118631657400701871        0.563726401404135745687711141303157717      
   4.49168643697632591538417615216736273        0.554892741092110866111693795819099387      
   4.48881129976868999708368226160580923        0.546336967421240686171911898234368555      
   4.48589185980573179580323968215384089        0.538046256429309301510025404691255758      
   4.48292814590114512034630005601729588        0.530008561389412235182984253427230526      
   4.47992018730558970927602778003739327        0.522212554807370605033010583349574595      
   4.47686801370640253871264945205651694        0.514647575537021325922300805074948598      
   4.47377165522730482030276236179251469        0.507303580494178534525768358978179498      
   4.47063114242810469225241377944155092        0.500171100509399117258278322179699846      
   4.46744650630439560635827051703127490        0.493241199911501235416663403862691257      
   4.46421777828725041401367699879919394        0.486505439479123753432930230138135496      
   4.46094499024291115420884945832750179        0.479955842437363746768636734353207624      
   4.45762817447247454658687346286685167        0.473584863211444165861524469192864835      
   4.45426736371157319265956133056362163        0.467385358680088844431124126869893724      
   4.45086259113005248832958473580211015        0.461350561698368652253047804480247294      
   4.44741389033164325090762547352129890        0.455474056683703236701605600358082749      
   4.44392129535363006385558355740823378        0.449749757079863367220968512075873168      
   4.44038484066651534252914614186024762        0.444171884532568768913733535980951022      
   4.43680456117367912423525276641450896        0.438734949626916842861428570628194148      
   4.43318049221103458596219170715272510        0.433433734051669236503481967493842369      
   4.42951266954667929318222836591150520        0.428263274068591328584075624725925986      
   4.42580112938054218316879921880191173        0.423218845176779927966141078873863527      
   4.42204590834402628631240346473353226        0.418295947872396838102960602529812908      
   4.41824704349964718896138874685257990        0.413490294413598395303185147655724268      
   4.41440457234066724135585674988305299        0.408797796508842706815960638854013739      
   4.41051853279072551426490868949144726        0.404214553854279834251505886833896178      
   4.40658896320346350797940929151285429        0.399736843452684236484621283269520168      
   4.40261590236214661735437039506534221        0.395361109652459859116649265886419919      
   4.39859938947928135663694139048175979        0.391083954850712223206925602537774591      
   4.39453946419622834785784290720482461        0.386902130809305439414849639423984532      
   4.39043616658281107660589208528785109        0.382812530537263993201564864637253611      
   4.38628953713692041904704198425299401        0.378812180696891203070208084550092533      
   4.38209961678411494409109379248664702        0.374898234494604177101068570183308035      
   4.37786644687721699465093808717926776        0.371067965020769318320968683629829937      
   4.37359006919590455198084004750583611        0.367318759005798758609157002757491733      
   4.36927052594629888712190283113949938        0.363648110962468275753038345576432904      
   4.36490785976054800352442287552884770        0.360053617686869447931457223088264371      
   4.36050211369640587495839027027532456        0.356532973092638072325717601155043928      
   4.35605333123680748286488615544459784        0.353083963355129512463259246084356012      
   4.35156155628943965734258692315772203        0.349704462344059507089659145343964954      
   4.34702683318630772600500142716277651        0.346392427324813794362369104849256004      
   4.34244920668329797498544202852178549        0.343145894910167508788905518898328429      
   4.33782872195973592640806271671042213        0.339962977245559850109274663562204751      
   4.33316542461794043668458733638499410        0.336841858412353675804606878488110112      
   4.32845936068277362003759771330892411        0.333780791034684789581938726932235312      
   4.32371057660118660169245480136053758        0.330778093076581976928007748158491057      
   4.31891911924176110522108545950514605        0.327832144817025427672910307287945450      
   4.31408503589424687856198270687971953        0.324941385991516312888251968564310445      
   4.30920837426909496328183788991705895        0.322104313089561354951651209349940978      
   4.30428918249698681168524872237813725        0.319319476798239916940735288401526404      
   4.29932750912835925641992722236087704        0.316585479582723457119377509155162006      
   4.29432340313292533726576576535435199        0.313900973395263576919586200572477086      
   4.28927691389919098983700739520524592        0.311264657504760243254956791563126858      
   4.28418809123396760096760778191112244        0.308675276439570525635348894402453888      
   4.27905698536188043559067038336599039        0.306131618036724372008036581506092575      
   4.27388364692487293996358305493586949        0.303632511591181193517593039763196233      
   4.26866812698170692613118315388217311        0.301176826099192637216958335711100150      
   4.26341047700745864255992870349801602        0.298763468590235891917255491927754785      
   4.25811074889301073591665501317276895        0.296391382542350916057725724982286160      
   4.25276899494454010900604889472972000        0.294059546376056570640339724868813119      
   4.24738526788300167992147587205127772        0.291766972022337034867738827335251226      
   4.24195962084360804750424915046495110        0.289512703560483125893626614820322583      
   4.23649210737530506824683219535310407        0.287295815921845104043477935675176538      
   4.23098278144024334981581916720783733        0.285115413655805923696200575023661191      
   4.22543169741324566641083877461764294        0.282970629754518241791002926734260382      
   4.21983891008127030121577693968691877        0.280860624533166240091669821911598250      
   4.21420447464287032123891162490336045        0.278784584562715751371925523949694919      
   4.20852844670764878987869884974422258        0.276741721652304490412856910095146500      
   4.20281088229570992259204193312867697        0.274731271878599464534499564479352091      
   4.19705183783710619108191593847827521        0.272752494659611870501572704444468565      
   4.19125137017128138146120577646276973        0.270804671870611887298993581770671651      
   4.18540953654650961188954904183386452        0.268887106999927584267884833969611368      
   4.17952639461933031521985303096599347        0.266999124342544449536310906438701030      
   4.17360200245397919223097911224757468        0.265140068229545510093284476484881513      
   4.16763641852181514106285630925424498        0.263309302291547310697706087739523919      
   4.16162970170074316850999921418643692        0.261506208754394740477901666209688568      
   4.15558191127463328886906278441355495        0.259730187765478392415867334932599766      
   4.14949310693273541607566779673298065        0.257980656749132317342328411383049760      
   4.14336334876909025490527535127620807        0.256257049789658156301877696874169742      
   4.13719269728193619705237643958708224        0.254558817040604132557586032400990501      
   4.13098121337311222794169282953157046        0.252885424159004653205878215757031328      
   4.12472895834745685016445798421416209        0.251236351763358676009111450105430845      
   4.11843599391220302947216103438251309        0.249611094914192877338016552807349302      
   4.11210238217636916929939257588315712        0.248009162616119324142204898053371351      
   4.10572818565014611982662787814835942        0.246430077340357095213672957486542961      
   4.09931346724428022763292057959102117        0.244873374566743381660643495299582861      
   4.09285829026945243202755772488944687        0.243338602344312270608681034641001154      
   4.08636271843565341418874468177513461        0.241825320869568908588975662596690993      
   4.07982681585155480527634567600553007        0.240333102081633263970451283567854845      
   4.07325064702387645972460201821821378        0.238861529273471457801615358005140849      
   4.06663427685674979995958518143204269        0.237410196718473791976641207059380362      
   4.05997777065107723882491533979784246        0.235978709311677342039222104613338826      
   4.05328119410388768603798741512783563        0.234566682224967456404765301684332185      
   4.04654461330768814503759571568313233        0.233173740575626860376639138222009359      
   4.03976809474981140662243451022158948        0.231799519107633437816470754258797505      
   4.03295170531175984581847497857364233        0.230443661885138281951020111211364269      
   4.02609551226854532845167853781369035        0.229105821997584387018538015451646189      
   4.01919958328802523394090218084913459        0.227785661275953503609225066702722213      
   4.01226398643023460086418280300863681        0.226482850019654304454242162546380389      
   4.00528879014671440188985415366086204        0.225197066733589198926051530569690277      
   3.99827406327983595470215165635831448        0.223927997874959982048924204139809206      
   3.99121987506212147558909651544348892        0.222675337609394089834527274284169013      
   3.98412629511556078239852089308776710        0.221438787575993634175557422398794796      
   3.97699339345092415360610012261813972        0.220218056660928679144241164165627340      
   3.96982124046707135027719554663703841        0.219012860779214463388579840141012681      
   3.96260990695025680774218225742725421        0.217822922664329533018310216121559035      
   3.95535946407343100384273939868870715        0.216647971665348084445337723787632108      
   3.94806998339553801064431638867260221        0.215487743551275281801500146136326714      
   3.94074153686080923654765607282513608        0.214341980322288959971392539844885341      
   3.93337419679805336576985503736289094        0.213210430027604999829355873647063918      
   3.92596803591994250220297174268626194        0.212092846589696811775253273111751141      
   3.91852312732229452469565439678549628        0.210988989634611829091302761191355103      
   3.91103954448335166084065221407870264        0.209898624328139733306830132604481375      
   3.90351736126305528638839552540121610        0.208821521217598346502958688475633681      
   3.89595665190231695744408175178976455        0.207757456079013764855847111778202914      
   3.88835749102228568264288516061517953        0.206706209769481406099397427969200222      
   3.88071995362361144253501822055339673        0.205667568084504231378763110238478956      
   3.87304411508570496344941089558657691        0.204641321620113507689186132721342766      
   3.86533005116599375314174100213892115        0.203627265639586127532198707139939055      
   3.85757783799917440556944343272809738        0.202625199944580722726952154933541488      
   3.84978755209646118217314826001736195        0.201634928750522623122002181311162553      
   3.84195927034483087708074711346528162        0.200656260566075140475306992951150123      
   3.83409307000626397368696340418776560        0.199689008076541723892550280784545605      
   3.82618902871698210009790460019185475        0.198732988031050255579438339751147621      
   3.81824722448668179096660346255923665        0.197788021133377152753895091334270192      
   3.81026773569776456328200958292611433        0.196853931936275030773495837973886471      
   3.80225064110456331371027235393439126        0.195930548739173480238687860387873971      
   3.79419601983256504512346129816328770        0.195017703489128032456852978258669899      
   3.78610395137762992998709911907677645        0.194115231684897647726643499712559649      
   3.77797451560520671831403656217073234        0.193222972284036073119999152703493029      
   3.76980779274954449792827582895177669        0.192340767612887193710022626934727548      
   3.76160386341290081481835051455550831        0.191468463279379055689892178022790999      
   3.75336280856474616139579448639764278        0.190605908088515583034411939379000622      
   3.74508470954096484051007943168769042        0.189752953960469152107065097283690744      
   3.73676964804305221310717062212275386        0.188909455851181141138852585658048940      
   3.72841770613730833745454242158505546        0.188075271675381343457013104500371797      
   3.72002896625402800789110884492563132        0.187250262231940733841713880196996750      
   3.71160351118668720109605971143443245        0.186434291131475515052651869789997728      
   3.70314142409112593790604927465559622        0.185627224726123654537026168559829706      
   3.69464278848472756874556130086603014        0.184828932041418257301776491634417299      
   3.68610768824559449077057206263811490        0.184039284710185117183469838002517299      
   3.67753620761172030486085026308131940        0.183258156908394652161570189299583255      
   3.66892843118015842063137016301973472        0.182485425292901166446724781880461170      
   3.66028444390618711766837080072255177        0.181720968941004998997418408839838040      
   3.65160433110247107123056982586756221        0.180964669291775620709104318452412980      
   3.64288817843821935069093477098858622        0.180216410089076136302958763329536071      
   3.63413607193833989902922721034354328        0.179476077326231937147873868048440729      
   3.62534809798259050172026586435424434        0.178743559192288442835024505082885379      
   3.61652434330472625339750295473468151        0.178018746019804966985552888839932292      
   3.60766489499164353070607365917750951        0.177301530234133750960015964424659994      
   3.59876984048252047979396101386055388        0.176591806304135132073672637260267477      
   3.58983926756795402692431772673818439        0.175889470694281654606930969514461940      
   3.58087326438909342072630175509092466        0.175194421818105696132075294185251056      
   3.57187191943677031463601382844161294        0.174506559992946872058243407835538363      
   3.56283532155062539811327202485849546        0.173825787395957101245558023020290380      
   3.55376355991823158525402069783832722        0.173152008021322768302052967683040856      
   3.54465672407421376945214816621593319        0.172485127638664906835517013133333399      
   3.53551490389936515279837928554023395        0.171825053752579755413749778713565452      
   3.52633818961976015893771498159308774        0.171171695563283407071770943376126696      
   3.51712667180586393814061071155518672        0.170524963928325586535621985354280913      
   3.50788044137163847337671929294107931        0.169884771325338849420996440053204074      
   3.49859958957364529621357027288428306        0.169251031815790706898594835773606401      
   3.48928420801014482139601766956076310        0.168623661009707339967142301149567090      
   3.47993438862019230899566017326142930        0.168002576031338681698755384106839311      
   3.47055022368273046305272241749103114        0.167387695485735715674025156268829116      
   3.46113180581567867566608239197715690        0.166778939426211866260477642149220482      
   3.45167922797501892552023814198323595        0.166176229322661343268356769862377254      
   3.44219258345387833987102625507025812        0.165579488030708251612963199758522174      
   3.43267196588160842904483495155556892        0.164988639761661187609387826030385397      
   3.42311746922286100253889554336472451        0.164403610053248919029414236703811229      
   3.41352918777666077584298728363704991        0.163824325741113587591495704711152915      
   3.40390721617547467713555187308556229        0.163250714931038681590679821939727316      
   3.39425164938427786303978479637400911        0.162682706971889804295276707123251120      
   3.38456258269961645265775091119623320        0.162120232429247011865041386542571504      
   3.37484011174866698913296098375892249        0.161563223059708214144047803346699503      
   3.36508433248829263802414383730907673        0.161011611785843823954059941332752400      
   3.35529534120409613180515513644419231        0.160465332671783506609206569625813956      
   3.34547323450946946983807825133255355        0.159924320899416522385448276345236899      
   3.33561810934464038319859481569673302        0.159388512745187771653795431145670009      
   3.32573006297571557376463219442953755        0.158857845557472246321898347310528941      
   3.31580919299372073701113179588595604        0.158332257734511163076554614200426204      
   3.30585559731363737798552568601154341        0.157811688702893604588834150960804207      
   3.29586937417343642997015897323142895        0.157296078896568025201902759830351832      
   3.28585062213310868536945162206186767        0.156785369736368488498251646444496929      
   3.27579944007369204839105540827116229        0.156279503610040996329865410899318642      
   3.26571592719629561912162933859106721        0.155778423852755743148567324778869605      
   3.25560018302112061862912971387779053        0.155282074728091586517488830592442230      
   3.24545230738647816475468880759299438        0.154790401409479465209495740068010445      
   3.23527240044780390828823855380751911        0.154303349962091920965230608632559167      
   3.22506056267666953925302238385293159        0.153820867325166289424005642499063697      
   3.21481689485979117305502911243184793        0.153342901294749520559330981696321648      
   3.20454149809803462628417724756781624        0.152869400506852969725346421728297609      
   3.19423447380541759198477598030052648        0.152400314421005867703768241537230401      
   3.18389592370810872424339009653633542        0.151935593304196532462242838049793667      
   3.17352594984342364197273984292840592        0.151475188215190727200557805580934947      
   3.16312465455881786180067307002482660        0.151019050989216899155669347476593631      
   3.15269214051087667000355546908930770        0.150567134223008352023968807428457963      
   3.14222851066430194345363511483467280        0.150119391260192712183930344148741199      
   3.13173386829089592958004952665010995        0.149675776177019345589758917025879295      
   3.12120831696854199537315676855559675        0.149236243768415668664462497732907870      
   3.11065196058018235549178642686196498        0.148800749534363573139362949591140623      
   3.10006490331279278956282133911037540        0.148369249666587451940563735947874026      
   3.08944724965635435879223640404823090        0.147941701035545571269848491594725969      
   3.07879910440282213203633638689019678        0.147518061177716783311548920842562913      
   3.06812057264509093151145005461915311        0.147098288283174814847538715307390556      
   3.05741175977595810834975294129728645        0.146682341183442599795555003318011324      
   3.04667277148708335823820526296834170        0.146270179339619348604428312263472437      
   3.03590371376794558740680468641871821        0.145861762830773264834037833321812169      
   3.02510469290479683926146551750535304        0.145457052342593029396586748831497597      
   3.01427581547961329198584612562977350        0.145056009156291376106486576548536191      
   3.00341718836904333746535477492097423        0.144658595137754278635311250927137520      
   2.99252891874335275191537020447096257        0.144264772726929458942154923898240285      
   2.98161111406536696862441700524075014        0.143874504927448110984641464118673880      
   2.97066388208941046325163679672720238        0.143487755296473911238674250582680140      
   2.95968733086024326214639412987262467        0.143104487934773559483625647512954916      
   2.94868156871199458418625065274626597        0.142724667477003259653239462952613944      
   2.93764670426709362665783209198670513        0.142348259082205711511972491570992148      
   2.92658284643519750573329974664548363        0.141975228424512339684827500754731984      
   2.91549010441211636212322118371957277        0.141605541684045637331342618705012879      
   2.90436858767873564251461338913554999        0.141239165538016647689455984793332912      
   2.89321840599993556743080548811459829        0.140876067152012747993665618384546471      
   2.88203966942350779617753702960079379        0.140516214171471037058804241136813491      
   2.87083248827906929956737145670809386        0.140159574713332760274025509782617477      
   2.85959697317697345114206248590503781        0.139806117357874334023325164411449980      
   2.84833323500721834763996341992317085        0.139455811140710655785322629493715058      
   2.83704138493835236948291565220240251        0.139108625544966506506726105044567639      
   2.82572153441637699208429251417769533        0.138764530493611968426146974277819319      
   2.81437379516364685880700790201982400        0.138423496341957894477819597465376665      
   2.80299827917776712642732552877396750        0.138085493870307574853487780727883211      
   2.79159509873048809398722391445373915        0.137750494276760852365675774949752249      
   2.78016436636659712594488408486274081        0.137418469170167041052669231676975266      
   2.76870619490280788055957113510854390        0.137089390563223102106338871992775476      
   2.75722069742664685447377706238567407        0.136763230865713627795822150444971093      
   2.74570798729533725448198032214043600        0.136439962877889277706407812419304272      
   2.73416817813468020750175715076496692        0.136119559783980402413275607795897005      
   2.72260138383793331978925056614475613        0.135801995145842677759873165084157534      
   2.71100771856468659646716484542026886        0.135487242896731658302971183884275082      
   2.69938729673973573245950592901188933        0.135175277335203241309738093478626473      
   2.68774023305195278595323135416908539        0.134866073119137113032167793829976956      
   2.67606664245315424553280672399100721        0.134559605259880326923400865960616502      
   2.66436664015696650215938911406140405        0.134255849116508239078417085733928143      
   2.65264034163768873719197095466627681        0.133954780390200099554875156073883351      
   2.64088786262915323767332054922669731        0.133656375118726669432391771684266777      
   2.62910931912358315012894724738124872        0.133360609671047302571480544298974167      
   2.61730482737044768415260013348502736        0.133067460742013998105347107391076132      
   2.60547450387531477707697866864356380        0.132776905347179994804936143344078649      
   2.59361846539870123105339178835663732        0.132488920817710541663862291176203890      
   2.58173682895492033388904826109593871        0.132203484795393540416671735110407020      
   2.56982971181092697501549540947184176        0.131920575227747815290633186073961018      
   2.55789723148516026798644533995373371        0.131640170363226823155205251200745521      
   2.54593950574638369092783737539884349        0.131362248746515673429712743684797786      
   2.53395665261252275638748219402996387        0.131086789213919381691887210407042419      
   2.52194879034950022205601700720927344        0.130813770888840333949219916626227477      
   2.50991603747006885385517171572511608        0.130543173177342990041176093750261537      
   2.49785851273264175291350313079992087        0.130274975763803904681137292636938378      
   2.48577633514012025797379779321924600        0.130009158606645193268721953757076715      
   2.47366962393871943480027343457503429        0.129745701934149616850531195121425921      
   2.46153849861679116417752446243596921        0.129484586240355506523486514276669634      
   2.44938307890364484011685778125657956        0.129225792281029792201396311080749992      
   2.43720348476836568990925154909581121        0.128969301069717444042410485923921097      
   2.42499983641863072768764088394805993        0.128715093873865677001425542794853620      
   2.41277225429952235318459084104172775        0.128463152211021309964793398132535861      
   2.40052085909233960739465795331490855        0.128213457845099710781099283001081248      
   2.38824577171340709687386703205586471        0.127965992782723797256315603091701599      
   2.37594711331288159843173953515905293        0.127720739269631601868136455193088977      
   2.36362500527355635599420339950007013        0.127477679787150944605441288587715011      
   2.35127956920966308143849157562454874        0.127236797048739793986219698171688906      
   2.33891092696567167122379737247351040        0.126998073996590930981450428254474123      
   2.32651920061508765066399889357743435        0.126761493798299564302886773092040958      
   2.31410451245924735771119210154133699        0.126527039843592578327997534432827407      
   2.30166698502611087814108216336560094        0.126294695741118126863042271682465760      
   2.28920674106905274405347548501026505        0.126064445315294317012105439390456229      
   2.27672390356565040762319002058046212        0.125836272603215757651681522122048762      
   2.26421859571647050205865882171456927        0.125610161851616776432050981460146425      
   2.25169094094385290174734115948397659        0.125386097513890137862356670809488618      
   2.23914106289069259358877668881839229        0.125164064247160122909336798073690062      
   2.22656908541921937153772081977449522        0.124944046909408857672688439575939617      
   2.21397513260977536640128349765856965        0.124726030556654805114887310006406964      
   2.20135932875959042295535876305681972        0.124510000440182359541130483092045635      
   2.18872179838155533646687855235468420        0.124295942003821508566372659106024031      
   2.17606266620299296072955099964840729        0.124083840881276551691009059742341437      
   2.16338205716442719974175080355530487        0.123873682893502888353799847080010221      
   2.15068009641834989517611681998007173        0.123665454046130911458700096260350845      
   2.13795690932798562181117972824089090        0.123459140526936064899332346132294202      
   2.12521262146605440311599018813239509        0.123254728703354145548321236670341317      
   2.11244735861353235919924515571947198        0.123052205120040951555456182148288943      
   2.09966124675841029935481675332086888        0.122851556496475399624980744728085354      
   2.08685441209445027145587409284833062        0.122652769724605254234034846823482651      
   2.07402698101994008046995353120096388        0.122455831866534631526710466198042346      
   2.06117908013644578838737679275447096        0.122260730152252459886156036486908202      
   2.04831083624756220787533902930501910        0.122067451977401097965049585559734000      
   2.03542237635766140198979000549953996        0.121875984901084329256478706795418547      
   2.02251382767063920229691100237906140        0.121686316643713970126307829271115598      
   2.00958531758865975777554752895152331        0.121498435084894345617553634972331116      
   1.99663697371089812689139332867082199        0.121312328261343904289798295545767821      
   1.98366892383228092525303427251001278        0.121127984364853259884528195439338906      
   1.97068129594222504127915135236616788        0.120945391740278963722397072335887318      
   1.95767421822337443232524993841862378        0.120764538883572327452317114197272517      
   1.94464781905033501373722755358826500        0.120585414439842631096167702100539739      
   1.93160222698840765331791446043277050        0.120408007201454066277627209516324174      
   1.91853757079231928371142016489534826        0.120232306106155779099697715220446845      
   1.90545397940495214522869433275277563        0.120058300235244391353106821661702026      
   1.89235158195607117165616240505087863        0.119885978811758392606828663627250577      
   1.87923050776104953160762420616025965        0.119715331198703809262063945154476892      
   1.86609088631959233799780788144202366        0.119546346897310569851465153778045958      
   1.85293284731445853823405140121595010        0.119379015545318998745218483805374749      
   1.83975652061018099774053944533067489        0.119213326915295882993559870120637293      
   1.82656203625178478944735456093267658        0.119049270912979569299909976075525720      
   1.81334952446350370189430788903269113        0.118886837575653560088311206995754831      
   1.80011911564749497861709630841952240        0.118726017070548089311244340206787454      
   1.78687094038255230150078937484925886        0.118566799693269170046962848863592366      
   1.77360512942281703080298076695377519        0.118409175866254617066750900022716776      
   1.76032181369648771456614491691276721        0.118253136137256558419306891338963283      
   1.74702112430452788015581993380256119        0.118098671177849960688885019769037710      
   1.73370319251937212067819265209558578        0.117945771781966702942792555599658943      
   1.72036814978363048904749048970034648        0.117794428864454744499039679311260784      
   1.70701612770879121249028761310915809        0.117644633459661941522877407036303641      
   1.69364725807392174029040951680961577        0.117496376720044077107954949552339423      
   1.68026167282436813759457036651143552        0.117349649914796678920016624076504803      
   1.66685950407045283811520116858563792        0.117204444428510207684399856773001141      
   1.65344088408617076858312385029957606        0.117060751759848208788879003422441026      
   1.64000594530788385781879650710098823        0.116918563520248028056248604504183913      
   1.62655482033301394330679823575098833        0.116777871432643701321918192400245978      
   1.61308764191873408817403796817704954        0.116638667330210635836007789589790904      
   1.59960454298065832148786039441520385        0.116500943155131709702147518673462403      
   1.58610565659152981480578325909488030        0.116364690957384423571409541272993079      
   1.57259111597990750792403388100740032        0.116229902893548746634408141018233349      
   1.55906105452885119678735852706704878        0.116096571225635306602329859317851907      
   1.54551560577460509653775611935993912        0.115964688319933580843103506507298880      
   1.53195490340527989269483751718142803        0.115834246645879753146564648203827872      
   1.51837908125953329347543314645242592        0.115705238774943907736661519115677459      
   1.50478827332524909627486489940922754        0.115577657379536239133719445813463725      
   1.49118261373821478134696285197790380        0.115451495231931963299642152917530642      
   1.47756223678079764573444330003904987        0.115326745203214622177680930079730510      
   1.46392727688061949051567175539768436        0.115203400262237480269936913273436780      
   1.45027786860922987444811272550374236        0.115081453474602718283861608245236247      
   1.43661414668077794710291718690097805        0.114960898001658135127366979422929913      
   1.42293624595068287459911851137042809        0.114841727099511075644329596202552325      
   1.40924430141430287105979807740863170        0.114723934118059307461757081736988398      
   1.39553844820560284892634276094720476        0.114607512500038576170068950289055890      
   1.38181882159582070128054781226395982        0.114492455780086573782126081116156264      
   1.36808555699213222933782015632103715        0.114378757583823061018033270345654277      
   1.35433878993631472828810876803777282        0.114266411626945889444461374989714849      
   1.34057865610340924467443034029287039        0.114155411714342674862330074605161579      
   1.32680529130038151851196985006292749        0.114045751739217878588118990557483006      
   1.31301883146478162336371670763841879        0.113937425682235058414715203941243720      
   1.29921941266340231760144781719581796        0.113830427610674056070364441530988028      
   1.28540717109093612009358895731499606        0.113724751677602892921702916660322954      
   1.27158224306863112357407528177233270        0.113620392121064150491666995281641504      
   1.25774476504294555895879031985982942        0.113517343263275617087899022575784276      
   1.24389487358420112388849049861789459        0.113415599509844986464612905959860700      
   1.23003270538523508878931879505540190        0.113315155348998398973210111806564515      
   1.21615839726005119375407653428979030        0.113216005350822620096639825813334647      
   1.20227208614246934955935646049168295        0.113118144166520655611908778268810655      
   1.18837390908477415614544290377783777        0.113021566527680606886539485437469943      
   1.17446400325636225189755603127541722        0.112926267245557573990365218724686166      
   1.16054250594238850707855668928987491        0.112832241210368418395994373336660589      
   1.14660955454241107477463610195776025        0.112739483390599201051679887780060050      
   1.13266528656903531272679057736457083        0.112647988832325115541241718756045598      
   1.11870983964655658943202527356788824        0.112557752658542739899111345455900577      
   1.10474335150960198790924288430169489        0.112468770068514434426446101966009910      
   1.09076596000177092053565270866682751        0.112381036337124716558498514095231498      
   1.07677780307427466837028286345772930        0.112294546814248447465875322215545635      
   1.06277901878457485839179327486551038        0.112209296924130668634790332614744677      
   1.04876974529502089208826944336731223        0.112125282164777930165668072659725233      
   1.03475012087148633884702670820537594        0.112042498107360955957211729846077616      
   1.02072028388200430760267174382847432        0.111960940395628494305987472717366555      
   1.00668037279540181021175219917563387        0.111880604745332205751335785141704599      
  0.992630526179933130032276642200675960        0.111801486943662443233597242789594694      
  0.978570882701912209196205198351138790        0.111723582848694782811795265809492758      
  0.964501581124344068072696375924732731        0.111646888388847166306574650747233018      
  0.950422760305555270429447457742504201        0.111571399562347520296838870109759877      
  0.936334559197823447808884413127126241        0.111497112436711718905612931247593481      
  0.922237116846005896645242453799644237        0.111424023148231760763599680936646356      
  0.908130572386167261657730030367683764        0.111352127901474033439080467067655619      
  0.894015065044206319063987152249321615        0.111281422968787541471588593702977826      
  0.879890734134481873166933324154587782        0.111211904689821976945477468480202586      
  0.865757719058437779876851038945409761        0.111143569471055514289405960041967082      
  0.851616159303227110739167563449367054        0.111076413785332213690133142027712371      
  0.837466194440335471046880615568583314        0.111010434171408920165086710729476545      
  0.823307964124203485624922374080025921        0.110945627233511547949149702168480004      
  0.809141608090848465881971004467726232        0.110881989640900642418177656667903852      
  0.794967266156485271733299443884718565        0.110819518127446114296066011816149602      
  0.780785078216146382006197486161059519        0.110758209491211043374862916625034439      
  0.766595184242301186947315165227298221        0.110698060594044451419569010676548086      
  0.752397724283474516458952975309390352        0.110639068361182946331962382987627275      
  0.738192838462864417698867512997066510        0.110581229780861142012090227948577640      
  0.723980666976959195685569605346243927        0.110524541903930760683012583786229602      
  0.709761350094153730558365826428512554        0.110469001843488326734980201333873839      
  0.695535028153365085148533430397183106        0.110414606774511363400469226564808567      
  0.681301841562647416525023071739599681        0.110361353933503005792350757163916212      
  0.667061930797806205184953173799268604        0.110309240618144946024894429776585561      
  0.652815436401011815565894377079890070        0.110258264186958628292223805532837805      
  0.638562498979412401563542082818943808        0.110208422058974613902170649380481726      
  0.624303259203746170744839639705975275        0.110159711713410038356110429272495472      
  0.610037857806953020952944138617753050        0.110112130689354084628180224716553930      
  0.595766435582785563006621019380264661        0.110065676585461398831143553504270861      
  0.581489133384419543202712693711438561        0.110020347059653376461918850405315702      
  0.567206092123063679336250089848645719        0.109976139828827249398258060475744348      
  0.552917452766568923958564368456871177        0.109933052668572905770062298134301615      
  0.538623356338037168599408989118405595        0.109891083412897376755151181632088568      
  0.524323943914429402684619766230772526        0.109850229953956926250745331392762690      
  0.510019356625173340886222488031336517        0.109810490241796681249247784769430799      
  0.495709735650770532647144029607091751        0.109771862284097742600876471885480393      
  0.481395222221402967627793618357068268        0.109734344145931717677050191430179216      
  0.467075957615539190826755958011817334        0.109697933949522618257895969991816870      
  0.452752083158539941132677235877834032        0.109662629874016068755545440122698086      
  0.438423740221263327069128579702382430        0.109628430155255771652729419495953448      
  0.424091070218669553498799249024035949        0.109595333085567178784259452526221675      
  0.409754214608425213057803696004693788        0.109563337013548318817988077405452155      
  0.395413314889507156095182568789389370        0.109532440343867733002440949337892666      
  0.381068512600805952896837714011654281        0.109502641537069472941178572104036788      
  0.366719949319728961977165223097196214        0.109473939109385115829728478764766189      
  0.352367766660803018225538519802056527        0.109446331632552754250276174402260996      
  0.338012106274276754698545365580691165        0.109419817733642919262851996268892731      
  0.323653109844722571852498427885077379        0.109394396094891397160129679437006646      
  0.309290919089638268014218678661732314        0.109370065453538901866781047265115282      
  0.294925675758048344891434331797082577        0.109346824601677566564222221741709719      
  0.280557521629105001927345256064423891        0.109324672386104219708144896320874985      
  0.266186598510688833306973782593778639        0.109303607708180412180049179653565409      
  0.251813048238009241425857532709914814        0.109283629523699163875673100753671453      
  0.237437012672204580634438294199266449        0.109264736842758399583332341849747372      
  0.223058633698942045074163044054385235        0.109246928729641045544320213416462328      
  0.208678053227017314423838927231328873        0.109230204302701759616244505342631517      
  0.194295413186953971377173329013232929        0.109214562734260269479061270954684074      
  0.179910855529602704674683099620618919        0.109200003250501294833167201692564352      
  0.165524522224740311515273481510238077        0.109186525131381031039788453251264668      
  0.151136555259668513174767331470587135        0.109174127710540173146606363202264773      
  0.136747096637812597660508801611415428        0.109162810375223460726636878965869741      
  0.122356288377319903232872727461273400        0.109152572566205725436374061614306046      
  0.107964272509658156626081550783194571        0.109143413777724424670658350493723231      
   9.35711910782136798021656638929660028E-0002  0.109135333557418646157173497924809867      
   7.91771861368894790732005870635743246E-0002  0.109128331506274569793445157978562990      
   6.47823997487032304281153682171926363E-0002  0.109122407278577374484239082855763029      
   5.03869739843851749013910130842306321E-0002  0.109117560581869579187865170351900378      
   3.59910509209759378218556042367930726E-0002  0.109113791176915808826610303940540193      
   2.15947726404242857805340401187305922E-0002  0.109111098877673977159871061932786187      
   7.19828122818483515712501298153134318E-0003  0.109109483551272880159058191387778519      
  -7.19828122818427395484405857211802499E-0003  0.109108945117996194861517988268046574      
  -2.15947726404237245837919256558107855E-0002  0.109109483551272880117079910101737079      
  -3.59910509209753766361911150007461472E-0002  0.109111098877673977075912427770233257      
  -5.03869739843846137323428250237471912E-0002  0.109113791176915808700667173471086012      
  -6.47823997487026692812219932847789571E-0002  0.109117560581869579019931327806280375      
  -7.91771861368889179540003185526753451E-0002  0.109122407278577374274306239377265347      
  -9.35711910782131187161965217772464398E-0002  0.109128331506274569541502950624670764      
 -0.107964272509657595578881227058517585        0.109135333557418645863209488418834725      
 -0.122356288377319342229978531490916239        0.109143413777724424334658023726149803      
 -0.136747096637812036707457605475061491        0.109152572566205725058320823893511497      
 -0.151136555259667952277095515317633928        0.109162810375223460306512056017825926      
 -0.165524522224739750678516878917960196        0.109174127710540172684389197918773895      
 -0.179910855529602143904376942957725598        0.109186525131381030535456103186223231      
 -0.194295413186953410678852194809359308        0.109200003250501294286694736305692653      
 -0.208678053227016753803036681552999736        0.109214562734260268890421668602102126      
 -0.223058633698941484536412787887991353        0.109230204302701758985408650013604738      
 -0.237437012672204020185272308841591669        0.109246928729641044871256891215582842      
 -0.251813048238008681070807225166752851        0.109264736842758398868008237223759103      
 -0.266186598510688273051569630987179314        0.109283629523699163118052792462089193      
 -0.280557521629104441777116755049106670        0.109303607708180411380095136482179500      
 -0.294925675758047784851909937986556772        0.109324672386104218865817472537174833      
 -0.309290919089637708090925756064662154        0.109346824601677565679479652291200093      
 -0.323653109844722012050963193352430746        0.109370065453538900939579442707440303      
 -0.338012106274276195024292834264210286        0.109394396094891396190423020620736034      
 -0.352367766660802458684092450624589039        0.109419817733642918250592128743765325      
 -0.366719949319728402574048064235424580        0.109446331632552753195412802567619259      
 -0.381068512600805393637570548391761790        0.109473939109385114732209159752854923      
 -0.395413314889506596985285059596200549        0.109502641537069471800948709396777035      
 -0.409754214608424654102794032204827181        0.109532440343867731819443786115680479      
 -0.424091070218668994704194090903606986        0.109563337013548317592164689626468323      
 -0.438423740221262768440443004419793278        0.109595333085567177515548741734676235      
 -0.452752083158539382675424683032188697        0.109628430155255770341068105357624275      
 -0.467075957615538632546448175227498738        0.109662629874016067400868052686059086      
 -0.481395222221402409529940606885013334        0.109697933949522616860134841672985903      
 -0.495709735650769974737253989943307263        0.109734344145931716236135448719850288      
 -0.510019356625172783169801765553178603        0.109771862284097741116736026775938589      
 -0.524323943914428845167172796851544098        0.109810490241796679721807325899680995      
 -0.538623356338036611286438244960795740        0.109850229953956924679928314909735682      
 -0.552917452766568366855570303545776135        0.109891083412897375140878821765819406      
 -0.567206092123063122448731085823908897        0.109933052668572904112253557484905860      
 -0.581489133384418986536165005561042863        0.109976139828827247696829640009947834      
 -0.595766435582785006566538721194515424        0.110020347059653374716785179160222179      
 -0.610037857806952464744819069364984028        0.110065676585461397042216777995980593      
 -0.624303259203745614774161349030316145        0.110112130689354082795370198051172687      
 -0.638562498979411845835797776860680182        0.110159711713410036479324699957001009      
 -0.652815436401011260086568864318955083        0.110208422058974611981314449830838934      
 -0.667061930797805649959528810922397440        0.110258264186958626327200040276678974      
 -0.681301841562646861558979709531681866        0.110309240618144944015603663347695300      
 -0.695535028153364530447348359657348464        0.110361353933503003738691201685682913      
 -0.709761350094153176127513723911480835        0.110414606774511361302336729019725693      
 -0.723980666976958641530522479729477273        0.110469001843488324592268230516094194      
 -0.738192838462863863825094650874251506        0.110524541903930758495612216934095301      
 -0.752397724283473962871920887210788144        0.110581229780861139779890137053965522      
 -0.766595184242300633652487531667492142        0.110639068361182944054848820778867063      
 -0.780785078216145829009035103714634388        0.110698060594044449097425796271584992      
 -0.794967266156484719039260171290403008        0.110758209491211041007571420851422972      
 -0.809141608090847913496509708761530364        0.110819518127446111883505142194377214      
 -0.823307964124202933553490876757905743        0.110881989640900639960223842054455013      
 -0.837466194440334919294927638779164266        0.110945627233511545445676877054961354      
 -0.851616159303226559312138676217255077        0.111010434171408917615966299194031748      
 -0.865757719058437228780188603425624244        0.111076413785332211095234041334863100      
 -0.879890734134481322406076441918644171        0.111143569471055511648594523886921694      
 -0.894015065044205768644371610603494492        0.111211904689821974258617489873578134      
 -0.908130572386166711584788248703980777        0.111281422968787538738541287491783828      
 -0.922237116846005346924403429980019764        0.111352127901474030659704452088287941      
 -0.936334559197822898445573669901464583        0.111424023148231757937750961795539788      
 -0.950422760305554721429086989200900325        0.111497112436711716033144879725077908      
 -0.964501581124343519440704593984599023        0.111571399562347517377602206182561102      
 -0.978570882701911660937996879279667545        0.111646888388847163340417423224952916      
 -0.992630526179932582153262873173183398        0.111723582848694779798562832580295088      
  -1.00668037279540126271734032487031462        0.111801486943662440173132250670213157      
  -1.02072028388200376049826531305809159        0.111880604745332202643478149326777512      
  -1.03475012087148579213802542058641728        0.111960940395628491150574355822988333      
  -1.04876974529502034578006909602713349        0.112042498107360952754077520542341262      
  -1.06277901878457431248978570918799709        0.112125282164777926914644363886911913      
  -1.07677780307427412287985591186799750        0.112209296924130665335705899377695373      
  -1.09076596000177037546219014145549653        0.112294546814248444118556098950627799      
  -1.10474335150960144325812435648924332        0.112381036337124713162767571604188123      
  -1.11870983964655604520862627180963378        0.112468770068514430982123623910851326      
  -1.13266528656903476893648236689678616        0.112557752658542736406014604408869137      
  -1.14660955454241053142278567358545408        0.112647988832325111999185051798551327      
  -1.16054250594238796417052670641675876        0.112739483390599197460474671644350270      
  -1.17446400325636170943870477697658375        0.112832241210368414755448999083849004      
  -1.18837390908477361414112422791566933        0.112926267245557570300285065952626805      
  -1.20227208614246880801491972687551455        0.113021566527680603146726896011818268      
  -1.21615839726005065267486656787984832        0.113118144166520651822163029570468207      
  -1.23003270538523454818067582921154134        0.113216005350822616256757103495325197      
  -1.24389487358420058375575012239364976        0.113315155348998395082983482053237653      
  -1.25774476504294501930728342534230483        0.113415599509844982523832287241164066      
  -1.27158224306863058440912801146845019        0.113517343263275613096351156889188132      
  -1.28540717109093558142052265158461839        0.113620392121064146449135418874137557      
  -1.29921941266340177942557896173226805        0.113724751677602888827967930222755414      
  -1.31301883146478108569035688099691245        0.113830427610674051925203079856806921      
  -1.32680529130038098134642567123743691        0.113937425682235054217901205041599109      
  -1.34057865610340870802200341634193724        0.114045751739217874339422764224404021      
  -1.35433878993631419215409564175978677        0.114155411714342670561518670414385595      
  -1.36808555699213169372751225397949730        0.114266411626945885091298449734549886      
  -1.38181882159582016619923139136323357        0.114378757583823056612279054893071558      
  -1.39553844820560231437929885805929958        0.114492455780086569323537346676119819      
  -1.40924430141430233705230245605149713        0.114607512500038571658398974087902217      
  -1.42293624595068234113644160993829976        0.114723934118059302896755612085470239      
  -1.43661414668077741419032406664727710        0.114841727099511071025742816948959016      
  -1.45027786860922934209086301857704884        0.114960898001658130454937473781489194      
  -1.46392727688061895871901961293128925        0.115081453474602713557328321989791054      
  -1.47756223678079711450363734029460533        0.115203400262237475489035117286175174      
  -1.49118261373821425068724610854367985        0.115326745203214617342142182244525102      
  -1.50478827332524856619147476945348753        0.115451495231931958409194259347219362      
  -1.51837908125953276397360133903243037        0.115577657379536234188086421400172657      
  -1.53195490340527936377979000160857913        0.115705238774943902735563547393050871      
  -1.54551560577460456821471307362157202        0.115834246645879748089718040509789675      
  -1.55906105452885066906153428630538413        0.115964688319933575730220660435723849      
  -1.57259111597990698080063688605616026        0.116096571225635301433119216447272363      
  -1.58610565659152928829001600507407971        0.116229902893548741408574143905450666      
  -1.59960454298065779558491937938462637        0.116364690957384418288652589699199137      
  -1.61308764191873356288911364184890673        0.116500943155131704362163925130207374      
  -1.62655482033301341864507494826227811        0.116638667330210630438489733991858274      
  -1.64000594530788333378545245784605148        0.116777871432643695866553676012214094      
  -1.65344088408617024518333103682335878        0.116918563520248022542721403067165049      
  -1.66685950407045231535412533553816571        0.117060751759848203216868619467194861      
  -1.68026167282436761547737095466399576        0.117204444428510202053581471105316632      
  -1.69364725807392121882223961213316260        0.117349649914796673230061046420437890      
  -1.70701612770879069167629389591543368        0.117496376720044071358528568336576379      
  -1.72036814978362996889281318384622452        0.117644633459661935713642138308597987      
  -1.73370319251937160118796547425113640        0.117794428864454738629652914765560841      
  -1.74702112430452736133517004278334047        0.117945771781966697012907109700204316      
  -1.76032181369648719642019286307682969        0.118098671177849954698149075955357033      
  -1.77360512942281651333684044166390897        0.118253136137256552367363947295350767      
  -1.78687094038255178471956796000094225        0.118409175866254610953239711995402442      
  -1.80011911564749446252589422603510044        0.118566799693269163871517375008448380      
  -1.81334952446350318649821875092227035        0.118726017070548083073493682950033711      
  -1.82656203625178427475146511842223065        0.118886837575653553787879554389735978      
  -1.83975652061018048374992953905786525        0.119049270912979562936416542131234142      
  -1.85293284731445802495379391099414775        0.119213326915295876566618834098246291      
  -1.86609088631959182543296867619303410        0.119379015545318992254438928443629516      
  -1.87923050776104901976326209391624152        0.119546346897310563296451002442929474      
  -1.89235158195607066053732908302595147        0.119715331198703802642413897887130010      
  -1.90545397940495163484043433748480682        0.119885978811758385922136132070674754      
  -1.91853757079231877405877082245841605        0.120058300235244384602959862845312731      
  -1.93160222698840714440590583672078429        0.120232306106155772283678964181073435      
  -1.94464781905033450557088240467025186        0.120408007201454059395313810733767565      
  -1.95767421822337392490958366096615160        0.120585414439842624147131239725303639      
  -1.97068129594222453461917193415340210        0.120764538883572320436123541047575879      
  -1.98366892383228041935374224298690412        0.120945391740278956638606637640544291      
  -1.99663697371089762175778170960989456        0.121127984364853252732695371302558609      
  -2.00958531758865925341260178516876909        0.121312328261343897069471702109379806      
  -2.02251382767063869870960899252941087        0.121498435084894338328275964250379559      
  -2.03542237635766089918310193294741405        0.121686316643713962767615767631191654      
  -2.04831083624756170585422739307041971        0.121875984901084321827902856060509361      
  -2.06117908013644528715679633853512607        0.122067451977401090466114382703762161      
  -2.07402698101993958003485120247098682        0.122260730152252452316379671896515541      
  -2.08685441209444977182118898203388069        0.122455831866534623885604800472535266      
  -2.09966124675840980052548005305330941        0.122652769724605246521105326084204131      
  -2.11244735861353186118018011016648205        0.122851556496475391839726314407809086      
  -2.12521262146605390591211204440754511        0.123052205120040943697369199230545063      
  -2.13795690932798512542739568789213241        0.123254728703354137616887380347878287      
  -2.15068009641834939961732599055764175        0.123459140526936056894030526853159084      
  -2.16338205716442670501284415025951442        0.123665454046130903379002363129328746      
  -2.17606266620299246683541129705778270        0.123873682893502880199171293582402670      
  -2.18872179838155484341238033623496134        0.124083840881276543460907727756283086      
  -2.20135932875958993074536828225123669        0.124295942003821500260249441168735182      
  -2.21397513260977487504065866605996188        0.124510000440182351158429022884595925      
  -2.22656908541921888103131116837963960        0.124726030556654796655043901020721481      
  -2.23914106289069210394142331786510016        0.124944046909408849135131921926911711      
  -2.25169094094385241296387669067138490        0.125164064247160114293488453418375405      
  -2.26421859571647001414390735050711765        0.125386097513890129167630115334442070      
  -2.27672390356564992058196706859601845        0.125610161851616767657852056897024331      
  -2.28920674106905225789058795249286796        0.125836272603215748797408184750636982      
  -2.30166698502611039286132828174330021        0.126064445315294308077147646987294515      
  -2.31410451245924687331936138606958075        0.126294695741118117846781868372223039      
  -2.32651920061508716716487209606849257        0.126527039843592569229808133398539617      
  -2.33891092696567118862214643411237798        0.126761493798299555122133637099249905      
  -2.35127956920966259973907957987182095        0.126998073996590921717490347943206229      
  -2.36362500527355587520178452508222366        0.127236797048739784638400868069079411      
  -2.37594711331288111855105900914662599        0.127477679787150935173103180792922618      
  -2.38824577171340661790966108302998265        0.127720739269631592350609690684949388      
  -2.40052085909233912935165376462261408        0.127965992782723787652921820608342299      
  -2.41277225429952187606750650414059688        0.128213457845099701091151005439457466      
  -2.42499983641863025150118535184053781        0.128463152211021300187593896414550412      
  -2.43720348476836521465812458985375033        0.128715093873865667136268697145391732      
  -2.44938307890364436580574993163642539        0.128969301069717434088580644504758485      
  -2.46153849861679069081111698158505580        0.129225792281029782158168145922886276      
  -2.47366962393871896238323825782944935        0.129484586240355496390124874452188156      
  -2.48577633514011978651079748599371032        0.129745701934149606626290957094492728      
  -2.49785851273264128240919084257015486        0.130009158606645182952847868852158846      
  -2.50991603747006838431419113410312846        0.130274975763803894272863831560746303      
  -2.52194879034949975348300231211204258        0.130543173177342979539727288102299986      
  -2.53395665261252228878705801194195043        0.130813770888840323353809197331171454      
  -2.54593950574638322430461873372879887        0.131086789213919371001717243000440848      
  -2.55789723148515980234503762148623384        0.131362248746515662643975260381841892      
  -2.56982971181092651036049430691402770        0.131640170363226812273080879676024384      
  -2.58173682895491987022503973171988125        0.131920575227747804311291274878257871      
  -2.59361846539870076838495200873778727        0.132203484795393529339270175648667151      
  -2.60547450387531431540867398949574119        0.132488920817710530487547336168826502      
  -2.61730482737044722348898703459237959        0.132776905347179983528842221691647427      
  -2.62910931912358269047457229262763885        0.133067460742013986728596635360547172      
  -2.64088786262915277903272034172294957        0.133360609671047291093183732947180068      
  -2.65264034163768827956967209197573896        0.133656375118726657851646430432374019      
  -2.66436664015696604555990814352425446        0.133954780390200087870766492344150080      
  -2.67606664245315378996065009814775581        0.134255849116508227290017500557753624      
  -2.68774023305195233141289538628371221        0.134559605259880315029769745464444802      
  -2.69938729673973527895547674869503782        0.134866073119137101032351296503117289      
  -2.71100771856468614400391835435296693        0.135175277335203229202768933124477040      
  -2.72260138383793286837125239390306598        0.135487242896731646087868408153782907      
  -2.73416817813467975713346261074603276        0.135801995145842665435641929487613324      
  -2.74570798729533680516783436759033026        0.136119559783980389978906945086345803      
  -2.75722069742664640621821424252951007        0.136439962877889265160878397237950079      
  -2.76870619490280743336701555138326030        0.136763230865713615138094059115960152      
  -2.78016436636659667981974934725301107        0.137089390563223089335359337351659661      
  -2.79159509873048764893391309793142135        0.137418469170167028167370392813976159      
  -2.80299827917776668245023112984153006        0.137750494276760839364974421745669113      
  -2.81437379516364641591051179535818110        0.138085493870307561736285093057108288      
  -2.82572153441637655027276590939886876        0.138423496341957881243000878936994896      
  -2.83704138493835192876071905070745449        0.138764530493611955072581380382176574      
  -2.84833323500721790801144657186580754        0.139108625544966493033266365568982896      
  -2.85959697317697301261156434726133747        0.139455811140710642190804765067189211      
  -2.87083248827906886213922014645276192        0.139806117357874320306568197034277913      
  -2.88203966942350735985604978699037259        0.140159574713332746433831167192740284      
  -2.89321840599993513222028863007806240        0.140516214171471023093956654860548563      
  -2.90436858767873520841936226777269430        0.140876067152012733902931015314997683      
  -2.91549010441211592914752014390762282        0.141239165538016633471582372135312074      
  -2.92658284643519707388142208375433998        0.141605541684045622985059462120684616      
  -2.93764670426709319593404000970324495        0.141975228424512325208845395539429752      
  -2.94868156871199415459479522100811117        0.142348259082205696904982826683731168      
  -2.95968733086024283369151524291179922        0.142724667477003244913914077720747222      
  -2.97066388208941003593756313122409001        0.143104487934773544610616480825170599      
  -2.98161111406536654245536597858875761        0.143487755296473896230612982379120566      
  -2.99252891874335232689554793315231826        0.143874504927448095840139148981359702      
  -3.00341718836904291359895603299404969        0.144264772726929443659801616539200588      
  -3.01427581547961286927705430332836585        0.144658595137754263213675623365674732      
  -3.02510469290479641771445257995030412        0.145056009156291360544115526762880981      
  -3.03590371376794516702573113244230969        0.145457052342593013692005000663732391      
  -3.04667277148708293902722008405184359        0.145861762830773248985747527408348283      
  -3.05741175977595769031299358062209461        0.146270179339619332610908587756554371      
  -3.06812057264509051465304236623189095        0.146682341183442583655261570156675956      
  -3.07879910440282171636039459498219994        0.147098288283174798558903416789027691      
  -3.08944724965635394430286306234981959        0.147518061177716766872979286238693705      
  -3.10006490331279237626410729040030203        0.147941701035545554679727278546827550      
  -3.11065196058018194338781076259245029        0.148369249666587435197248462371025186      
  -3.12120831696854158446798678859334044        0.148800749534363556241185414804931654      
  -3.13173386829089551987774069913368644        0.149236243768415651609728292530438503      
  -3.14222851066430153495823103614869722        0.149675776177019328376746922382750497      
  -3.15269214051087626271908782395576899        0.150119391260192694810892218264718368      
  -3.16312465455881745573116159171199279        0.150567134223008334489128460784931573      
  -3.17352594984342323712219227357767144        0.151019050989216881457222405583077482      
  -3.18389592370810832061580214760743380        0.151475188215190709336671059073608263      
  -3.19423447380541718958413129313546349        0.151935593304196514431053679794495755      
  -3.20454149809803422511444735407394338        0.152400314421005849503384090378346111      
  -3.21481689485979077312017339588443870        0.152869400506852951353844132513606583      
  -3.22506056267666914055698803981767700        0.153342901294749502014756241196115892      
  -3.23527240044780351083496055118329437        0.153820867325166270704372350825643973      
  -3.24545230738647776854808984977530555        0.154303349962091902068520245753588359      
  -3.25560018302112022367312020004327663        0.154790401409479446133656716994113232      
  -3.26571592719629522542010732510343803        0.155282074728091567260435824805871767      
  -3.27579944007369165594790657020895660        0.155778423852755723708180599456003263      
  -3.28585062213310829418854921486840793        0.156279503610040976703990117465166314      
  -3.29586937417343604005536379448735593        0.156785369736368468684697109982292838      
  -3.30585559731363698934068603733029960        0.157296078896568005198441746853628553      
  -3.31580919299372034964008344493260405        0.157811688702893584393202119039094885      
  -3.32573006297571518767119833706328363        0.158332257734511142686448942912880859      
  -3.33561810934463999838658603823752406        0.158857845557472225734977549984240823      
  -3.34547323450946908631129249295213109        0.159388512745187750867678346817362418      
  -3.35529534120409574956737765168196303        0.159924320899416501397713241366126058      
  -3.36508433248829225707914715871318223        0.160465332671783485417390568309921035      
  -3.37484011174866660948450488465286276        0.161011611785843802555657735028645887      
  -3.38456258269961607430958236857142431        0.161563223059708192536511037291586442      
  -3.39425164938427748599563795390863305        0.162120232429246990045777673835781881      
  -3.40390721617547430139914800429007322        0.162682706971889782261648689133443689      
  -3.41352918777666040141803475512671169        0.163250714931038659340004204436550954      
  -3.42311746922286062942908977825952308        0.163824325741113565121042268987582995      
  -3.43267196588160805725385839300788434        0.164403610053248896336404824929912618      
  -3.44219258345387796940254832992063361        0.164988639761661164690995300052784171      
  -3.45167922797501855637791522454461811        0.165579488030708228466310372532357742      
  -3.46113180581567830785355776794795550        0.166176229322661319890515308673906433      
  -3.47055022368273009657362624799736193        0.166778939426211842648466942757511234      
  -3.47993438862019194385360945902888938        0.167387695485735691824811187064057326      
  -3.48928420801014445759461621521609143        0.168002576031338657609249499350541120      
  -3.49859958957364493375640865138726776        0.168623661009707315634200022328742939      
  -3.50788044137163811226737481014704765        0.169251031815790682319014600065760410      
  -3.51712667180586357838264737090844444        0.169884771325338824591518314863181287      
  -3.52633818961975980053468344895164172        0.170524963928325561452926347846057789      
  -3.53551490389936479575381685413215374        0.171171695563283381732477123883465125      
  -3.54465672407421341376957872172769494        0.171825053752579729814414666872571463      
  -3.55376355991823123093695468363548561        0.172485127638664880972633625537408474      
  -3.56283532155062504516520640733902638        0.173152008021322742172048975816385809      
  -3.57187191943676996306043206252226085        0.173825787395957074844794240179945629      
  -3.58087326438909307052667374982691565        0.174506559992946845383012233703831823      
  -3.58983926756795367810409981107661994        0.175194421818105669178599115664380263      
  -3.59876984048252013235659590252784356        0.175889470694281627371360516382673295      
  -3.60766489499164318465499041870116350        0.176591806304135104552085291154603672      
  -3.61652434330472590873611696959980879        0.177301530234133723148414019598429296      
  -3.62534809798259015845197880329508830        0.178018746019804938879861763083790988      
  -3.63413607193833955715742699277038159        0.178743559192288414431090899136607153      
  -3.64288817843821901021899553355033800        0.179476077326231908441463871765948117      
  -3.65160433110247073216185188915041820        0.180216410089076107289755906792456355      
  -3.66028444390618678000622063608496838        0.180964669291775591384707566157165014      
  -3.66892843118015808437912035956411214        0.181720968941004969357340095009904025      
  -3.67753620761171997002181949476269272        0.182485425292901136486388484878904935      
  -3.68610768824559415734806505551018129        0.183258156908394621876308543036876070      
  -3.69464278848472723674286880046483846        0.184039284710185086568522278151163322      
  -3.70314142409112560732644801352121679        0.184828932041418226352286934374546037      
  -3.71160351118668687194281237677092826        0.185627224726123623248040619488661897      
  -3.72002896625402768016746404639965416        0.186434291131475483419115960532692098      
  -3.72841770613730801116373465926337792        0.187250262231940701858470330156635677      
  -3.73676964804305188825242025454906336        0.188075271675381311118799105080533021      
  -3.74508470954096451709459264409894617        0.188909455851181108440297104182288094      
  -3.75336280856474583942276325908032377        0.189752953960469119042686097722096949      
  -3.76160386341290049429095259134205597        0.190605908088515549598613516872508968      
  -3.76980779274954417884967468585754792        0.191468463279379021876961604070875324      
  -3.77797451560520640068738137617176856        0.192340767612887159514127301981155090      
  -3.78610395137762961381552473702869389        0.193222972284036038535183462717699069      
  -3.79419601983256473041008820586161002        0.194115231684897612746825573220562731      
  -3.80225064110456300045820664531660896        0.195017703489127997075821340126949176      
  -3.81026773569776425149434292941579810        0.195930548739173444450097978505916199      
  -3.81824722448668148064641308255248271        0.196853931936274994570866558815774459      
  -3.82618902871698179124825322868638499        0.197788021133377116130604960206337706      
  -3.83409307000626366631089926255496750        0.198732988031050218528721801350914070      
  -3.84195927034483057118130387936549622        0.199689008076541686407493755505424663      
  -3.84978755209646087775334503745870897        0.200656260566075102548844824167291910      
  -3.85757783799917410263228472226913698        0.201634928750522584746912448666739107      
  -3.86533005116599345169021667123544681        0.202625199944580683895852348440259540      
  -3.87304411508570466348649614908283037        0.203627265639586088237541256654977653      
  -3.88071995362361114406367357131800038        0.204641321620113467923253787134658726      
  -3.88835749102228538566605640032206245        0.205667568084504191133664160442826129      
  -3.89595665190231666196469992184439532        0.206706209769481365367060767417585898      
  -3.90351736126305499240937688801240434        0.207757456079013723628017128151101505      
  -3.91103954448335136836489822347626816        0.208821521217598304771189979683312983      
  -3.91852312732229423372605167058408782        0.209898624328139691062482040037427428      
  -3.92596803591994221274239203339560516        0.210988989634611786325533712803113246      
  -3.93337419679805307782115520404475485        0.212092846589696768479014928572588643      
  -3.94074153686080895011367805289728072        0.213210430027604955993387063442683842      
  -3.94806998339553772572788716986001100        0.214341980322288915586212989810915253      
  -3.95535946407343072044667099112235286        0.215487743551275236857403978515309501      
  -3.96260990695025652586927166589069810        0.216647971665348038932386725469550465      
  -3.96982124046707106993022474296112223        0.217822922664329486926326864280213468      
  -3.97699339345092387478783601822404403        0.219012860779214416707140075005463824      
  -3.98412629511556050511171531167871636        0.220218056660928631862666898166921703      
  -3.99121987506212119983648616584535788        0.221438787575993586282908774405729623      
  -3.99827406327983568048645810550942253        0.222675337609394041319594517086240098      
  -4.00528879014671412921378379975120198        0.223927997874959932900219412748900804      
  -4.01226398643023432973042684876881852        0.225197066733589149131799918292601916      
  -4.01919958328802496435213660698930043        0.226482850019654254002373091125856144      
  -4.02609551226854506041056407661266662        0.227785661275953452487362716133071705      
  -4.03295170531175957932765708761858711        0.229105821997584335213991698343942050      
  -4.03976809474981114168454334629838916        0.230443661885138229450774215810060663      
  -4.04654461330768788165524610881782113        0.231799519107633384607174299393727792      
  -4.05328119410388742421377884277927839        0.233173740575626806444594922614184405      
  -4.05997777065107697856143190120193882        0.234566682224967401735918629107691440      
  -4.06663427685674954125939557209771231        0.235978709311677286619149065444247728      
  -4.07325064702387620259025950457540746        0.237410196718473735790536495717682724      
  -4.07982681585155454971038807020552730        0.238861529273471400834279604701103202      
  -4.08636271843565316019369431664335085        0.240333102081633206206277877614293249      
  -4.09285829026945217960592142903103645        0.241825320869568850011937043320521788      
  -4.09931346724427997678718965264948677        0.243338602344312211202314424628657398      
  -4.10572818565014587055927806621743334        0.244873374566743321408036049331099852      
  -4.11210238217636892161288404707217980        0.246430077340357034097446299048130264      
  -4.11843599391220278336893835453557876        0.248009162616119262144499013762076033      
  -4.12472895834745660564695009278322782        0.249611094914192814440473013427588371      
  -4.13098121337311198501231301560381373        0.251236351763358612192855925078911667      
  -4.13719269728193595571352231806670884        0.252885424159004588451502246297477238      
  -4.14336334876909001515932883922095995        0.254558817040604066845128026215209806      
  -4.14949310693273517792499508984557863        0.256257049789658089610803105452749085      
  -4.15558191127463305231601433368829827        0.257980656749132249651509048548049301      
  -4.16162970170074293355690970271120603        0.259730187765478323703559792926082040      
  -4.16763641852181490771204462916811790        0.261506208754394670721724783044883040      
  -4.17360200245397896048474834185430127        0.263309302291547239874617416804252600      
  -4.17952639461933008508049041200353844        0.265140068229545438179555706471863753      
  -4.18540953654650938335932595690025829        0.266999124342544376507502176565854041      
  -4.19125137017128115454237772659847645        0.268887106999927510098817886130613395      
  -4.19705183783710596577672252090530991        0.270804671870611811963723687705801139      
  -4.20281088229570969890270681914668527        0.272752494659611793973359302226648306      
  -4.20852844670764856780742976278374167        0.274731271878599386785775534551495103      
  -4.21420447464287010078790031873648019        0.276741721652304411415196416751819668      
  -4.21983891008127008238719917679555701        0.278784584562715671096010343506464249      
  -4.22543169741324544920685430471964851        0.280860624533166158507254073824996621      
  -4.23098278144024313423857170594113254        0.282970629754518158866876118597735224      
  -4.23649210737530485429844940311807547        0.285115413655805839400148866641456666      
  -4.24195962084360783518684261142530188        0.287295815921845018342243521275636772      
  -4.24738526788300146923714107329354366        0.289512703560483038752865115878507134      
  -4.25276899494453989995686520558165919        0.291766972022336946251974581394939186      
  -4.25811074889301052850468566468082179        0.294059546376056480512918848145384649      
  -4.26341047700745843678722076806405424        0.296391382542350824380766818346399775      
  -4.26866812698170672199976752505971508        0.298763468590235798651597851066804034      
  -4.27388364692487273747547442738598508        0.301176826099192542322107516788283617      
  -4.27905698536188023474786723297307811        0.303632511591181096951663621684776973      
  -4.28418809123396740177209234605875676        0.306131618036724273727691954902694343      
  -4.28927691389919079229074565321229585        0.308675276439570425595737895560562876      
  -4.29432340313292514137070741907155737        0.311264657504760141409646986732134907      
  -4.29932750912835906217800567692808281        0.313900973395263473220493612236979372      
  -4.30428918249698661909838106714235985        0.316585479582723351516692560909877724      
  -4.30920837426909477235192487951159199        0.319319476798239809382844728896128232      
  -4.31408503589424668929090874246445143        0.322104313089561245385055758272016479      
  -4.31891911924176091761071857016828211        0.324941385991516201257479408678200040      
  -4.32371057660118641574464662568190678        0.327832144817025313920423726010262248      
  -4.32845936068277343575418348108505179        0.330778093076581860994108609878807509      
  -4.33316542461794025406738585051612909        0.333780791034684671404664433115229974      
  -4.33782872195973574545887633524968328        0.336841858412353555319622446339597879      
  -4.34244920668329779570605664688661561        0.339962977245559727249758125504852190      
  -4.34702683318630754839718646050887694        0.343145894910167383485426614060746378      
  -4.35156155628943948140809528891563744        0.346392427324813666542760799977784803      
  -4.35605333123680730860545425601913143        0.349704462344059376678881485725946529      
  -4.36050211369640570237573797590794397        0.353083963355129379383254996920956835      
  -4.36490785976054783262025350732326264        0.356532973092637936495259096002649433      
  -4.36927052594629871789790314425057043        0.360053617686869309265983788123937418      
  -4.37359006919590438443868021449198112        0.363648110962468134164483616115832253      
  -4.37786644687721682879227168151853064        0.367318759005798614005765391195606824      
  -4.38209961678411477991755777225660010        0.371067965020769170607100195264224915      
  -4.38628953713692025656025667597461939        0.374898234494604026176991094633092045      
  -4.39043616658281091580746116793357209        0.378812180696891048831876215049172187      
  -4.39453946419622818874935339637084219        0.382812530537263835540384214626629519      
  -4.39859938947928119921996362272485103        0.386902130809305278217425534775279190      
  -4.40261590236214646163045801240426956        0.391083954850712058354794927488357156      
  -4.40658896320346335395009922609454816        0.395361109652459690485994130320593972      
  -4.41051853279072536193172114842210600        0.399736843452684063945963057175390548      
  -4.41440457234066709072029520022430892        0.404214553854279657669378013288657269      
  -4.41824704349964704002493990078289313        0.408797796508842526048558488259633809      
  -4.42204590834402613907653726487493649        0.413490294413598210201991011487457769      
  -4.42580112938054203763496882371227515        0.418295947872396648512341742676296242      
  -4.42951266954667914935187013574244452        0.423218845176779733722918546591571794      
  -4.43318049221103444383672518947330590        0.428263274068591129517061338864528049      
  -4.43680456117367898381608068220088960        0.433433734051669032432981292201393052      
  -4.44038484066651520381765437165138608        0.438734949626916633598705355061646701      
  -4.44392129535362992685314112762780681        0.444171884532568554260434269031818749      
  -4.44741389033164311561558454296596612        0.449749757079863146968501899666126419      
  -4.45086259113005235474928058229624858        0.455474056683703010630473486770411019      
  -4.45426736371157306079231233778067549        0.461350561698368420132122927078075518      
  -4.45762817447247441643398110731741840        0.467385358680088606016869709260191361      
  -4.46094499024291102577159829651428222        0.473584863211443920897150114288688324      
  -4.46421777828725028729333465453893827        0.479955842437363494983184467726033990      
  -4.46744650630439548135608766894385012        0.486505439479123494540283856077454306      
  -4.47063114242810456896962414860624517        0.493241199911500969114473560775269100      
  -4.47377165522730469874058269957170802        0.500171100509398843226794747730841264      
  -4.47686801370640241887227952808683871        0.507303580494178252426569884041243858      
  -4.47992018730558959115865037038847694        0.514647575537021035396912472063913825      
  -4.48292814590114500395308093151826157        0.522212554807370305701396008993303759      
  -4.48589185980573168113532759688760504        0.530008561389411926641899905298113684      
  -4.48881129976868988414220894157134296        0.538046256429308983331221807663187198      
  -4.49168643697632580417025628411001696        0.546336967421240357900164899649545338      
  -4.49451724305219594170104779441701682        0.554892741092110527262646859016899740      
  -4.49730369005738717054251504940187050        0.563726401404135395745507162133309677      
  -4.50004575049079248362210301504152488        0.572851613262601409345443281711756749      
  -4.50274339728938241781028379949082319        0.582282952594401497999326776814280164      
  -4.50539660382847215509557074778567759        0.592035983553202720633850717507368835      
  -4.50800534392198429747485211385651197        0.602127343711356332612576903143109804      
  -4.51056959182270731296556222877357097        0.612574838219378289237449576499445607      
  -4.51308932222254965018893236397077933        0.623397544053946486685384832286231708      
  -4.51556451025278951901631294296962924        0.634615925638407776565827258170474946      
  -4.51799513148432033481333296292928296        0.646251963310008980891034032162512966      
  -4.52038116192789182385946102601939322        0.658329296330589036468738976835450524      
  -4.52272257803434678756335482774395040        0.670873382398505879174467712922526377      
  -4.52501935669485352313723188229731204        0.683911675926673421440033197605517869      
  -4.52727147524113389843636326093554966        0.697473827713964032891972559480306154      
  -4.52947891144568707871268375509759669        0.711591909066171592902769557446593945      
  -4.53164164352200890307442572828826314        0.726300663932096028676950901614045264      
  -4.53375965012480690848661956599666347        0.741637793227214237858057654827332004      
  -4.53583291035021099919026064741145031        0.757644276243048364099052955490480665      
  -4.53786140373597975946092072244003656        0.774364734911117677386306908472303027      
  -4.53984511026170240767058005836773818        0.791847847739248720393864312933940859      
  -4.54178401034899638965947529802665570        0.810146821506441575011882144720224781      
  -4.54367808486170060946779622100728821        0.829319930342718265960122625957789704      
  -4.54552731510606429552012209646813540        0.849431133698706346161727765319219241      
  -4.54733168283093150039856463551972352        0.870550787010661317563524804757463625      
  -4.54909117022792123238367926783384714        0.892756461698570752179309210719205225      
  -4.55080575993160321698531915572872731        0.916133894637644633954344134470983708      
  -4.55247543501966928672873659400155654        0.940778091598156879016654684420264640      
  -4.55410017901310039750438379954343540        0.966794614591928538089574753328529263      
  -4.55567997587632926983302914543107290        0.994301089906781014359442576276747410      
  -4.55721481001739865344098521373304051         1.02342898226471782624898136712531193      
  -4.55870466628811521358344120352353377         1.05432569155432278510960003061368077      
  -4.56014952998419903759710380923480213         1.08715704270048442544150704613887656      
  -4.56154938684542876020657725301986034         1.12211025744439132214785234041131105      
  -4.56290422305578230615215428661096612         1.15939752047952816529532582872389790      
  -4.56421402524357324874994524647414885         1.19926028340891415136078590782278496      
  -4.56547878048158278303854122396378713         1.24197449097889426689904779064181710      
  -4.56669847628718731220968967262646325         1.28785696869821939650738371109658172      
  -4.56787310062248164606375589061167989         1.33727328452306993534329463815505322      
  -4.56900264189439781027405136001319288         1.39064749734648708424993929243004738      
  -4.57008708895481946528742946946067268         1.44847434261016406501525184039668122      
  -4.57112643110069193373188026386080142         1.51133459677148940212049784091306089      
  -4.57212065807412783524519812818905536         1.57991463207978610704817412513986616      
  -4.57306976006250832768214929288773487         1.65503155843147872938171367017775949      
  -4.57397372769857995370092931885577613         1.73766590778181302476451127945369404      
  -4.57483255206054709177307385224364855         1.82900463994975288469974515637491630      
  -4.57564622467216001070436850521681564         1.93049848369117901554219850146505838      
  -4.57641473750279852679769529035545956         2.04393951579792537765575570406795607      
  -4.57713808296755126283215318515910205         2.17156783235895740136744348858312302      
  -4.57781625392729050807619870088050603         2.31622088852602480539546851538299674      
  -4.57844924368874267859596834820136879         2.48154684103602631542501259364728095      
  -4.57903704600455437716336820258432506         2.67231635651293114848285514429508018      
  -4.57957965507335405211194594592104037         2.89489032392066537268984766841577091      
  -4.58007706553980925453199736970648949         3.15794268289939533177230129104759253      
  -4.58052927249467949323980193970304122         3.47361694910358607519029483504544407      
  -4.58093627147486468699933021415363707         3.85945375643210423735065160321777893      
  -4.58129805846344921351821924824508343         4.34176405593090425154746238725791958      
  -4.58161462988974155478327017784331755         4.96189362804088122111487659270552653      
  -4.58188598262930953834418452660891822         5.78875210709358485486716169502433038      
  -4.58211211400401117419772199349733474         6.94637683520179988370332414683555613      
  -4.58229302178202108696793212336023942         8.68284249698600903876672027492610221      
  -4.58242870417785254312158491286425963         11.5769900237537966418379317301988515      
  -4.58251915985237507300140062817364800         17.3653422102174755413449263302322083      
  -4.58256438791282768750315648072119809         34.7305130315173315691456736365630566      
