   6.55742234448427790223552396706094141                                            Infinity
   6.55735762537307634017453513908059874         24.2709412069594201150439612828121755      
   6.55722818778942471544977590353813728         12.1355304898730216513990154346434694      
   6.55703403301081972263625846326371086         8.09042020096531198842933994291419369      
   6.55677516295349064311015962809165855         6.06788501979185985190728107642540618      
   6.55645158017238043263942668917369205         4.85437988248447040440465693437976771      
   6.55606328786112050512827618848448288         4.04538976793767497683165382476834861      
   6.55561028985199921276445984510262327         3.46755109583537738168458696173317075      
   6.55509259061592402288038585967290938         3.03418207615751980010441310634667001      
   6.55451019526237739190139470796378507         2.69712615901564190875199286404405159      
   6.55386310953936633681669573963011107         2.42748941458710797989660821871709069      
   6.55315133983336570467067380521621259         2.20688479672157688218534640349181735      
   6.55237489316925514063447312916993580         2.02305427474423995807884771701530737      
   6.55153377721024975527995811531589972         1.86751151981141330732914907211077546      
   6.55062800025782449174033710004095994         1.73419486854230727494341549945176966      
   6.54965757125163219350391464362291669         1.61865910119809044970469949415975753      
   6.54862249976941537364961015799755983         1.51757030304380682640795955690999130      
   6.54752279602691168639504489619456851         1.42837900993550071301068334807450859      
   6.54635847087775310189015496114377853         1.34910230537830192791815042840688568      
   6.54512953581335878525143441610891352         1.27817472903985434000281478139855953      
   6.54383600296282168089404918228586240         1.21434391270971758301611929805154815      
   6.54247788509278880328118857784389758         1.15659603455608422122766893234014425      
   6.54105519560733523527213647373052124         1.10410160403975745164028421161651633      
   6.53956794854783183531264750185287339         1.05617538989404918113787461452753698      
   6.53801615859280665477330493785463942         1.01224636610970503755347666319221462      
   6.53639984105780006680361518081228766        0.971834870883448774848406640766549964      
   6.53471901189521360813165855309045504        0.934535036578402391072905095771429924      
   6.53297368769415253530116683276884800        0.900001124137747516765083426890208673      
   6.53116388568026209689993389606692408        0.867936785838317757900211976596867893      
   6.52928962371555752339548647577788017        0.838086549543449006092352913431601414      
   6.52735092029824773625594672176157355        0.810229006105260858763467622835474917      
   6.52534779456255277809600636907578584        0.784171315334239545552983743620136116      
   6.52328026627851496564990326654892469        0.759744742099525158235669343455865187      
   6.52114835585180376743524418188676270        0.736801004047329545775716350082363932      
   6.51895208432351440803345256730818650        0.715209263839634445233366457636917241      
   6.51669147336996020097453573094932372        0.694853637009113803134832361000765747      
   6.51436654530245861227576200277795404        0.675631115171570029837239280260849500      
   6.51197732306711105674571439863109664        0.657449826014732904063367763388003186      
   6.50952383024457642922704236153764149        0.640227568025670114903470005682397154      
   6.50700609104983837301306678523028185        0.623890570644750944060431153779992631      
   6.50442413033196628773520509041394863        0.608372440396516290610932037737785679      
   6.50177797357387007907997201988610215        0.593613261245300298698951079554076283      
   6.49906764689204865275607743416631680        0.579558823471478322833854782933817927      
   6.49629317703633215519388411528678078        0.566159960146378805574814487635341879      
   6.49345459138961796352120581345576837        0.553371974087889810652361696449394850      
   6.49055191796760042742111789030872697        0.541154141221985489193318177820652212      
   6.48758518541849436553911931453000924        0.529469278723184664993125502136442987      
   6.48455442302275231916862484214001652        0.518283368286015480408614481574024136      
   6.48145966069277556600537935633487294        0.507565226487547720892996579717349222      
   6.47830092897261889682297194234198098        0.497286215513697437377672479141519087      
   6.47507825903768915798318472348977626        0.487419988598375746675527342929081415      
   6.47179168269443756275644017803665195        0.477942265410973787350023548849409131      
   6.46844123238004577448910998499881652        0.468830633360677042775235458699207705      
   6.46502694116210576471591780428651079        0.460064371394631569684908021651658317      
   6.46154884273829344937710717522444316        0.451624293374092442652905595845004449      
   6.45800697143603610636145331161995162        0.443492608536811225286444446544607105      
   6.45440136221217357765757337488274268        0.435652796909882591698214487634966952      
   6.45073205065261325945733321353899142        0.428089497837028801010794000401443156      
   6.44699907297197888361645896238525362        0.420788410037545044546547866712871451      
   6.44320246601325309393873869238515832        0.413736201828742513237548598910905020      
   6.43934226724741382081144188844701993        0.406920430326147786489380025682975348      
   6.43541851477306445778079230199362455        0.400329468591224212460147965911545703      
   6.43143124731605784371750207465061343        0.393952439829314411692901183018794215      
   6.42738050422911405428351135469068815        0.387779157854446003448595428341234226      
   6.42326632549143200647217732568642317        0.381800073135562391703958970668422433      
   6.41908875170829488005521903411549048        0.376006223823102067879789815824639300      
   6.41484782411066935983074903676663240        0.370389191227707650180041323480189128      
   6.41054358455479870262770908742428073        0.364941059285916778575365119188164583      
   6.40617607552178963308297424355518247        0.359654377602410264612686432614785817      
   6.40174534011719307226829729605778639        0.354522127705978356230746488881506469      
   6.39725142207057870330513270743193225        0.349537692197833308060297849244526720      
   6.39269436573510337816620568524701155        0.344694826507107355836025475977506213      
   6.38807421608707336992347701819872825        0.339987633000059738177287058730534240      
   6.38339101872550047476289726142465692        0.335410537217294639903460440790238934      
   6.37864481987165196814704417658830727        0.330958266037691728469668689724232125      
   6.37383566636859441956739441145277943        0.326625827589222776838422511872506608      
   6.36896360568073137038859364458752679        0.322408492745756972101517087237976141      
   6.36402868589333487934765822525687268        0.318301778065674122256553259839034000      
   6.35903095571207094033156510863721633        0.314301430042892746660745568079272871      
   6.35397046446251877711716502495609801        0.310403410554023125789683083932838427      
   6.34884726208968401981778573104566945        0.306603883396984378397087672037660025      
   6.34366139915750576784127727771703765        0.302899201826761516365917434594499974      
   6.33841292684835754422458889031413070        0.299285897003180773885061583630804134      
   6.33310189696254214627025670728757903        0.295760667273786009145683650457670837      
   6.32772836191778039747042265760640280        0.292320368222224424572720586722604253      
   6.32229237474869380576419658774307476        0.288962003419099663777004852626301490      
   6.31679398910628113323431577875692132        0.285682715818114710123981901103898317      
   6.31123325925738888240914763008420066        0.282479779745584719900469596260913609      
   6.30561024008417570439612193594033785        0.279350593436119911001469240450826954      
   6.29992498708357073413266825017381458        0.276292672071521313848503254447090428      
   6.29417755636672585810067073391413549        0.273303641283750608461669352420418432      
   6.28836800465846191991033701587516722        0.270381231086276043160310090269289459      
   6.28249638929670886921920837667769675        0.267523270201200604702990510899255989      
   6.27656276823193985951181540553570681        0.264727680752382380045488910406322500      
   6.27056720002659930032520558013621422        0.261992473297292374164652412285493133      
   6.26450974385452486956523639909774087        0.259315742172650184050344156099019597      
   6.25839045950036349161813916212646485        0.256695661130957895654687488909823209      
   6.25220940735898128702141365756078400        0.254130479246939550675170399188408239      
   6.24596664843486749951761229261905834        0.251618517074607216046078900535376353      
   6.23966224434153240637401300111755318        0.249158163037232585374664159701709684      
   6.23329625730089921791056300004960318        0.246747870033920727248014771553484389      
   6.22686875014268997223779955412888368        0.244386152247773952598594733045046805      
   6.22037978630380543126571876069486330        0.242071582141811187290780896130371564      
   6.21382942982769898410376840133662547        0.239802787629882769232602290928285293      
   6.20721774536374456403128553688262991        0.237578449410802134013991497863561386      
   6.20054479816659858527678316529501418        0.235397298454813265367566349902202568      
   6.19381065409555590590351233436590831        0.233258113632334003659365940253649572      
   6.18701537961389982315768602041607127        0.231159719475667448208931204267957879      
   6.18015904178824610769464826853221116        0.229100984065063153280968671420977602      
   6.17324170828788108315710595795729649        0.227080817031142353410176471764264052      
   6.16626344738409375763831052740144758        0.225098167666282236609693476219609008      
   6.15922432794950201362178248923367371        0.223152023138087976398225983342484545      
   6.15212441945737286304781199934735769        0.221241406798572039970526074681895363      
   6.14496379198093677421554355220745369        0.219365376583112005451338781011836503      
   6.13774251619269607728796146007528023        0.217523023493674175029483185167956975      
   6.13046066336372745522553457421129042        0.215713470161173763888901146989159769      
   6.12311830536297852703265313718048693        0.213935869482196184197332187782013316      
   6.11571551465655853025929714309694798        0.212189403325630472038564383397469696      
   6.10825236430702310975861355128195807        0.210473281305067529074067968812546722      
   6.10072892797265321975924857358908703        0.208786739613094662728313902138774587      
   6.09314527990672814636938046246599366        0.207129039913875809800163681864604964      
   6.08550149495679265768742719226107166        0.205499468290645546783980026669076734      
   6.07779764856391828875236157762074659        0.203897334244966098193211098877206080      
   6.07003381676195876862445313803676187        0.202321969744801483553720842194032800      
   6.06221007617679959694507082537325546        0.200772728318652999202673196531274940      
   6.05432650402560177738192301092178107        0.199248984193176602503810299334853325      
   6.04638317811603971542378031030593968        0.197750131471866539602727753935641978      
   6.03838017684553328804632233921425822        0.196275583352541725361779758180809367      
   6.03031757920047409282827077203590217        0.194824771381512852352041232415866083      
   6.02219546475544588415441755129707263        0.193397144742439804140729775352949472      
   6.01401391367243920419952820137278414        0.191992169578011435817944179465161764      
   6.00577300670006021644439536904971863        0.190609328342693857226398652050394901      
   5.99747282517273374953253638066061932        0.189248119184899649206088955728656500      
   5.98911345100990055933317020597421894        0.187908055357029545129857305413406377      
   5.98069496671520881713317318884240434        0.186588664651930555868035170803148709      
   5.97221745537569983193769868057983882        0.185289488864400799125319455604453268      
   5.96368100066098801491605273175406872        0.184010083276451867006754291905070088      
   5.95508568682243509408624569984682188        0.182750016165114845472535023250392259      
   5.94643159869231858738838745324337771        0.181508868331646469592084952471287062      
   5.93771882168299454235376123613839068        0.180286232651057712411670135558213199      
   5.92894744178605455063299764492919199        0.179081713640948688260067545413723522      
   5.92011754557147704570327499601663971        0.177894927048691403496863960480298180      
   5.91122922018677289213089507996906287        0.176725499456055885876867563975150971      
   5.90228255335612527482192334085750048        0.175573067900425823387120533782776463      
   5.89327763337952389674983933618661185        0.174437279511797280616077340862082897      
   5.88421454913189349370531636699340525        0.173317791164798553539727517265962114      
   5.87509339006221667466933786496001742        0.172214269145010973726513256445775092      
   5.86591424619265109646686193021448258        0.171126388828909666950609936043242406      
   5.85667720811764098141416377713965559        0.170053834376780081772947721030340684      
   5.84738236700302298672881821408371616        0.168996298438000690762191615378877806      
   5.83802981458512643452703010532283244        0.167953481868114778914233827852006298      
   5.82861964316986791128867948977900763        0.166925093457144807920808263748145868      
   5.81915194563184024572601911151461078        0.165910849668631608722081633047923441      
   5.80962681541339587404744500344556445        0.164910474388907726575284531669735582      
   5.80004434652372460166315491044379567        0.163923698686139732550910442697946393      
   5.79040463353792577043481419431871609        0.162950260578698325001846968854528683      
   5.78070777159607484062656388524034617        0.161989904812437669013735040876470610      
   5.77095385640228439676983018704345582        0.161042382646486749364328080110531205      
   5.76114298422375958670942846347465716        0.160107451647175625180676516002729028      
   5.75127525188984800315339698565224231        0.159184875489738448691787383913785534      
   5.74135075679108401710384596554379449        0.158274423767453017384271895977152734      
   5.73136959687822757260086509477948967        0.157375871807893534771260472707479984      
   5.72133187066129745226619741217316336        0.156489000495989221671099928851067603      
   5.71123767720859902318795829740115024        0.155613596103596504982701110274340165      
   5.70108711614574647274215519379699628        0.154749450125306768194727431264363419      
   5.69088028765467954400114576249446677        0.153896359120225127448232318012790760      
   5.68061729247267478043345902646237602        0.153054124559468445734334417034029173      
   5.67029823189135128965359514053328424        0.152222552679142859511770158449865782      
   5.65992320775567103603451418749003430        0.151401454338572507570040666856539934      
   5.64949232246293367204952231674592571        0.150590644883561959576837882457741091      
   5.63900567896176591826416407819842786        0.149789944014485077193962220030170777      
   5.62846338075110550195253242747613810        0.148999175659002737384119274589366797      
   5.61786553187917966436611205902410003        0.148218167849221036882004794448986207      
   5.60721223694247824673687693024497050        0.147446752603110308095696520417986886      
   5.59650360108472136514986854417113159        0.146684765810013537413193901047589814      
   5.58573972999582168447388723180598564        0.145932047120080612761631103953236996      
   5.57492072991084130159223379124892351        0.145188439837472262441656108799532170      
   5.56404670760894324822864287290783838        0.144453790817184604375012140508374207      
   5.55311777041233762371665192340318027        0.143727950365351925198774841358905499      
   5.54213402618522236811364979107910050        0.143010772142891672049078770165980311      
   5.53109558333271868611374673026853802        0.142302113072361685116405139751996071      
   5.52000255079980113226640199753206040        0.141601833247905443702064210045796890      
   5.50885503807022236806043598994472918        0.140909795848166559077420846103357758      
   5.49765315516543260148564041310491204        0.140225867052058939466944030571071504      
   5.48639701264349371973668176587573908        0.139549915957283990538553052404498335      
   5.47508672159798812577636997196974904        0.138881814501490912617401969764183196      
   5.46372239365692228952763475841480562        0.138221437385980626357770606245813181      
   5.45230414098162502451571686180316242        0.137568662001858113967955634387709427      
   5.44083207626564050083413882018334511        0.136923368358542014729574127219019115      
   5.42930631273361600535997046771793761        0.136285439014544172264011739883311463      
   5.41772696414018446019574677807038085        0.135654759010435506929357049008919142      
   5.40609414476884171036712988923572523        0.135031215803918089450737734950504433      
   5.39440796943081859185703247659829509        0.134414699206926630416925866073648150      
   5.38266855346394779110843561286233137        0.133805101324685783123647443139006242      
   5.37087601273152550717954035471789152        0.133202316496652692434085337963875071      
   5.35903046362116792778618801931630908        0.132606241239277117431789667110531993      
   5.34713202304366253051766895256912153        0.132016774190514217807820835315932902      
   5.33518080843181422056311304077791921        0.131433816056027729900580293121712041      
   5.32317693773928631633661677307580142        0.130857269557023774466668629674531900      
   5.31112052943943639444011082164388401        0.130287039379657940625196744156457629      
   5.29901170252414700545370836779812846        0.129723032125960584676058278481076578      
   5.28685057650265127209389726407606441        0.129165156266227474023163282097981398      
   5.27463727140035338133044808576262152        0.128613322092825000322063437005129949      
   5.26237190775764398210330469137623012        0.128067441675361187027726834874605221      
   5.25005460662871050033100358311645403        0.127527428817175629293043552924112865      
   5.23768548958034238295233263891278677        0.126993199013103332968382028383830174      
   5.22526467869073128279298818240949574        0.126464669408469168353635998030213324      
   5.21279229654826619609892137201628885        0.125941758759271327216544362016844921      
   5.20026846625032356462788003224002700        0.125424387393513772070347383011943295      
   5.18769331140205235424034982823367777        0.124912477173649198263371759993935877      
   5.17506695611515412198067860735788965        0.124405951460095495354812553686379201      
   5.16238952500665808368862931021437022        0.123904735075790097645605771689705717      
   5.14966114319769119423094959991275823        0.123408754271747957550256157032575787      
   5.13688193631224325249176978528089113        0.122917936693590162531878800436484259      
   5.12405203047592704330974423550702799        0.122432211349011449231834064992750307      
   5.11117155231473352859883481567863565        0.121951508576156049724736089224063548      
   5.09824062895378209993849743141019068        0.121475760012872436908640290154267755      
   5.08525938801606590496777407397830665        0.121004898566818621167090524325803855      
   5.07222795762119225996641232404939995        0.120538858386390690768205906034120708      
   5.05914646638411816105463162233749596        0.120077574832448286041704400824136855      
   5.04601504341388090649153027071854563        0.119620984450811654141009276710907193      
   5.03283381831232384260037861001423559        0.119169024945505849000953414501191704      
   5.01960292117281724589717165462027143        0.118721635152728521697175932999058024      
   5.00632248257897435404681817438909694        0.118278755015518591469612262953868949      
   4.99299263360336255831922232690772995        0.117840325559103898776093389100806121      
   4.97961350580620977026526798599045708        0.117406288866906720402007073396071064      
   4.96618523123410597538034441352022888        0.116976588057186774303800546879503740      
   4.95270794241869998657055441164784103        0.116551167260302059873822646352828767      
   4.93918177237539141028412210196381327        0.116129971596568568981712379240861760      
   4.92560685460201783821776654001235046        0.115712947154700565710889061189595947      
   4.91198332307753727755492902109057981        0.115300040970813769346143319126956587      
   4.89831131226070583273973570159789322        0.114891201007974387002208318264610522      
   4.88459095708875065183744258546006444        0.114486376136277530382632182868985995      
   4.87082239297603815057884654480810976        0.114085516113439116541927715212448071      
   4.85700575581273752723275339687096409        0.113688571565885896162610895953563645      
   4.84314118196347958149707168494832033        0.113295493970328775677681942747939644      
   4.82922880826601085064544825164985416        0.112906235635805102450549044576611726      
   4.81526877202984307621257848988918045        0.112520749686176066009596647047816823      
   4.80126121103489801454740985526401681        0.112138990043065833825927440001939864      
   4.78720626353014760460941136759094752        0.111760911409229488085701024747971105      
   4.77310406823224950642890396594508494        0.111386469252337261073311031233277091      
   4.75895476432417802369813625833575837        0.111015619789162981845408871628729948      
   4.74475849145385042400534697319052980        0.110648319970165046503836266137999237      
   4.73051538973274867026947882549437499        0.110284527464448609203091904638375715      
   4.71622559973453657697849810742818069        0.109924200645098061661614917587027590      
   4.70188926249367240487942965468068802        0.109567298574869225965269710643474135      
   4.68750651950401690781323747960572216        0.109213780992231029409407849253770010      
   4.67307751271743684543256685672640270        0.108863608297746761551560515568330095      
   4.65860238454240397558511355174836431        0.108516741540785333045522437477123035      
   4.64408127784258954018999976057129229        0.108173142406553263682343673309861306      
   4.62951433593545425847901372946137306        0.107832773203438423836315085862991619      
   4.61490170259083384151891052259254639        0.107495596850656839645945978181512234      
   4.60024352202952004197517455095896190        0.107161576866194148173444426776418716      
   4.58553993892183725312170984093746176        0.106830677355033554885219720649872512      
   4.57079109838621467114485116663008902        0.106502862997662402466837879849052956      
   4.55599714598775403483387766399906145        0.106178099038849707598412998144434653      
   4.54115822773679295679385995454595404        0.105856351276687261224459605121021117      
   4.52627449008746386036018170108056241        0.105537586051887118394469618386564022      
   4.51134607993624853643744646854835034        0.105221770237328526251176203496542901      
   4.49637314462052833452871034089431048        0.104908871227847553513118699904003286      
   4.48135583191713000226406952387721782        0.104598856930262892134084323741036702      
   4.46629429004086718778057971834264472        0.104291695753631502009098097019727473      
   4.45118866764307761934828995484078630        0.103987356599727962907728702290615686      
   4.43603911381015597667983741615907659        0.103685808853741584512028517318437345      
   4.42084577806208246840357111825488603        0.103387022375185505768990965796795495      
   4.40560881035094713022255075255189243        0.103090967489012188976147077066530618      
   4.39032836105946985832400209534682520        0.102797614976929882334064055783292784      
   4.37500458099951619264590174631794711        0.102506936068914787341795074685850502      
   4.35963762141060886464931115240807698        0.102218902434913824592444551137830299      
   4.34422763395843512428688249167126891        0.101933486176733043448983935706173927      
   4.32877477073334986089961662144862122        0.101650659820106867940035282606760104      
   4.31327918424887453281546552533088206        0.101370396306943513198384270994286576      
   4.29774102744019192046473811406487918        0.101092668987742044050785271583576688      
   4.28216045366263671786848843859714797        0.100817451614176680128248707051494149      
   4.26653761669018197739713895199497086        0.100544718331844080266617761789834751      
   4.25087267071392142273751800566256583        0.100274443673169463166403536957869604      
   4.23516577034054764504726988014991612        0.100006602550467541430791990803421490      
   4.21941707059082619731622692946034913         9.97411702491543623476540671581757266E-0002
   4.20362672689806560199481645908601966         9.94781224211062612656895102057221737E-0002
   4.18779489510658328698990936248686036         9.92174350781622422713865965863670007E-0002
   4.17192173147016746516870291029377333         9.89590845857662062318576273400628407E-0002
   4.15600739265053497255126602454773095         9.87030476567455482533146553769936565E-0002
   4.14005203571578508041226148164433305         9.84493013452227453356264616437184932E-0002
   4.12405581813884929655209537867844976         9.81978230406566505950407786913296311E-0002
   4.10801889779593717103732947639868579         9.79485904620103029903058949667496878E-0002
   4.09194143296497812174962630729578978         9.77015816520421511283574481911882134E-0002
   4.07582358232405929512177982026246992         9.74567749717176765466365222601060120E-0002
   4.05966550494985947747851543606804814         9.72141490947384859682447895892496914E-0002
   4.04346736031607907243872232438199910         9.69736830021860234980388662662576103E-0002
   4.02722930829186615987460709854910029         9.67353559772771326633393792359102701E-0002
   4.01095150914023865196193157556510065         9.64991476002287746896520831970065639E-0002
   3.99463412351650256189401738403397415         9.62650377432292835238340113881786061E-0002
   3.97827731246666640087056664212794174         9.60330065655136099554819802440066594E-0002
   3.96188123742585171901056029205813247         9.58030345085400768199281038416435554E-0002
   3.94544606021669980587655359015645698         9.55751022912662347681351587261463969E-0002
   3.92897194304777456633559133675173480         9.53491909055214735322336985335877350E-0002
   3.91245904851196158751971331350722478         9.51252816114741070699883817342741691E-0002
   3.89590753958486341268661270521604755         9.49033559331907125041027449879390683E-0002
   3.87931757962319103781844664720467405         9.46833956542855624474771307460676998E-0002
   3.86268933236315164683407808899088662         9.44653828136580481854581862710215669E-0002
   3.84602296191883260132715153174232014         9.42492997013160473306167639280052867E-0002
   3.82931863278058170077937151499227967         9.40351288542832440323334105989212297E-0002
   3.81257650981338372923516163214831521         9.38228530525884626680258614325172400E-0002
   3.79579675825523330446053298128703371         9.36124553153351272187728414823143520E-0002
   3.77897954371550404564548394583396216         9.34039188968490082909873146808751306E-0002
   3.76212503217331407574558768880898957         9.31972272829024680374231182022528343E-0002
   3.74523338997588787459459937576911673         9.29923641870134601031264202382356937E-0002
   3.72830478383691449895593155836221836         9.27893135468175872212140067822746408E-0002
   3.71133938083490218571670299705062371         9.25880595205115632541689855824078721E-0002
   3.69433734841152935446376312417909700         9.23885864833664693616987584541524593E-0002
   3.67729885436999202571663099483390980         9.21908790243092356175818875015777038E-0002
   3.66022406687334767112766359213586156         9.19949219425708198353546416310825594E-0002
   3.64311315444285551199498339658326522         9.18007002443995946347589021720962801E-0002
   3.62596628595631328246874884825285040         9.16081991398384919248386277186364917E-0002
   3.60878363064639047386624338011113042         9.14174040395644910313755211243246015E-0002
   3.59156535809895807654598873601565474         9.12283005517890726906842976752228947E-0002
   3.57431163825141483582565596542323770         9.10408744792182961021251727335667290E-0002
   3.55702264139101003846295246720174751         9.08551118160711902103554823041618396E-0002
   3.53969853815316284625290539770003942         9.06709987451551834065356328645337770E-0002
   3.52233949951977819332904032541300194         9.04885216349973279255531083633484176E-0002
   3.50494569681755926378986886984372715         9.03076670370301064029229943620255924E-0002
   3.48751730171631656630584987078663553         9.01284216828306383684587626941049696E-0002
   3.47005448622727362239557506312707017         8.99507724814121339212177900028454806E-0002
   3.45255742270136928509335194988996969         8.97747065165664704778233503053764086E-0002
   3.43502628382755670476361324281384568         8.96002110442567963393701306952812409E-0002
   3.41746124263109895885067354694649603         8.94272734900590919051984424581728291E-0002
   3.39986247247186136238527957705780742         8.92558814466516456985128174736909884E-0002
   3.38223014704260047610215978408010779         8.90860226713514279819682679846949515E-0002
   3.36456444036724982905537251599404315         8.89176850836963696530310061363458493E-0002
   3.34686552679920237265067841789545229         8.87508567630725783404808491198325360E-0002
   3.32913358101958968304642237036919947         8.85855259463855471954898164532023519E-0002
   3.31136877803555792890650255536999504         8.84216810257744348032302409445045492E-0002
   3.29357129317854062152092890783013035         8.82593105463685169532202643962507749E-0002
   3.27574130210252816434122994409603633         8.80984032040849327172523976426735282E-0002
   3.25787898078233421900955544161362104         8.79389478434668684108056215962695201E-0002
   3.23998450551185890499174236627076803         8.77809334555613435747552190642135211E-0002
   3.22205805290234884995586249436236494         8.76243491758357831258384236397543785E-0002
   3.20409979988065410806885204683339564         8.74691842821325793030289861095218317E-0002
   3.18610992368748196341473603751355939         8.73154281926608659985100363311480861E-0002
   3.16808860187564763576870262938975929         8.71630704640247465215903124697702241E-0002
   3.15003601230832190599185529015369043         8.70121007892872338164681772125867692E-0002
   3.13195233315727567834187263857244146         8.68625089960691796545185518694726453E-0002
   3.11383774290112149702503727660403816         8.67142850446824863626078835014751723E-0002
   3.09569242032355203434515531024545885         8.65674190262969112442357198090479870E-0002
   3.07751654451157556783477737817376541         8.64219011611397900130343822525851567E-0002
   3.05931029485374846378384953632808772         8.62777217967280213008932609419833155E-0002
   3.04107385103840468461046799538127305         8.61348714061316696378750890095318584E-0002
   3.02280739305188233754778518496142449         8.59933405862685592399367009479917895E-0002
   3.00451110117674728215031563360098797         8.58531200562292454946628674300359153E-0002
   2.98618515599001381415191841851219296         8.57142006556317652158163689454125055E-0002
   2.96782973836136244323658816791534653         8.55765733430055805552012941287250744E-0002
   2.94944502945135478231186850599121992         8.54402291942041449254954926932964094E-0002
   2.93103121070964556590321013351164710         8.53051594008455324103745645556064728E-0002
   2.91258846387319181531593015445818498         8.51713552687805849281536383500420602E-0002
   2.89411697096445916823958951081783750         8.50388082165880438817425225177990682E-0002
   2.87561691428962539049759119631723180         8.49075097740961451800809779051665439E-0002
   2.85708847643678108767261300891352758         8.47774515809301683632484188050835781E-0002
   2.83853184027412763436612469691760865         8.46486253850854421137085171440355737E-0002
   2.81994718894817233887770018192555961         8.45210230415253196979729784437074240E-0002
   2.80133470588192086111712083225086137         8.43946365108036488644148006443508078E-0002
   2.78269457477306690158937524398726531         8.42694578577112714318483354846245314E-0002
   2.76402697959217917931959439563134786         8.41454792499460982474024435119360440E-0002
   2.74533210458088571661171811053238475         8.40226929568063153784951336265060841E-0002
   2.72661013425005544856126922523396847         8.39010913479062873395022487688390085E-0002
   2.70786125337797717526901545868826420         8.37806668919147328459130563118701572E-0002
   2.68908564700853587472852544676715795         8.36614121553147580440882683340108229E-0002
   2.67028350044938639438667448962006677         8.35433198011853413896863087155767575E-0002
   2.65145499927012453940202699914198626         8.34263825880038733487124109882215323E-0002
   2.63260032930045557565171617477673779         8.33105933684693628780951679231436026E-0002
   2.61371967662836016556295682450445654         8.31959450883459312136473272967299921E-0002
   2.59481322759825775487066423232262117         8.30824307853262218579867875959314834E-0002
   2.57588116880916742842781030376048015         8.29700435879143638250744299920896640E-0002
   2.55692368711286625322012764866502456         8.28587767143281331668973596205895038E-0002
   2.53794096961204512676157253912591407         8.27486234714199655867595584672126114E-0002
   2.51893320365846214907157856519809688         8.26395772536164805377527494277795292E-0002
   2.49990057685109353645957405903620869         8.25316315418761846192349008071450235E-0002
   2.48084327703428209536649772794892535         8.24247799026650293233640970673009467E-0002
   2.46176149229588327453712818926420890         8.23190159869495052526032858057490847E-0002
   2.44265541096540881382094399709584257         8.22143335292069618321729477967807729E-0002
   2.42352522161216800792295105722534520         8.21107263464528482830990410392650828E-0002
   2.40437111304340660344945380725159114         8.20081883372845782060705634818041356E-0002
   2.38519327430244334761710496258801399         8.19067134809417265579496092243035290E-0002
   2.36599189466680420701674576426594314         8.18062958363822740855125109831735747E-0002
   2.34676716364635427484654428308342177         8.17069295413746204187737724241835252E-0002
   2.32751927098142738505175320946437208         8.16086088116050930228733783123012380E-0002
   2.30824840664095345183104046429935634         8.15113279398006850667027849516154680E-0002
   2.28895476082058355299179567965881338         8.14150812948667609918105533388342681E-0002
   2.26963852394081277565908289803278393         8.13198633210394741601686360149664208E-0002
   2.25029988664510084286499450488857202         8.12256685370526464274996970146573670E-0002
   2.23093903979799053956706322388281633         8.11324915353188648333740067296685002E-0002
   2.21155617448322395666610775085490853         8.10403269811245558233983803324767576E-0002
   2.19215148200185657161542306740944181         8.09491696118388025256666418285166613E-0002
   2.17272515387036918423457844491995460         8.08590142361356755962616309347024498E-0002
   2.15327738181877772636225441441942758         8.07698557332298530299490450499758053E-0002
   2.13380835778874096400353432816246040         8.06816890521253091051580073923324122E-0002
   2.11431827393166611064786636754285589         8.05945092108768572996976221295191587E-0002
   2.09480732260681237045452775423850434         8.05083112958643365781316448478310805E-0002
   2.07527569637939243002285429346241372         8.04230904610792349159691059074886318E-0002
   2.05572358801867191748474501837507530         8.03388419274235482923994976809927331E-0002
   2.03615119049606684767701341323291145         8.02555609820206776547092638096004490E-0002
   2.01655869698323907217103327170934942         8.01732429775381705361962833311695884E-0002
   1.99694630085018975295681849985534198         8.00918833315221180977195324864346000E-0002
   1.97731419566335087859818190602011687         8.00114775257430223632870571112086965E-0002
   1.95766257518367484169493804021695327         7.99320211055529523345398608791047267E-0002
   1.93799163336472209650724926221200479         7.98535096792538114998153671970205025E-0002
   1.91830156435074691561616224219061644         7.97759389174765430027965984270269366E-0002
   1.89859256247478126451314384320588291         7.96993045525711024056405259642862138E-0002
   1.87886482225671681303000061556749494         7.96236023780070315739447937878278954E-0002
   1.85911853840138510253895476655469998         7.95488282477844707279166800940410827E-0002
   1.83935390579663588787085127284708267         7.94749780758554491475606510254372437E-0002
   1.81957111951141367291748559821641380         7.94020478355552983914600653908939273E-0002
   1.79977037479383245890186908751317149         7.93300335590440351906048560559854239E-0002
   1.77995186706924872431788935386138328         7.92589313367575644124735855893236376E-0002
   1.76011579193833265555827568514287568         7.91887373168685556579326845451695460E-0002
   1.74026234517513764726704449605577862         7.91194477047568501561411052608263306E-0002
   1.72039172272516809146967697287361526         7.90510587624892576621751869022898543E-0002
   1.70050412070344547455117013096616200         7.89835668083086060401045716536012664E-0002
   1.68059973539257280116880336348324246         7.89169682161319091323033281716989721E-0002
   1.66067876324079736420297503851695720         7.88512594150575213753794571601816715E-0002
   1.64074140086007187986578763857498682         7.87864368888811504257209007919107048E-0002
   1.62078784502411400710319516920702161         7.87224971756206018047201939511689102E-0002
   1.60081829266646427044247293387966379         7.86594368670491322666501241005992593E-0002
   1.58083294087854240545252712230821701         7.85972526082372912322814068674734687E-0002
   1.56083198690770214600012983390784606         7.85359410971031322199887125954426789E-0002
   1.54081562815528447250054400317011671         7.84754990839706787445787403466591448E-0002
   1.52078406217466934037619205782089053         7.84159233711365316436568058608699591E-0002
   1.50073748666932590795202187365908782         7.83572108124445072332589279761788531E-0002
   1.48067609949086128303103354397156602         7.82993583128681980899168720373115082E-0002
   1.46060009863706780740805051019915239         7.82423628281013506064669943692187804E-0002
   1.44050968224996889859424855979877762         7.81862213641559557749045846970186340E-0002
   1.42040504861386346803919594458895236         7.81309309769679519125407071358786903E-0002
   1.40028639615336893515120726773984917         7.80764887720104402687285103034862041E-0002
   1.38015392343146285643067269131321099         7.80228919039143166295548402579361128E-0002
   1.36000782914752318904469229208938117         7.79701375760962241781797428002377606E-0002
   1.33984831213536720818482290643857930         7.79182230403937349699655859042674092E-0002
   1.31967557136128909756303142218356299         7.78671455967076694451597902776423835E-0002
   1.29948980592209623241404406562736615         7.78169025926514654286481621524435143E-0002
   1.27929121504314417438518566593484770         7.77674914232075100571248019429477292E-0002
   1.25907999807637039770751602949863090         7.77189095303903500298529841854252078E-0002
   1.23885635449832676605459229831507780         7.76711544029166975009216182054917468E-0002
   1.21862048390821077950751637515967873         7.76242235758821508194157556369318147E-0002
   1.19837258602589561105706505278944261         7.75781146304445511800790629371583506E-0002
   1.17811286068995895208564726470992735         7.75328251935138980716938646413656202E-0002
   1.15784150785571068628358776331659602         7.74883529374487482043641831538643515E-0002
   1.13755872759321941146579941143809992         7.74446955797590243609648604485216489E-0002
   1.11726472008533782876627703135209052         7.74018508828151623530034018209567528E-0002
   1.09695968562572701869902427898729678         7.73598166535635259678015599832287769E-0002
   1.07664382461687962358501118994144559         7.73185907432480214729951897863463698E-0002
   1.05631733756814195585555376970398466         7.72781710471378448966117386262869871E-0002
   1.03598042509373505175310816654575200         7.72385555042612969271374455318045819E-0002
   1.01563328791077468996088046729552669         7.71997420971456018787382851940794482E-0002
  0.995276126837290394702868890938036605         7.71617288515626687428425836623554603E-0002
  0.974909142790243442865978021814398037         7.71245138362807338993074578165292794E-0002
  0.954532536783543894705674624262320343         7.70880951628218265890403692115643917E-0002
  0.934146509926066667706291416782781552         7.70524709852249997558823066180169967E-0002
  0.913751263419666673176528861150391816         7.70176394998152703494185994798777134E-0002
  0.893346998557193035169955447091156541         7.69835989449782146427927047144672809E-0002
  0.872933916720502411329364034935816047         7.69503476009401655611708915866210171E-0002
  0.852512219378471435262705467629631509         7.69178837895539604378431480381642221E-0002
  0.832082108085008300066990792159796039         7.68862058740901890166379789761344919E-0002
  0.811643784477063502625029953278888592         7.68553122590338929019551170985117520E-0002
  0.791197450272639768308157655697069377         7.68252013898866690218488524519811369E-0002
  0.770743307268801175726186152938905429         7.67958717529741310157836661449000555E-0002
  0.750281557339681501173719931976930149         7.67673218752586837874810493242069623E-0002
  0.729812402434491802429668544640808821         7.67395503241575677752200197679044152E-0002
  0.709336044575527261574301113649742499         7.67125557073661307875727545637957502E-0002
  0.688852685856173306495499238832689305         7.66863366726862865323707145886011969E-0002
  0.668362528438911030762984075507815153         7.66608919078601202312166677712666804E-0002
  0.647865774553321931556218181827223719         7.66362201404086029615866959700073370E-0002
  0.627362626494091985338413266810133184         7.66123201374753776039980134269330337E-0002
  0.606853286619015080975611149359760116         7.65891907056755804933397883409919620E-0002
  0.586337957346995830006146996276628849         7.65668306909496640817541189949254343E-0002
  0.565816841156051773771951181553382426         7.65452389784221871158845471943457831E-0002
  0.545290140581315007129098839392248066         7.65244144922655400143446418404992531E-0002
  0.524758058213033238460774310675086910         7.65043561955685743023571414283806994E-0002
  0.504220796694570305721381150207040518         7.64850630902101061201262956962698340E-0002
  0.483678558720406168245897115038981906         7.64665342167372649700775431425107616E-0002
  0.463131547034136394063747539563907967         7.64487686542486600060686652421926494E-0002
  0.442579964426471162461449669812825802         7.64317655202823372954784939456554462E-0002
  0.422024013733233801543064828304371091         7.64155239707085026031410460153133537E-0002
  0.401463897833358880542084664710105731         7.64000431996269853548372911834796782E-0002
  0.380899819646889876642772171188904869         7.63853224392694205379012879764055279E-0002
  0.360331982132976436073177561147830676         7.63713609599061263878550124787827252E-0002
  0.339760588287871249236053484956842083         7.63581580697576567932651754127578595E-0002
  0.319185841142926559647703346259018213         7.63457131149110084266196542005028436E-0002
  0.298607943762590326458410650380579427         7.63340254792404636773507323504436835E-0002
  0.278027099242402060331516326285387023         7.63230945843330515245831215874250848E-0002
  0.257443510706988352461434781792696534         7.63129198894186095421490518435299164E-0002
  0.236857381308058116513928046566796460         7.63035008913044312772793995318363424E-0002
  0.216268914222397563274790698801871775         7.62948371243144842875344852811173349E-0002
  0.195678312649864927795736331601015969         7.62869281602331851583633678764128410E-0002
  0.175085779811384968828719067748196250         7.62797736082537188565559168470836032E-0002
  0.154491518946943260342171052787173215         7.62733731149308908031547576036229045E-0002
  0.133895733313580294914688923870733898         7.62677263641385010734990186240712800E-0002
  0.113298626183385418803558945474087715         7.62628330770312311523511117018792522E-0002
   9.27004008414906184871718044529712796E-0002   7.62586930120110346888819578770617726E-0002
   7.21012605840641784818439496736978901E-0002   7.62553059646980247100277175238539962E-0002
   5.15014087163042302348328310811422886E-0002   7.62526717679058507617491434595889342E-0002
   3.09010485504322118964084270625526190E-0002   7.62507902916215604563886623349826863E-0002
   1.03003834036862587747230366999341334E-0002   7.62496614429899409109944685529549859E-0002
  -1.03003834036854557220945536996098297E-0002   7.62492851663023365665285013035271048E-0002
  -3.09010485504314088517057492998937661E-0002   7.62496614429899408816585242166854149E-0002
  -5.15014087163034272059816855693164290E-0002   7.62507902916215603977153259599446696E-0002
  -7.21012605840633754767699069776487856E-0002   7.62526717679058506737355194664602328E-0002
  -9.27004008414898155138002004672371055E-0002   7.62553059646980245926694621078010996E-0002
 -0.113298626183384615869814803202935332         7.62586930120110345421732784846103212E-0002
 -0.133895733313579492028496875211381287         7.62628330770312309762847663332255362E-0002
 -0.154491518946942457511455260316872028         7.62677263641385008680663149606784050E-0002
 -0.175085779811384166061403146515946202         7.62733731149308905683455519609060587E-0002
 -0.195678312649864125099743270924683179         7.62797736082537185923586129519494847E-0002
 -0.216268914222396760658042784071482920         7.62869281602331848647649154693789834E-0002
 -0.236857381308057313984346781054780260         7.62948371243144839645203785426976671E-0002
 -0.257443510706987550026940808471844559         7.63035008913044309248336753328396002E-0002
 -0.278027099242401258000029349655305297         7.63129198894186091602542878188779063E-0002
 -0.298607943762589524237849358303402048         7.63230945843330511132204340330582021E-0002
 -0.319185841142925757545985331805155238         7.63340254792404632364997739428404091E-0002
 -0.339760588287870447261095168261532642         7.63457131149110079562586115383006113E-0002
 -0.360331982132975634232894111279271756         7.63581580697576562933707663799216593E-0002
 -0.380899819646889074945077428028728476         7.63713609599061258584024834287276442E-0002
 -0.401463897833358078994891060846973953         7.63853224392694199788644107364385367E-0002
 -0.422024013733233000154283310941460867         7.64000431996269847661883598788848436E-0002
 -0.442579964426470361238989622689974112         7.64155239707085019848508737123635849E-0002
 -0.463131547034135593015516704895186949         7.64317655202823366475164091127923687E-0002
 -0.483678558720405367379801515466476046         7.64487686542486593284025080285743215E-0002
 -0.504220796694569505045325010771594900         7.64665342167372642626736614730848565E-0002
 -0.524758058213032437982659980804797178         7.64850630902101053829495411824876350E-0002
 -0.545290140581314206856826714909461604         7.65043561955685735353708650936245861E-0002
 -0.565816841156050973713419626700981327         7.65244144922655392175106896592529117E-0002
 -0.586337957346995030169252265764363639         7.65452389784221862891632554440937553E-0002
 -0.606853286619014281368247310431403461         7.65668306909496632251043094197239679E-0002
 -0.627362626494091185968472121332223173         7.65891907056755796067187631256095580E-0002
 -0.647865774553321132431589188400165455         7.66123201374753766873615499804143631E-0002
 -0.668362528438910231891554271600109594         7.66362201404086020148890415174690995E-0002
 -0.688852685856172507885153162939056147         7.66608919078601192544105337526887519E-0002
 -0.709336044575526463232920727473913553         7.66863366726862855254072708633303147E-0002
 -0.729812402434491004365133155303740485         7.67125557073661297504016234194327817E-0002
 -0.750281557339680703393906114251227978         7.67395503241575667077892697321994472E-0002
 -0.770743307268800378238967671510209994         7.67673218752586826897371887785389007E-0002
 -0.791197450272638971121405387453177439         7.67958717529741298876716367378696974E-0002
 -0.811643784477062705746611809627376304         7.68252013898866678633120223115981331E-0002
 -0.832082108085007503504771641374908875         7.68553122590338917129352738414070656E-0002
 -0.852512219378470639024547057229210218         7.68862058740901877970753225121801039E-0002
 -0.872933916720501615423124914089022276         7.69178837895539591876762831688318786E-0002
 -0.893346998557192239603490889057765797         7.69503476009401642803368203953607767E-0002
 -0.913751263419665877957690785752416435         7.69835989449782133312268187473354273E-0002
 -0.934146509926065872842928312909193186         7.70176394998152690070546717145911645E-0002
 -0.954532536783543100205631472407632598         7.70524709852249983826524832195586679E-0002
 -0.974909142790242648737096216651876377         7.70880951628218251848751610724106087E-0002
 -0.995276126837289600952986163928298659         7.71245138362807324641357318795155830E-0002
  -1.01563328791077389659783080933129622         7.71617288515626672765915540241427704E-0002
  -1.03598042509373425878472175063353291         7.71997420971456003813335039871261151E-0002
  -1.05631733756814116328965687368341339         7.72385555042612953985027935826938789E-0002
  -1.07664382461687883142942611924308915         7.72781710471378433366694158882015212E-0002
  -1.09695968562572622696156928942965533         7.73185907432480198816657055434232038E-0002
  -1.11726472008533703745476625197856972         7.73598166535635243450037228244696197E-0002
  -1.13755872759321862058804276739471153         7.74018508828151606986543093813075067E-0002
  -1.15784150785570989584739089877114935         7.74446955797590226749798889146747814E-0002
  -1.17811286068995816209881146581347334         7.74883529374487464866569765322755093E-0002
  -1.19837258602589482152738717068072868         7.75328251935138963221763237859132219E-0002
  -1.21862048390820999044278874901337510         7.75781146304445493986613343338107055E-0002
  -1.23885635449832597746260267843453701         7.76242235758821490060062199427215890E-0002
  -1.25907999807636960959604750045393558         7.76711544029166956554268785390316242E-0002
  -1.27929121504314338676201656974690815         7.77189095303903481521778541661313407E-0002
  -1.29948980592209544528694792499882472         7.77674914232075081471722934760697233E-0002
  -1.31967557136128831093977686377726314         7.78169025926514634863194729569297428E-0002
  -1.33984831213536642207317358420435742         7.78671455967076674703542911537996947E-0002
  -1.36000782914752240345240681063993628         7.79182230403937329625808077381018790E-0002
  -1.38015392343146207136550452934980869         7.79701375760962221381113633012904584E-0002
  -1.40028639615336815062090470152861758         7.80228919039143145566966704273536684E-0002
  -1.42040504861386268405150197148852397         7.80764887720104381629724806289901385E-0002
  -1.44050968224996811515690082184003046         7.81309309769679497737768535102207994E-0002
  -1.46060009863706702452878121771780771         7.81862213641559536030210340564311590E-0002
  -1.48067609949086050071756939929439333         7.82423628281013484013499500482887639E-0002
  -1.50073748666932512621208399484447250         7.82993583128681958514505988366271341E-0002
  -1.52078406217466855921749590245451644         7.83572108124445049613257369390131032E-0002
  -1.54081562815528369193079929221651207         7.84159233711365293381370387550828533E-0002
  -1.56083198690770136602704047561855595         7.84754990839706764053507538479137049E-0002
  -1.58083294087854162608379113618733193         7.85359410971031298469288621677427898E-0002
  -1.60081829266646349168578237470747904         7.85972526082372888252640303369422781E-0002
  -1.62078784502411322896623605112256164         7.86594368670491298255475249183266240E-0002
  -1.64074140086007110235623985921814801         7.87224971756205993294026241408631823E-0002
  -1.66067876324079658732851230323101846         7.87864368888811479160565435779965980E-0002
  -1.68059973539257202493709310957849273         7.88512594150575188312344092718892789E-0002
  -1.70050412070344469896987345204538863         7.89169682161319065535415818185913392E-0002
  -1.72039172272516731654644854322020243         7.89835668083086034265879961678877716E-0002
  -1.74026234517513687300953249508516290         7.90510587624892550137635100431710597E-0002
  -1.76011579193833188197412172191810440         7.91194477047568474726918941760116505E-0002
  -1.77995186706924795141472839167351615         7.91887373168685529393013263846032885E-0002
  -1.79977037479383168668732936852727583         7.92589313367575616585132677660469038E-0002
  -1.81957111951141290139918856818389426         7.93300335590440324011665461489505859E-0002
  -1.83935390579663511705641150588508877         7.94020478355552955663924906844363895E-0002
  -1.85911853840138433243597988999335271         7.94749780758554462867102776799937782E-0002
  -1.87886482225671604364609123486567812         7.95488282477844678311276919425869969E-0002
  -1.89859256247478049585589346693633379         7.96236023780070286410590707523855892E-0002
  -1.91830156435074614769315720709506291         7.96993045525710994364976220867353067E-0002
  -1.93799163336472132932606865832708425         7.97759389174765399972337195083216551E-0002
  -1.95766257518367407526315363607165366         7.98535096792538084576673480387924876E-0002
  -1.97731419566335011292335807390547822         7.99320211055529492556391421214993343E-0002
  -1.99694630085018898804651214116715586         8.00114775257430192474636616606700252E-0002
  -2.01655869698323830803279374236459262         8.00918833315221149448010415270191458E-0002
  -2.03615119049606608431838244916065121         8.01732429775381673460078119128292312E-0002
  -2.05572358801867115491325666108257989         8.02555609820206744270734360067347000E-0002
  -2.07527569637939166824603481567720574         8.03388419274235450271364213144249117E-0002
  -2.09480732260681160947989558562708630         8.04230904610792316128963468228733894E-0002
  -2.11431827393166535048293202050684463         8.05083112958643332370642007433494422E-0002
  -2.13380835778874020465580032371286076         8.05945092108768539204478959255631463E-0002
  -2.15327738181877696783921520812978255         8.06816890521253056875357801357236479E-0002
  -2.17272515387036842654372035295909059         8.07698557332298495737614483451013194E-0002
  -2.19215148200185581476422419265455272         8.08590142361356721013131188937863826E-0002
  -2.21155617448322320066203790908569777         8.09491696118387989917589625330779814E-0002
  -2.23093903979798978441758387005743249         8.10403269811245522503305467978512410E-0002
  -2.25029988664510008857755865950205859         8.11324915353188612209422673642970659E-0002
  -2.26963852394081202224113507355877778         8.12256685370526427754975055656630896E-0002
  -2.28895476082058280045077180707521180         8.13198633210394704683866209913585309E-0002
  -2.30824840664095270017436781969867926         8.14150812948667572600364869034891074E-0002
  -2.32751927098142663428685034074954765         8.15113279398006812947215512729923260E-0002
  -2.34676716364635352498082093674971038         8.16086088116050892104669413666536874E-0002
  -2.36599189466680345805760281226973320         8.17069295413746165657211432388260198E-0002
  -2.38519327430244259957193432930320549         8.18062958363822701915897143111567496E-0002
  -2.40437111304340585632563839651428087         8.19067134809417226229296496406409554E-0002
  -2.42352522161216726172786467946755030         8.20081883372845742297233908911778570E-0002
  -2.44265541096540806856195129656896828         8.21107263464528442651915155849166440E-0002
  -2.46176149229588253022158457135298259         8.22143335292069577724688041600681905E-0002
  -2.48084327703428135200174928657651443         8.23190159869495011508630968856200505E-0002
  -2.49990057685109279405295750416123974         8.24247799026650251793452370286950737E-0002
  -2.51893320365846140763042115040429040         8.25316315418761804326915074870966853E-0002
  -2.53794096961204438629319198930504980         8.26395772536164763084356860877445328E-0002
  -2.55692368711286551373183208779394916         8.27486234714199613144163748798886348E-0002
  -2.57588116880916668992689818277287762         8.28587767143281288512722524792401555E-0002
  -2.59481322759825701736442425707624695         8.29700435879143594659082026301165696E-0002
  -2.61371967662835942905866788384455105         8.30824307853262174550168090041659377E-0002
  -2.63260032930045484015664726869633577         8.31959450883459267666074904256374264E-0002
  -2.65145499927012380492343716703981881         8.33105933684693583867158472568481083E-0002
  -2.67028350044938566093181273865677436         8.34263825880038688127204193769654434E-0002
  -2.68908564700853514230463068032051630         8.35433198011853368088048534529306455E-0002
  -2.70786125337797644388331640490812939         8.36614121553147534180369064648422269E-0002
  -2.72661013425005471822098436569764890         8.37806668919147281744076491567650380E-0002
  -2.74533210458088498732405560900114488         8.39010913479062826222549156503480909E-0002
  -2.76402697959217845109175202690873542         8.40226929568063106152142047822573412E-0002
  -2.78269457477306617442854032287998584         8.41454792499460934377924121793177208E-0002
  -2.80133470588192013503047014263288258         8.42694578577112665756098091413949682E-0002
  -2.81994718894817161387239990590614666         8.43946365108036439612444513891773991E-0002
  -2.83853184027412691044933034411400791         8.45210230415253147475634925002724686E-0002
  -2.85708847643678036485146934582896711         8.46486253850854371157485434719732993E-0002
  -2.87561691428962466877923217582496634         8.47774515809301633174225168006309999E-0002
  -2.89411697096445844763113820175190757         8.49075097740961400860695641740175060E-0002
  -2.91258846387319109582449867131161255         8.50388082165880387392218167022498860E-0002
  -2.93103121070964484753589956624272712         8.51713552687805797367956079921041415E-0002
  -2.94944502945135406507576884993863531         8.53051594008455271698468689773389888E-0002
  -2.96782973836136172713877825382277742         8.54402291942041396354614258751783899E-0002
  -2.98618515599001309919946584266310824         8.55765733430055752153197265664418815E-0002
  -3.00451110117674656835027668806433238         8.57142006556317598257416884649756403E-0002
  -3.02280739305188162490720478794885360         8.58531200562292400540449189406872796E-0002
  -3.04107385103840397313637962171666573         8.59933405862685537484207251118637758E-0002
  -3.05931029485374775348327514802998124         8.61348714061316640951016598065426364E-0002
  -3.07751654451157485871472735515142855         8.62777217967280157064982221079414439E-0002
  -3.09569242032355132641262838110927588         8.64219011611397843666487825679594366E-0002
  -3.11383774290112079028702044959087464         8.65674190262969055454857472153271372E-0002
  -3.13195233315727497280534113258670184         8.67142850446824806111147980214958552E-0002
  -3.15003601230832120166377246592471608         8.68625089960691738498986173075347220E-0002
  -3.16808860187564693265601992074627800         8.70121007892872279583325916095995666E-0002
  -3.18610992368748126152439288277582920         8.71630704640247406095451372880838313E-0002
  -3.20409979988065340740777582032376023         8.73154281926608600321561243431181446E-0002
  -3.22205805290234815053096843803485891         8.74691842821325732819619079632340095E-0002
  -3.23998450551185820680993352146047408         8.76243491758357770496483930746969052E-0002
  -3.25787898078233352207772258090644023         8.77809334555613374430270167490304334E-0002
  -3.27574130210252746866625150331953844         8.79389478434668622231185175600537921E-0002
  -3.29357129317853992710967091816617735         8.80984032040849264731800722705686469E-0002
  -3.31136877803555723576581857558977775         8.82593105463685106523307279594185688E-0002
  -3.32913358101958899118315341919138517         8.84216810257744284450857516337885105E-0002
  -3.34686552679920168207165290646808515         8.85855259463855407796467968850659646E-0002
  -3.36456444036724913976740618050089143         8.87508567630725718664898012823829662E-0002
  -3.38223014704259978811205561847209199         8.89176850836963631204364247424623253E-0002
  -3.39986247247186067569982776591019983         8.90860226713514213903085521984690826E-0002
  -3.41746124263109827347665139844254331         8.92558814466516390473201809755511024E-0002
  -3.43502628382755602070778512185546390         8.94272734900590851939988218132066843E-0002
  -3.45255742270136860236246921133620670         8.96002110442567895676830919883897651E-0002
  -3.47005448622727294099637598516094547         8.97747065165664636451619940059846197E-0002
  -3.48751730171631588624505958841106372         8.99507724814121270270886540209655539E-0002
  -3.50494569681755858507419930850714688         9.01284216828306314123617235885878724E-0002
  -3.52233949951977751596519013476538154         9.03076670370300993843511666608544210E-0002
  -3.53969853815316217024755988547991393         9.04885216349973208439927419548126302E-0002
  -3.55702264139100936382278353325492186         9.06709987451551762614660084170837556E-0002
  -3.57431163825141416255732203585383757         9.08551118160711830012488046716717811E-0002
  -3.59156535809895740465613469747014084         9.10408744792182888284464623016331751E-0002
  -3.60878363064638980336150051419595696         9.12283005517890653518912796029937853E-0002
  -3.62596628595631261335573476608638590         9.14174040395644836269185124351879364E-0002
  -3.64311315444285484428030197348265282         9.16081991398384844541604221919006580E-0002
  -3.66022406687334700481790490243942165         9.18007002443995870972946529865591026E-0002
  -3.67729885436999136081837124685977798         9.19949219425708122305317417101192282E-0002
  -3.69433734841152869098356459532070081         9.21908790243092279448198475080707616E-0002
  -3.71133938083490152366111396900964929         9.23885864833664616204090823822439012E-0002
  -3.72830478383691383833148625251972013         9.25880595205115554437550438916705902E-0002
  -3.74523338997588721540781788869538346         9.27893135468175793410709070184764880E-0002
  -3.76212503217331341800297592791283036         9.29923641870134521526408750834046729E-0002
  -3.77897954371550338935353356515202146         9.31972272829024600159733108952423177E-0002
  -3.79579675825523264962572131741379054         9.34039188968490001979427617480759637E-0002
  -3.81257650981338307586395164030738237         9.36124553153351190534942527165594831E-0002
  -3.82931863278058104887821170524964675         9.38228530525884544298649970565793453E-0002
  -3.84602296191883195090247590536216813         9.40351288542832357206329355483050423E-0002
  -3.86268933236315099789230607493458109         9.42492997013160389447100991859907325E-0002
  -3.87931757962319039036598303877360304         9.44653828136580397246693571871127053E-0002
  -3.89590753958486276672984759683888951         9.46833956542855539111206122671480500E-0002
  -3.91245904851196094306502203767230761         9.49033559331907038914833037295236907E-0002
  -3.92897194304777392338933440108506339         9.51252816114740983804009148172789608E-0002
  -3.94544606021669916444507661464608366         9.53491909055214647649630691100085236E-0002
  -3.96188123742585107910019394642544016         9.55751022912662259224560281149480044E-0002
  -3.97827731246666576248762658334649599         9.58030345085400678951047601940044528E-0002
  -3.99463412351650192504480419399653781         9.60330065655136009507681636548421899E-0002
  -4.01095150914023801665273069889942933         9.62650377432292744384727353685749810E-0002
  -4.02722930829186552611168878058314832         9.64991476002287655228754524198361274E-0002
  -4.04346736031607844022834154925912239         9.67353559772771234143684034644622176E-0002
  -4.05966550494985884682691186501284203         9.69736830021860141660832703732074706E-0002
  -4.07582358232405866603517772999782649         9.72141490947384765525028195706987530E-0002
  -4.09194143296497749423423452861180469         9.74567749717176670462947471467508477E-0002
  -4.10801889779593654509934133287400402         9.77015816520421415425905577559227074E-0002
  -4.12405581813884867219768862555465807         9.79485904620102933182764931251575512E-0002
  -4.14005203571578445764759824485401392         9.81978230406566408358991724885914294E-0002
  -4.15600739265053435138249273989676579         9.84493013452227354885104457184268439E-0002
  -4.17192173147016684560195026279850352         9.87030476567455383173492917892462397E-0002
  -4.18779489510658266903129222586669713         9.89590845857661962061550206479742476E-0002
  -4.20362672689806498565043383541211811         9.92174350781622321550456640518119349E-0002
  -4.21941707059082558259216188896090893         9.94781224211062510577957470066815543E-0002
  -4.23516577034054703194958950117274294         9.97411702491543520472793064815087313E-0002
  -4.25087267071392081127227331479545416        0.100006602550467531036994158688218146      
  -4.26653761669018136757036486434451307        0.100274443673169452678226401755752895      
  -4.28216045366263610968620369822656130        0.100544718331844069683090678104669616      
  -4.29774102744019131393294523459142755        0.100817451614176669448386354016919761      
  -4.31327918424887392794015073068349832        0.101092668987742033273587385332604977      
  -4.32877477073334925768674978678628286        0.101370396306943502322835371170895431      
  -4.34422763395843452274241708446275062        0.101650659820106856965104392764953691      
  -4.35963762141060826477918417367361832        0.101933486176733032373624297437374722      
  -4.37500458099951559445603367203346338        0.102218902434913813415593331762706978      
  -4.39032836105946926182029681801118987        0.102506936068914776062373068341762531      
  -4.40560881035094653541089552291790431        0.102797614976929870950975377733443732      
  -4.42084577806208187528983648722448205        0.103090967489012177488278851051659991      
  -4.43603911381015538526987717684336267        0.103387022375185494175213004244796577      
  -4.45118866764307702964794108478546697        0.103685808853741572811192994221660082      
  -4.46629429004086659979566232191940173        0.103987356599727951098669818554791318      
  -4.48135583191712941600038677484164162        0.104291695753631490090631738082428252      
  -4.49637314462052774999204842511091147        0.104598856930262880105007709251351672      
  -4.51134607993624795363357452688323778        0.104908871227847541372210025248661831      
  -4.52627449008746327929485177246236175        0.105221770237328513997194272951043461      
  -4.54115822773679237747280691919549430        0.105537586051887106026153469662955800      
  -4.55599714598775345726281918682843268        0.105856351276687248740528125076835901      
  -4.57079109838621409532948764081158994        0.106178099038849694997564529409859034      
  -4.58553993892183667906772433164302914        0.106502862997662389747749818121764990      
  -4.60024352202951946968823273927059790        0.106830677355033542046548102399024610      
  -4.61490170259083327100466064958435008        0.107161576866194135213823507089023855      
  -4.62951433593545368974308654045366998        0.107495596850656826563987798475969502      
  -4.64408127784258897323800844955745523        0.107832773203438410630609031185658904      
  -4.65860238454240341042265370599485599        0.108173142406553250351456018921435597      
  -4.67307751271743628206521640154658294        0.108516741540785319587995884426107399      
  -4.68750651950401634624655662330798545        0.108863608297746747965913714939041099      
  -4.70188926249367184511896083369144405        0.109213780992231015694134914766151142      
  -4.71622559973453601902976593159025005        0.109567298574869212118839719271420683      
  -4.73051538973274811413799002354131634        0.109924200645098047682471397850974465      
  -4.74475849145384986969659033839745222        0.110284527464448595089652312216543225      
  -4.75895476432417747121758259434715141        0.110648319970165032254491446428908400      
  -4.77310406823224895578200603278018857        0.111015619789162967458522508885376812      
  -4.78720626353014705580160382782721820        0.111386469252337246547219083876674700      
  -4.80126121103489746758410922039919432        0.111760911409229473418711146454605051      
  -4.81526877202984253109918306688251393        0.112138990043065819016318386146026456      
  -4.82922880826601030738733808964298740        0.112520749686176051055617666065072626      
  -4.84314118196347904009960852216638089        0.112906235635805087350419253801523264      
  -4.85700575581273698770128060770437174        0.113295493970328760429589688261235580      
  -4.87082239297603761291868908707562488        0.113688571565885880764713095960717704      
  -4.88459095708875011605390694785361111        0.114085516113439100992349186457551491      
  -4.89831131226070529883810985130964694        0.114486376136277514679464949571197331      
  -4.91198332307753674554048235162287906        0.114891201007974371143510903046592539      
  -4.92560685460201730809574981917090065        0.115300040970813753329940015386211961      
  -4.93918177237539088205976742003473373        0.115712947154700549535169186344388467      
  -4.95270794241869946024907512975904203        0.116129971596568552644429508262422753      
  -4.96618523123410545096693511218764626        0.116551167260302043372893824974769390      
  -4.97961350580620924776510441384963697        0.116976588057186757637105483853742859      
  -4.99299263360336203773746134963127945        0.117406288866906703567387311142113102      
  -5.00632248257897383538859772379050331        0.117840325559103881771351452071822862      
  -5.01960292117281672916761067794458646        0.118278755015518574292510783018711142      
  -5.03283381831232332780457701941613688        0.118721635152728504345436751114009485      
  -5.04601504341388039363456889292825913        0.119169024945505831472256657918928259      
  -5.05914646638411765014157214851508917        0.119620984450811636432992410946696318      
  -5.07222795762119175100229725982793256        0.120077574832448268151961255570753181      
  -5.08525938801606539795762668969633707        0.120538858386390672694285674187215133      
  -5.09824062895378159488732171253412610        0.121004898566818602906496733250485550      
  -5.11117155231473302551161541341541176        0.121475760012872418458829744291388950      
  -5.12405203047592654219144641760761828        0.121951508576156031083117783101074600      
  -5.13688193631224275334733938703511502        0.122432211349011430395768065668948682      
  -5.14966114319769069706531297533589094        0.122917936693590143498675098375958531      
  -5.16238952500665758850669328342600829        0.123408754271747938317173484360063814      
  -5.17506695611515362878733042415358119        0.123904735075790078209850386744880645      
  -5.18769331140205186304045710784978284        0.124405951460095475713536990750662195      
  -5.20026846625032307542629071931227488        0.124912477173649178413673543020734174      
  -5.21279229654826570890046368873252845        0.125424387393513752009267702146137946      
  -5.22526467869073079760247058085708656        0.125941758759271306941066711642312205      
  -5.23768548958034189977454375362111976        0.126464669408469147860684775035066588      
  -5.25005460662871001917071218379506215        0.126993199013103312254821089281807109      
  -5.26237190775764350296525963584895702        0.127527428817175608355674728417007745      
  -5.27463727140035290421937827309830987        0.128067441675361165863288400384739000      
  -5.28685057650265079701451158791623364        0.128613322092824978927228537648448860      
  -5.29901170252414653241069566988209738        0.129165156266227452394538310507350336      
  -5.31112052943943592343813984553179037        0.129723032125960562810181203825556165      
  -5.32317693773928584738033611806999078        0.130287039379657918518535390635685790      
  -5.33518080843181375365715111604314596        0.130857269557023752115618902697623017      
  -5.34713202304366206566663393145202204        0.131433816056027707301464351307189147      
  -5.35903046362116746499466779386458613        0.132016774190514194956885206372950856      
  -5.37087601273152504645210249039967595        0.132606241239277094325203305581868513      
  -5.38266855346394733244962730348615100        0.133202316496652669067937622727669844      
  -5.39440796943081813527138049943411143        0.133805101324685759493946112478832488      
  -5.40609414476884125585914056033746948        0.134414699206926606519594888034993962      
  -5.41772696414018400776990590780043057        0.135031215803918065281615110605913760      
  -5.42930631273361555502074331647398169        0.135654759010435482484192546153663959      
  -5.44083207626564005258597005432806456        0.136285439014544147538464554578291898      
  -5.45230414098162457836303050979717070        0.136923368358541989719210470487372500      
  -5.46372239365692184547483416715326998        0.137568662001858088668246241256066149      
  -5.47508672159798768382783776332313729        0.138221437385980600764088164199996698      
  -5.48639701264349327989677979343510936        0.138881814501490886725018463562094517      
  -5.49765315516543216375870971913218085        0.139549915957283964342637022055644053      
  -5.50885503807022193245079676252833601        0.140225867052058912962557739152333504      
  -5.52000255079980069877835352794845343        0.140909795848166532259517353933811378      
  -5.53109558333271825475156737054990681        0.141601833247905416565484351589273722      
  -5.54213402618522193888159691178776799        0.142302113072361657655874399454246691      
  -5.55311777041233719661896187161307762        0.143010772142891644259204053263295958      
  -5.56404670760894282326953093039346030        0.143727950365351897074041135516439010      
  -5.57492072991084087877589413288221004        0.144453790817184575909779063958675462      
  -5.58573972999582126380449288416150406        0.145188439837472233630154340454461397      
  -5.59650360108472094663157134433998750        0.145932047120080583597958690754887972      
  -5.60721223694247783037380748485785412        0.146684765810013507891312437605561348      
  -5.61786553187917925016237970348386445        0.147446752603110278209427195750654575      
  -5.62846338075110508991222518540032387        0.148218167849221006625024300404691041      
  -5.63900567896176550839134862107211074        0.148999175659002706749955570268937608      
  -5.64949232246293326434824392378531966        0.149789944014485046175990146264190055      
  -5.65992320775567063050879670571721109        0.150590644883561928168274620109636033      
  -5.67029823189135088630744094506243413        0.151401454338572475763941032425088931      
  -5.68061729247267437927084898099797923        0.152222552679142827301021730131135242      
  -5.69088028765467914502603918004177337        0.153054124559468413111652484072128545      
  -5.70108711614574607595848979758520958        0.153896359120225094406154645820121666      
  -5.71123767720859862859965018201968356        0.154749450125306734725608834424126010      
  -5.72133187066129705987714100492137146        0.155613596103596471078707825149778066      
  -5.73136959687822718241493311723024083        0.156489000495989187324203777116007589      
  -5.74135075679108362912488939532127608        0.157375871807893499973232806679816127      
  -5.75127525188984761738524501842435810        0.158274423767452982126677316179587849      
  -5.76114298422375920315588847516042165        0.159184875489738412965977218802843500      
  -5.77095385640228401543468769623572665        0.160107451647175588977782053296128628      
  -5.78070777159607446151358251584428086        0.161042382646486712675253538602714763      
  -5.79040463353792539354773563840632886        0.161989904812437631829150271060511383      
  -5.80004434652372422700569889132496406        0.162950260578698287312179870063772755      
  -5.80962681541339550162330923895586342        0.163923698686139694346339083840422347      
  -5.81915194563183987553887927752032919        0.164910474388907687845728961950244230      
  -5.82861964316986754334218918389971170        0.165910849668631569457195368354326015      
  -5.83802981458512606882482081087183658        0.166925093457144768109969433617006681      
  -5.84738236700302262327449926422680016        0.167953481868114738546535967121558606      
  -5.85667720811764062021132231927241034        0.168996298438000649826434083781171605      
  -5.86591424619265073751906289055861014        0.170053834376780040257625733066085301      
  -5.87509339006221631798012391337895211        0.171126388828909624843904182518714164      
  -5.88421454913189313927820788202758474        0.172214269145010931016279098027376213      
  -5.89327763337952354458833437030877501        0.173317791164798510213483729320478391      
  -5.90228255335612492492949758594830617        0.174437279511797236660994387694933931      
  -5.91122922018677254451100183301342495        0.175573067900425778790008349157816889      
  -5.92011754557147670035934512502107943        0.176725499456055840624162813492686914      
  -5.92894744178605420756843955506054990        0.177894927048691357574616759999382214      
  -5.93771882168299420157196083608424920        0.179081713640948641653927608224478202      
  -5.94643159869231824889270812179450651        0.180286232651057665106872319433424896      
  -5.95508568682243475788002825270198878        0.181508868331646421573434176046827399      
  -5.96368100066098768100261538854753510        0.182750016165114796724390519393585623      
  -5.97221745537569950032033703213187466        0.184010083276451817513013163820780371      
  -5.98069496671520848781516016463313482        0.185289488864400748869399499391552086      
  -5.98911345100990023231775604184113239        0.186588664651930504832856925999595549      
  -5.99747282517273342482294858672005160        0.187908055357029493297825292746044675      
  -6.00577300670005989404383869784263279        0.189248119184899596559072058802782404      
  -6.01401391367243888411118461623515596        0.190609328342693803745709597062015152      
  -6.02219546475544556638144619495519389        0.191992169578011381484318064182395251      
  -6.03031757920047377737380793542692226        0.193397144742439748934301595577927365      
  -6.03838017684553297491348143053225518        0.194824771381512796252322350889138569      
  -6.04638317811603940461565182427383968        0.196275583352541668347633257409767000      
  -6.05432650402560146890157449828942442        0.197750131471866481652342610698363533      
  -6.06221007617679929079554686264190653        0.199248984193176543594674314611070342      
  -6.07003381676195846480877529741036957        0.200772728318652939311544610320961379      
  -6.07779764856391798727352839718424725        0.202321969744801422656598558077682614      
  -6.08550149495679235854841414638602877        0.203897334244966036265303438224230876      
  -6.09314527990672784957313993244386168        0.205499468290645483799671927083597681      
  -6.10072892797265292530870981849241058        0.207129039913875745732982248740336930      
  -6.10825236430702281765668267905375755        0.208786739613094597550892216042888354      
  -6.11571551465655824050885708186861070        0.210473281305067462758107044795422346      
  -6.12311830536297823963656360681843401        0.212189403325630404554793171190651800      
  -6.13046066336372717018663205809269146        0.213935869482196115515465494156178020      
  -6.13774251619269579460905917709310852        0.215713470161173693977595353248939722      
  -6.14496379198093649389943142900515227        0.217523023493674103856289623807798525      
  -6.15212441945737258509725664278339067        0.219365376583111932982654625888226223      
  -6.15922432794950173803952715907622994        0.221241406798571966171542588608054643      
  -6.16626344738409348442707510925357964        0.223152023138087901232873955711390142      
  -6.17324170828788081231958693641274366        0.225098167666282160040585671032218656      
  -6.18015904178824583923351870056218684        0.227080817031142275398546893196544782      
  -6.18701537961389955707559550898726834        0.229100984065063073786608439711377426      
  -6.19381065409555564220308700228998815        0.231159719475667367190120819142256462      
  -6.20054479816659832396062562930983666        0.233258113632333921072803692211719264      
  -6.20721774536374430510197488196547401        0.235397298454813181168292621344057312      
  -6.21382942982769872756386015524966392        0.237578449410802048155308676089643413      
  -6.22037978630380517711774486876313396        0.239802787629882681665989993355589064      
  -6.22686875014268972048426835425101184        0.242071582141811097965806184449270711      
  -6.23329625730089896855395919794152060        0.244386152247773861462816967310172151      
  -6.23966224434153215941679764578945107        0.246747870033920634246884727143218788      
  -6.24596664843486725496222275208583388        0.249158163037232490451416999458527436      
  -6.25220940735898104487026359478619780        0.251618517074607119141620560950488861      
  -6.25839045950036325187361851120126180        0.254130479246939451727956912926103760      
  -6.26450974385452463222971134165196646        0.256695661130957794600596725952898148      
  -6.27056720002659906540101852198595886        0.259315742172650080822539421972211607      
  -6.27656276823193962700128495356450320        0.261992473297292268693437293771299565      
  -6.28249638929670863912462931595280667        0.264727680752382272258152706451111193      
  -6.28836800465846169223398028699898053        0.267523270201200494523643528506342575      
  -6.29417755636672563284478341061090305        0.270381231086275930509708021516861794      
  -6.29992498708357051129947351711193715        0.273303641283750493257025878682583470      
  -6.30561024008417548398781906679042953        0.276292672071521196003289946712719883      
  -6.31123325925738866442791196581314972        0.279350593436119790425201739513236725      
  -6.31679398910628091768229870615814775        0.282479779745584596498478962574097162      
  -6.32229237474869359264352551820321585        0.285682715818114583797169920232467280      
  -6.32772836191778018678320100610861764        0.288962003419099534421581967285999036      
  -6.33310189696254193801856387165169695        0.292320368222224292079924999091699851      
  -6.33841292684835733841048023067383085        0.295760667273785873401479997235504428      
  -6.34366139915750556446678409623427234        0.299285897003180634769817429524490010      
  -6.34884726208968381888491525186253616        0.302899201826761373754055655591774921      
  -6.35397046446251857862790037438434496        0.306603883396984232156712605768600750      
  -6.35903095571207074428786529558558573        0.310403410554022975782178108122414270      
  -6.36402868589333468575145812189647668        0.314301430042892592740339526676407842      
  -6.36896360568073117924180396725543775        0.318301778065673964269852886593496918      
  -6.37383566636859423087190170179403111        0.322408492745756809887002274523171377      
  -6.37864481987165178190471078293649259        0.326625827589222610225900934104201416      
  -6.38339101872550029097556132042129933        0.330958266037691557279685910840603774      
  -6.38807421608707318859295243665161487        0.335410537217294463946661208222940180      
  -6.39269436573510319929428212222767054        0.339987633000059557253723005516296139      
  -6.39725142207057852689357555661241159        0.344694826507107169734403910513085916      
  -6.40174534011719289831884766828693825        0.349537692197833116557165699846465478      
  -6.40617607552178946159734894967460024        0.354522127705978159089602777530591906      
  -6.41054358455479853360760062132406528        0.359654377602410061583015867128558802      
  -6.41484782411066919327782555868116756        0.364941059285916569391584501687905955      
  -6.41908875170829471597112435415936984        0.370389191227707434560349459184953558      
  -6.42326632549143184485853088763070815        0.376006223823101845524910450932355116      
  -6.42738050422911389514190821997965392        0.381800073135562162295764969103716849      
  -6.43143124731605768704951290665913515        0.387779157854445766648600888273984380      
  -6.43541851477306430358796335052536415        0.393952439829314167140606464416008934      
  -6.43934226724741366909529497447356603        0.400329468591223959771220613496383970      
  -6.44320246601325294470077119302626405        0.406920430326147525253652284313898613      
  -6.44699907297197873685814379613033255        0.413736201828742243016809579211191817      
  -6.45073205065261311518011882571000809        0.420788410037544764872105366605098741      
  -6.45440136221217343586288372333863553        0.428089497837028511380777449956367111      
  -6.45800697143603596705068785270275084        0.435652796909882291574586372773333889      
  -6.46154884273829331255164084994719524        0.443492608536810914091682776411126006      
  -6.46502694116210563037710102476317076        0.451624293374092119766314382255782335      
  -6.46844123238004564263826862111622566        0.460064371394631234438506183479986521      
  -6.47179168269443743339487554436873212        0.468830633360676694449166863231995152      
  -6.47507825903768903111217356645408622        0.477942265410973425167421829300632318      
  -6.47830092897261877244376642759873891        0.487419988598375369796758409357446436      
  -6.48145966069277544411920705642859598        0.497286215513697044893864929088087373      
  -6.48455442302275219977668872438386454        0.507565226487547311818755096374287053      
  -6.48758518541849424864259772913298983        0.518283368286015053673793263658778725      
  -6.49055191796760031302116455874585348        0.529469278723184219433517158247286871      
  -6.49345459138961785161894981708129571        0.541154141221985023540087537480008299      
  -6.49629317703633204579042988419062222        0.553371974087889323520022636330746907      
  -6.49906764689204854585250473627377274        0.566159960146378295447509880924981690      
  -6.50177797357386997467733595030098258        0.579558823471477788049653453924478698      
  -6.50442413033196618583453606100521083        0.593613261245299737431819152008144575      
  -6.50700609104983827361537051446228220        0.608372440396515700849966706233501624      
  -6.50952383024457633233329986454409893        0.623890570644750323585859342241941854      
  -6.51197732306711096235688197753287048        0.640227568025669461258808287574116051      
  -6.51436654530245852039277123724472613        0.657449826014732214523007683814423084      
  -6.51669147336996011159829346900528748        0.675631115171569301368556481553033511      
  -6.51895208432351432116484091638181752        0.694853637009113032353708965356359651      
  -6.52114835585180368307512050010477875        0.715209263839633628351751113962205803      
  -6.52328026627851488379910015427450452        0.736801004047328678539507959303026814      
  -6.52534779456255269875533166069114150        0.759744742099524235850775471285273931      
  -6.52735092029824765942618347769495244        0.784171315334238562596841462831688085      
  -6.52928962371555744907739297477506862        0.810229006105259809078579559286066507      
  -6.53116388568026202509424362770735006        0.838086549543447882657424413632634819      
  -6.53297368769415246600858849022633025        0.867936785838316552673192333306615893      
  -6.53471901189521354135287602613868919        0.900001124137746220490695832311789374      
  -6.53639984105780000253928754907512975        0.934535036578400993044925941613351008      
  -6.53801615859280659302406646430125515        0.971834870883447262613778007647385615      
  -6.53956794854783177607910762653782099         1.01224636610970339654094397625093732      
  -6.54105519560733517855487980777882343         1.05617538989404739418769525388742366      
  -6.54247788509278874908077489768116346         1.10410160403975549840283771437425223      
  -6.54383600296282162921101342411352322         1.15659603455608207738626436954136742      
  -6.54512953581335873608628667062461698         1.21434391270971521927098532413756714      
  -6.54635847087775305524338046850699867         1.27817472903985172072605774132032185      
  -6.54752279602691164226710404123748354         1.34910230537829900934830770550992486      
  -6.54862249976941533204093846568123873         1.42837900993549744079194550761735779      
  -6.54965757125163215441492277473886084         1.51757030304380313217877933641033198      
  -6.55062800025782445517141084715805131         1.61865910119808624627805114817353600      
  -6.55153377721024972123145839897278118         1.73419486854230244935058660066151561      
  -6.55237489316925510910673599431287268         1.86751151981140771053466522780910325      
  -6.55315133983336567566401041788246338         2.02305427474423338934817036267356811      
  -6.55386310953936631033139238387684492         2.20688479672156906455687212919952873      
  -6.55451019526237736793771278304257386         2.42748941458709852023908022190583796      
  -6.55509259061592400143856187744982207         2.69712615901563022979716406689148262      
  -6.55561028985199919384470542772395023         3.03418207615750501851360666008509937      
  -6.55606328786112048873077806628810961         3.46755109583535807464039640941462270      
  -6.55645158017238041876434669884614598         4.04538976793764869723711842907256886      
  -6.55677516295349063175763471107084902         4.85437988248443256110360641112869372      
  -6.55703403301081971380640066438736933         6.06788501979180072087384273884950219      
  -6.55722818778942470914267236993797986         8.09042020096520686538155039588915824      
  -6.55735762537307633639024811932222291         12.1355304898727851225960173635341620      
  -6.55742234448427790097409081052945122         24.2709412069584739951629662246920502      
