   9.81024967590665397665361524559557438         6.09584632549251425458672207603927173E-0028
   9.81020126430478238599785193480758503         6.10107283775864375840822338920221330E-0028
   9.81005602997697057994881706548826813         6.11677903469722821307208769460779131E-0028
   9.80981397435662274053889907452058163         6.14304512141867248935048847710186278E-0028
   9.80947509983273011879403179191724706         6.18000552470058141265755572816811543E-0028
   9.80903940974984745635452160043434837         6.22785002961368855910824397820257360E-0028
   9.80850690840805997606999881896628908         6.28682538941084872894151812098421377E-0028
   9.80787760106294094189428281111598639         6.35723742762484753878825241976696020E-0028
   9.80715149392549978849902752285812723         6.43945365721640669704459271305539522E-0028
   9.80632859416212082111808722169186334         6.53390644788327179673475114921584523E-0028
   9.80540890989449248622761022551913984         6.64109677938135759278852373821076068E-0028
   9.80439245019952721375993045414190364         6.76159862602490455935296044841205104E-0028
   9.80327922510927183164238179126120869         6.89606402554038242896038898688220499E-0028
   9.80206924561080855354520759176662008         7.04522889427719102329124742429615119E-0028
   9.80076252364614654081577628958584481         7.20991966057109623278162425167232019E-0028
   9.79935907211210403966934303716834176         7.39106079897597766238110774409253307E-0028
   9.79785890486018109479961572064446291         7.58968336030939619901773201025331214E-0028
   9.79626203669642284066539062677929835         7.80693460620631929820220856699060974E-0028
   9.79456848338127337180251757108682500         8.04408887238099521224335991243117670E-0028
   9.79277826162942019360343551306688357         8.30255980233161110314287239027496213E-0028
   9.79089138910962925509948666678767112         8.58391411309810780439281585535935904E-0028
   9.78890788444457056537416894541343767         8.88988707725901007818960519245075786E-0028
   9.78682776721063439532842233937371380         9.22239993104126065610415419217543390E-0028
   9.78465105793773806661196360244830489         9.58357944769391346237213849739394550E-0028
   9.78237777810912332962758449103075997         9.97577994869188941926846201563764124E-0028
   9.78000795016114433260821085233771140         1.04016080635254240511849829323775844E-0027
   9.77754159748304618385938217064438832         1.08639505925300613925606802259675552E-0027
   9.77497874441673410935265284023389705         1.13660058772736245575277317585382056E-0027
   9.77231941625653320794823652333996881         1.19113191404294731373351710215181439E-0027
   9.76956363924893880661801255484304927         1.25038223229778521729927569191551437E-0027
   9.76671144059235741813278755697274420         1.31478790223238613666794156049210075E-0027
   9.76376284843683830377045531113213956         1.38483352220541040757539660986433999E-0027
   9.76071789188379564369442258478712724         1.46105766043821828561139966435405095E-0027
   9.75757660098572131774436711400205063         1.54405933519626678341528576190165280E-0027
   9.75433900674588829947406538175465795         1.63450534791413676967305630316284956E-0027
   9.75100514111804466636367129399905575         1.73313858867255285039805514089807063E-0027
   9.74757503700609822922644142521129279         1.84078745123530587627874184551807648E-0027
   9.74404872826379178392248726878023995         1.95837651544351142622379014772661844E-0027
   9.74042624969436898858468897132200193         2.08693867860296216336291941966393953E-0027
   9.73670763705023086965442744032843184         2.22762894512494579622667987926964980E-0027
   9.73289292703258296011728157835048243         2.38174011572197819569518501223655806E-0027
   9.72898215729107307342129380132740605         2.55072065465691648536178355787845154E-0027
   9.72497536642341971665282903119596579         2.73619505676533756151639990786286384E-0027
   9.72087259397503114663743910138170138         2.93998708623772611362236271433190795E-0027
   9.71667388043861507272549506636677912         3.16414631766086288896674367418292257E-0027
   9.71237926725377901011466335178369324         3.41097847799089015820295549075965369E-0027
   9.70798879680662128765357710830438706         3.68308016763024281039538821548624139E-0027
   9.70350251242931271416329063025908907         3.98337863157239364537597475374301008E-0027
   9.69892045839966890740530135809145061         4.31517735998227301296923133283827295E-0027
   9.69424267994071328991707989249233898         4.68220842433741238118857317085432976E-0027
   9.68946922322023075602816269781265416         5.08869260360664836183310808932734766E-0027
   9.68460013535031201446193385400492693         5.53940852872567201432283161388764567E-0027
   9.67963546438688861102025042117427276         6.03977227738563796730453038269840203E-0027
   9.67457525932925863594004980055001655         6.59592909026922267308148469238354163E-0027
   9.66941957011960312060301600247694060         7.21485916073949292980982552820921676E-0027
   9.66416844764249312837127405847347487         7.90449978020097088156948682868135525E-0027
   9.65882194372438754441392703357303276         8.67388650993085073406141370110519847E-0027
   9.65338011113312156948104730057895525         9.53331650785322020661034902526979576E-0027
   9.64784300357738592267348202352173167         1.04945376782776155968608278258855696E-0026
   9.64221067570619675834853125799071001         1.15709679492708959401242916000780351E-0026
   9.63648318310835630239320480609490728         1.27779497342368955010406501641166427E-0026
   9.63066058231190421318836005906220967         1.41330455231168219250511171794940639E-0026
   9.62474293078355967267856661689720648         1.56563816002898549776692268677396666E-0026
   9.61873028692815421305403358858686697         1.73710481317104830522190673878523816E-0026
   9.61262271008805528464237124509991015         1.93035653401204522632035749420440402E-0026
   9.60642026054258057069933921843580633         2.14844272386995993639749332886647754E-0026
   9.60012299950740305487905781135421531         2.39487364734734733907750105721438120E-0026
   9.59373098913394684725542630282034435         2.67369462970077955095414074123342800E-0026
   9.58724429250877377485770150286492049         2.98957286370395556355982797041233277E-0026
   9.58066297365296074277434032727929679         3.34789907258409569850097813577311178E-0026
   9.57398709752146787197030092772802866         3.75490669300907648770635093426990110E-0026
   9.56721673000249742005402702743390215         4.21781174002327966103586734662818496E-0026
   9.56035193791684349132130867814338925         4.74497711034590205634163278080136758E-0026
   9.55339278901723254249411877279089352         5.34610579093848306898341368885680239E-0026
   9.54633935198765469066336742294117358         6.03246828961117131447435559226404917E-0026
   9.53919169644268583003529484411946675         6.81717062192644806519341024121167961E-0026
   9.53194989292680056417193678959076235         7.71547040793557951944063551909342282E-0026
   9.52461401291367596050674393871848136         8.74515009468046090945971928082745620E-0026
   9.51718412880548613400701708506593812         9.92695807596554654436932191579532897E-0026
   9.50966031393218766694533258790877601         1.12851305903156679580351766741085099E-0025
   9.50204264255079587183257645548022500         1.28480098148712297275293525038121185E-0025
   9.49433118984465190465557972642859086         1.46487766265652195120424543787725958E-0025
   9.48652603192268073565265161567012468         1.67263201808160849427965341290535255E-0025
   9.47862724581863998495053930080824248         1.91262708941411695689008194703708030E-0025
   9.47063490949035963047650335500442284         2.19022287711724683119272223568152016E-0025
   9.46254910181897259564928479178312969         2.51172254841817549320764559810451310E-0025
   9.45436990260813622444275258761065433         2.88454664328819572213091912955141332E-0025
   9.44609739258324465150595850081495672         3.31744084749160420957525480236716422E-0025
   9.43773165339063207511318812285920230         3.82072404783163677037742965029758006E-0025
   9.42927276759676694080738249324267873         4.40658477404092065212598730891609797E-0025
   9.42072081868743704369001239623388178         5.08943581740218688328450545661575827E-0025
   9.41207589106692555740011675086174619         5.88633886311686800700682991260652344E-0025
   9.40333807005717799791476642049769599         6.81751346125191172113153537908877192E-0025
   9.39450744189696013039268442113162441         7.90694768735235982527253790103895578E-0025
   9.38558409374100682737214201504985105         9.18313152820403484401003898725354268E-0025
   9.37656811365916188672355665683407854         1.06799385177292607139664035979561860E-0024
   9.36745959063550881784644132999838568         1.24376866231811255977922443595023672E-0024
   9.35825861456749260468949459456582940         1.45044160647344911738636692447995045E-0024
   9.34896527626503245426167577868351938         1.69374299155461642433031941525500734E-0024
   9.33957966744962553939107931204717133         1.98051533109646569749181091081556030E-0024
   9.33010188075344174457730533735934465         2.31893793096846244673429029268636239E-0024
   9.32053200971840942387181957103919651         2.71879844080109762376092307606425837E-0024
   9.31087014879529217980950303955666597         3.19182150427464611881009597103244859E-0024
   9.30111639334275667250321091757155768         3.75206689089571691348146616421520978E-0024
   9.29127083962643146810168836388854159         4.41641225308235791256165401827879757E-0024
   9.28133358481795693589962911735012448         5.20513904506403768414387915462181563E-0024
   9.27130472699402620347700880433528611         6.14264431207269816963598223238308080E-0024
   9.26118436513541717933307855057044794         7.25830619267744766998597435574103500E-0024
   9.25097259912601565256856471146395005         8.58753730095862294140802225877286243E-0024
   9.24066952975182947925768646703943446         1.01730679502713243734849783147007415E-0023
   9.23027525869999386523957380059235673         1.20665107964635566006078878112667053E-0023
   9.21978988855776775514654312619107568         1.43302703503165105792133281161895985E-0023
   9.20921352281152133757446568180165333         1.70398754772423589949502913012231435E-0023
   9.19854626584571467638814389580125976         2.02868311395827073717032135090102872E-0023
   9.18778822294186747824219239959223628         2.41821080808310266157546604210712776E-0023
   9.17693950027752000648540233354339178         2.88604169455170449743649750680689898E-0023
   9.16600020492518515170394921415545040         3.44854477748468039431106585211336411E-0023
   9.15497044485129166924608503475227846         4.12562985404869147198662856409778417E-0023
   9.14385032891511859415813359871626833         4.94153694048738459186035235806926841E-0023
   9.13263996686772084404868347290026915         5.92580652597054969642539471599027056E-0023
   9.12133946935084602048484453996054650         7.11447309625138129614259495246595162E-0023
   9.10994894789584241961130106359126186         8.55153455274814794027945637149641176E-0023
   9.09846851492255826276965560265900440         1.02907628292302083076018701003773685E-0022
   9.08689828373823215798221316273593715         1.23979367992972013069363342489715397E-0022
   9.07523836853637480325090280126179360         1.49535982523497289529385855862752812E-0022
   9.06348888439564194270847365133594911         1.80564562709105082656526027458122896E-0022
   9.05164994727869858674543314582593048         2.18275959943416626063113481217402516E-0022
   9.03972167403107450732241625602753109         2.64156860433221663814331490552402212E-0022
   9.02770418238001101976378495655742376         3.20034267411631271237528007503367750E-0022
   9.01559759093329906241425604062704222         3.88155411354102919974949129105560773E-0022
   9.00340201917810858562624198856178248         4.71286857574280468249140134425366882E-0022
   8.99111758747980926163136298972671075         5.72837519122424832485139316790704224E-0022
   8.97874441708078252693524758734978894         6.97011459193813157438039410908241363E-0022
   8.96628263009922496896028391167305077         8.48997842444068448062637330369430886E-0022
   8.95373234952794306874641224512138324         1.03520724583011918915408112002132414E-0021
   8.94109369923313931160536188061006160         1.26356586415601759863475249253643259E-0021
   8.92836680395318967770893004871886407         1.54388206623466924318633455929869331E-0021
   8.91555178929741252467697726040393368         1.88830342961699951466467399338072058E-0021
   8.90264878174482887431577089952723555         2.31188700123075149390800329573125712E-0021
   8.88965790864291411574214646526137911         2.83331134587110063139430910239471391E-0021
   8.87657929820634113721367267106204833         3.47576626782746188765485255027670496E-0021
   8.86341307951571489906960181827094753         4.26806531982190084889723016308038917E-0021
   8.85015938251629846027185964359807512         5.24603785031964906171640770183767211E-0021
   8.83681833801673047111967835702130167         6.45427202166630165755117299592341952E-0021
   8.82339007768773414479570200753788749         7.94829876415152751565117596157735491E-0021
   8.80987473406081772048549380743576489         9.79733003796654964871520440024895709E-0021
   8.79627244052696643089634978128430199         1.20876943538601436112274516998169182E-0020
   8.78258333133532598708517125487812674         1.49271499011745233098753970430739931E-0020
   8.76880754159187759358886943435589900         1.84503029401938829836576017965195825E-0020
   8.75494520725810450693436782036906671         2.28254189909393242476649179243689898E-0020
   8.74099646514965015068873163146916106         2.82629901686957814201365151184598071E-0020
   8.72696145293496780029328695106603083         3.50265180696748627258147019661371147E-0020
   8.71284030913396185100879514091489248         4.34460933570602689279900871771464441E-0020
   8.69863317311662068238181935993909596         5.39355075836301792572012501642335993E-0020
   8.68434018510164113272535897040776967         6.70138286524342903483152458352164936E-0020
   8.66996148615504459718963338548919800         8.33326199178308385883546518981558870E-0020
   8.65549721818878476308156869573233942         1.03710298603188564705813473363536061E-0019
   8.64094752395934699617407739115316469         1.29175530227724022556226985002337399E-0019
   8.62631254706633939182862285571289449         1.61022065379531185662190461590037487E-0019
   8.61159243195107550483682523880347161         2.00878073136074435515070447716467824E-0019
   8.59678732389514877196899299198021349         2.50793849587198562116190571050004707E-0019
   8.58189736901899864129945398803535277         3.13352828575550520005266615351363319E-0019
   8.56692271428046842246041090438465734         3.91812156598318475953567168682256732E-0019
   8.55186350747335487205775664580850141         4.90280793531465941468440930811651115E-0019
   8.53671989722594952856385619639296847         6.13945265963650115740420667220603599E-0019
   8.52149203299957181108373062198714260         7.69355958855557136208376846498410238E-0019
   8.50618006508709389647236618895458736         9.64790348009164714059396953614797403E-0019
   8.49078414461145738936201592017824912         1.21071406006811167253857040690240527E-0018
   8.47530442352418179973936157431637472         1.52036636642493106394592647920766926E-0018
   8.45974105460386484279326020975870670         1.91050401505731178148271390881758545E-0018
   8.44409419145467457583451038257949529         2.40234661802536185295589603615295877E-0018
   8.42836398850483338716963783144268664         3.02277870243553199460540074981079315E-0018
   8.41255060100509385189111842674308494         3.80587871587964460456267154257482349E-0018
   8.39665418502720646962672641257285565         4.79486467077031314934122638757209363E-0018
   8.38067489746237929937081775615034355         6.04457088918419413918032673079168983E-0018
   8.36461289601972950660033094936838521         7.62460197280111035560085967991235009E-0018
   8.34846833922472683795811009181522087         9.62335059392171997912791837932091529E-0018
   8.33224138641762903886582673617733634         1.21531174447075626937796854059961787E-0017
   8.31593219775190922950829700902283977         1.53566378440763829511474675840426771E-0017
   8.29954093419267525471035814775580360         1.94154041203102456897297889621306820E-0017
   8.28306775751508102330668303469991917         2.45602811297762717253602551008927156E-0017
   8.26651283030272985268397177999926163         3.10850507559138911680125790784685498E-0017
   8.24987631594606983425386512601994783         3.93636984333710385344572645982031136E-0017
   8.23315837864078123569367463843160398         4.98724815153896731147976708507633810E-0017
   8.21635918338615595587061853590888487         6.32181095524670015528851206888946872E-0017
   8.19947889598346904844368881573123359         8.01737380864305521377026286243741741E-0017
   8.18251768303434233021555428233378770         1.01724953198099060203553769786177770E-0016
   8.16547571193910009038502440749228233         1.29128532997439938874769030124333487E-0016
   8.14835315089511691692855987329393537         1.63987551937123183071381406049890414E-0016
   8.13115016889515765641711640291181940         2.08347392196710872864002144457625762E-0016
   8.11386693572570952365224830160000313         2.64818504814751303308121309132266762E-0016
   8.09650362196530637758287624498726669         3.36733400357896953418648684720418604E-0016
   8.07906039898284518004143949899059034         4.28347445384111023626230908342057109E-0016
   8.06153743893589465391530517242185818         5.45095725687349403124602600114556370E-0016
   8.04393491476899615744629552815883259         6.93921675341464526598532798807234469E-0016
   8.02625300021195679142801805175008137         8.83697573162057093456851629766877633E-0016
   8.00849186977813475614734113930428505         1.12576264579454438827723753682468089E-0015
   7.99065169876271697499285016289221362         1.43461173528640058132463744674604026E-0015
   7.97273266324098900172944354652050546         1.82877673152776347284491706748091234E-0015
   7.95473494006659722851438558572448382         2.33195480285027864308166256193973568E-0015
   7.93665870686980341180612131733273027         2.97445260595268081795307455735701475E-0015
   7.91850414205573153339297804300257664         3.79503504577646565643846884713328672E-0015
   7.90027142480260701384452738240712114         4.84329197164516192228820445052519742E-0015
   7.88196073505998829576386023284301877         6.18266795211628703304374146634811911E-0015
   7.86357225354699081429433399658200363         7.89434090250511657463497512369213621E-0015
   7.84510616175050337240948616225802919         1.00821873177788240702762755865234131E-0014
   7.82656264192339693858977005041699658         1.28791383463294341135092670792158118E-0014
   7.80794187708272588456455651621500343         1.64553159574036797620683858394283758E-0014
   7.78924405100792168087245890600700496         2.10284471506673828592435231817622786E-0014
   7.77046934823897906806747685281525068         2.68771930934687872224173743514308582E-0014
   7.75161795407463472147271683373035482         3.43582076201755432976832782837939911E-0014
   7.73269005457053842745753306723766892         4.39279663598778597814938283246190822E-0014
   7.71368583653741678928784056908264919         5.61706974733531578788027364551041724E-0014
   7.69460548753922948067308228214635011         7.18341149015111926338736485932109342E-0014
   7.67544919589131806520688342120991639         9.18751272144809005926316533861731561E-0014
   7.65621715065854739997179780152396325         1.17518297678180502308262848675601825E-0013
   7.63690954165343964165174222661682360         1.50330599738935057905110965394815469E-0013
   7.61752655943430087356872527340600885         1.92316992178804567119288242864775709E-0013
   7.59806839530334037213330531083814154         2.46042587427497891945862627132740282E-0013
   7.57853524130478253127085860318622662         3.14788778237062241452889827538470243E-0013
   7.55892729022297146345820116379247359         4.02752715194147095489683096578693205E-0013
   7.53924473558046829607738692428137854         5.15302108434505376868018801037983503E-0013
   7.51948777163614118186559905471778491         6.59300611154252061132942464797881508E-0013
   7.49965659338324804231196020030684222         8.43523219812595701983622163776060452E-0013
   7.47975139654751206292381028031504011         1.07918643657442143378666917229599461E-0012
   7.45977237758518995935653661705800333         1.38062468765522130912935333608995968E-0012
   7.43971973368113303347238982101877309         1.76615306142979694395749878052447749E-0012
   7.41959366274684103846487934824747605         2.25916730857150803388331070584685236E-0012
   7.39939436341850887225631426582421195         2.88954584706212641961824572020087214E-0012
   7.37912203505506611844683680988057754         3.69543601249999108334678302726207902E-0012
   7.35877687773620945416388809988105243         4.72552896587964062051206709641423885E-0012
   7.33835909226042794423144618585134805         6.04195574820594834823337864597553542E-0012
   7.31786888014302124114858575717894103         7.72397250421090925263824083719029974E-0012
   7.29730644361411071043692563956563537         9.87264783632469773607520645313202038E-0012
   7.27667198561664350098635395964536203         1.26168220462634996306056402271496805E-0011
   7.25596570980438958009805087556044863         1.61206797535877423359741043153614890E-0011
   7.23518782053993175299326436919598907         2.05933679108159714640716625154215770E-0011
   7.21433852289264868662553508650349862         2.63012054047448807800035596977529527E-0011
   7.19341802263669095770311091302595990         3.35831743066092992430066414798131603E-0011
   7.17242652624895014489714020092340907         4.28705639948350653676029985767044611E-0011
   7.15136424090702098527988364198712846         5.47118673031975401167465556432237494E-0011
   7.13023137448715661510563803076283016         6.98043143793864558815546792789344679E-0011
   7.10902813556221691511531990737309131         8.90337898341619571918673004454953905E-0011
   7.08775473339960998061371263728985906         1.13525330406357103094500234840437565E-0010
   7.06641137795922673663623620347816541         1.44706966643046466950351505497291359E-0010
   7.04499827989136871858975418530368872         1.84390381432771358246649806126905560E-0010
   7.02351565053466903881938641064002800         2.34872745931594924200207213313624024E-0010
   7.00196370191400655962054792698259835         2.99065203251388068581509910440689975E-0010
   6.98034264673841329328248458032326758         3.80654856428463134258653957479075091E-0010
   6.95865269839897504981642195531032119         4.84308846673215910223276634170058623E-0010
   6.93689407096672535308808705706450192         6.15931263478965506522580767205985722E-0010
   6.91506697919053264614080024620775966         7.82986311906925817598599305419096993E-0010
   6.89317163849498080656156791846963383         9.94904499959721081346837832487557431E-0010
   6.87120826497824299280863359497390101         1.26359275497694632366186428268423450E-0009
   6.84917707540994884248476580731383995         1.60407452222173100514259030786479999E-0009
   6.82707828722904504360617477317421368         2.03529227395014745220680682310228851E-0009
   6.80491211854164929998235571597203322         2.58111274805846860481755480139981182E-0009
   6.78267878811889771188735414023683206         3.27158498990245241955294302173191363E-0009
   6.76037851539478559326793678976213355         4.14451331363303602925760924056127555E-0009
   6.73801152046400174679893074652342472         5.24742214741959319175041027453662841E-0009
   6.71557802407975621816056153563446126         6.64000800874124599943796176343112271E-0009
   6.69307824765160155097697854793898116         8.39719633412724123413553135959626028E-0009
   6.67051241324324756391930194202681746         1.06129484858745825645396339046286003E-0008
   6.64788074357036967154045880842843787         1.34049980926268153924022219329363908E-0008
   6.62518346199841077047279713948101562         1.69207372976875745016090223639994768E-0008
   6.60242079254037671268297341997401355         2.13445241091868944700757172859576790E-0008
   6.57959295985462538754190280938195428         2.69067438161128979576339944884404423E-0008
   6.55670018924264943453063930159849782         3.38950326861358514476656989695123792E-0008
   6.53374270664685260846591630004077464         4.26681636834130255343278163215896109E-0008
   6.51072073864831981919172511436317170         5.36732050624755640442382377896873528E-0008
   6.48763451246458086774573935150405401         6.74666973635190499003492297216511631E-0008
   6.46448425594736790107160642222392745         8.47407572480541696770753872866598424E-0008
   6.44127019758036660741012280065946450         1.06355213324677741314921865391021987E-0007
   6.41799256647696117456408664684501688         1.33377116173738879793369109907277256E-0007
   6.39465159237797303329317932092790438         1.67129249892542094967760505670524999E-0007
   6.37124750564939340815656557537410434         2.09249614684725618239405506491198451E-0007
   6.34778053728010969818202020244309138         2.61764259867990827829274744920528866E-0007
   6.32425091887962570980128603539472459         3.27176336471249364983635898260921664E-0007
   6.30065888267577576455204385224699210         4.08574822605427831463461576825675976E-0007
   6.27700466151243270410732831158729157         5.09767069515693542748264974288803430E-0007
   6.25328848884720981525345496429893193         6.35440140643031750145266170781586202E-0007
   6.22951059874915669749753103864416143         7.91356891898947603839127552417223680E-0007
   6.20567122589644909604540649669383593         9.84593893507892232360238862296783330E-0007
   6.18177060557407272295048121756981975         1.22382965036436145108186080784953414E-0006
   6.15780897367150108929311848954263915         1.51969317067535950379174389685709350E-0006
   6.13378656668036737130952370309789050         1.88518479737898696274419429580619852E-0006
   6.10970362169213033344782964727133153         2.33618339319626448168483151454338215E-0006
   6.08556037639573433138778554070783714         2.89205650216727147667561673748228637E-0006
   6.06135706907526341811887529811519158         3.57639304641247984407108390757473460E-0006
   6.03709393860758957622989096539549056         4.41788150913244450584902427472647126E-0006
   6.01277122446001509962095917833005125         5.45136045998643166630508499955608477E-0006
   5.98838916668790914790676133810867489         6.71907275698789691840731051933890773E-0006
   5.96394800593233849683720138233239691         8.27215987276774286471999401443527568E-0006
   5.93944798341769250811905799474851096         1.01724386071188549844250657255130422E-0005
   5.91488934094930234207921027553805970         1.24945090271210372398394222718452454E-0005
   5.89027232091105443666684672338699022         1.53282498842302249240983393271249933E-0005
   5.86559716626299827634865630003433558         1.87817660537606434496782726586665974E-0005
   5.84086412053894847450735679899413629         2.29848617781403375011674793965369927E-0005
   5.81607342784408119301003916647707522         2.80931237118251655779262274974227292E-0005
   5.79122533285252492266869627027727786         3.42927089872719384328429893711035809E-0005
   5.76632008080494564837096032992936672         4.18059457502678832551354198251164935E-0005
   5.74135791750612642271449425948094798         5.08978668224499491471209095412173718E-0005
   5.71633908932254137203366798578326223         6.18838112749242173954794543624710645E-0005
   5.69126384317992415876210084561582984         7.51382436284990971079263263305416647E-0005
   5.66613242656083092412936489189494023         9.11049559643242777721144151385584469E-0005
   5.64094508750219773524462081266848906         1.10308834194677343557218851054394347E-0004
   5.61570207459289256067419764890593887         1.33369385784432312462687093628173164E-0004
   5.59040363697126179867412905293062608         1.61016241907782865336852553033206882E-0004
   5.56505002432267138229242192573830139         1.94106861835685393849000134718429163E-0004
   5.53964148687704248560935737778107941         2.33646680609210863249587238777112421E-0004
   5.51417827540638185543740854580808460         2.80811951945666777244570265647251571E-0004
   5.48866064122230679285540434214603156         3.36975545865157846372853479078090644E-0004
   5.46308883617356480900437218884633041         4.03735963550274387297036549735011733E-0004
   5.43746311264354797962505567626615535         4.82949829099440397860613915951895026E-0004
   5.41178372354780202286942436511487769         5.76768107535861520267371781739761506E-0004
   5.38605092233153012497057210639431591         6.87676278904808159312726155360574265E-0004
   5.36026496296709153840723677099125036         8.18538667531968288089262527574831565E-0004
   5.33442609995149497725076764833802054         9.72647081315394121793408457666367062E-0004
   5.30853458830388683443371648233612631         1.15377385588126043126071885876882438E-0003
   5.28259068356303424573033365583765186         1.36622931998399287862562266888440677E-0003
   5.25659464178480302529011190800891107         1.61492359898967700060803794653150839E-0003
   5.23054671953963049761613566988381263         1.90543254990556552625176680765807876E-0003
   5.20444717390999325093036413279436855         2.24406747148952544467835873606800452E-0003
   5.17829626248786983691810002501082500         2.63794805390175577469279954771171545E-0003
   5.15209424337219844189377326913166147         3.09507782181632028088628998067597515E-0003
   5.12584137516632955447979873426650324         3.62442108097763629987318276290770161E-0003
   5.09953791697547365493964969302428918         4.23598009955535878759303640441019366E-0003
   5.07318412840414395135542285637052327         4.94087094182659392284391515733998618E-0003
   5.04678026955359418788905650461578775         5.75139602326585101713182352049605961E-0003
   5.02032660101925155041499977766133356         6.68111107495216455164835907499692366E-0003
   4.99382338388814469486051815213340297         7.74488379483659312134722456597860087E-0003
   4.96727087973632692363795703962617769         8.95894102931358392964825504573237385E-0003
   4.94066935062629453560117181385209756         1.03409008784189258326143611923771620E-0002
   4.91401905910440037500596794244847803         1.19097856621099361433279125956164954E-0002
   4.88732026819826260500177879136919338         1.36860112365992728641924736343209479E-0002
   4.86057324141416873122894061853956351         1.56913477248501639315405731090999140E-0002
   4.83377824273447490114280381359841322         1.79488463436391032235404101726456120E-0002
   4.80693553661500050473254610941129966         2.04827266940066716432152327016228453E-0002
   4.78004538798241810234892682842671239         2.33182186588127771975845449620581541E-0002
   4.75310806223163870540134077517661726         2.64813529501172297028346589136300346E-0002
   4.72612382522319243573039569011265571         2.99986944027882233616236675508024614E-0002
   4.69909294328060458950784778684755828         3.38970123540756280846592180018502274E-0002
   4.67201568318776713156108535457973835         3.82028829184823634967277795824732943E-0002
   4.64489231218630564606445027237733086         4.29422187003243947618146072463521481E-0002
   4.61772309797294176958453110696888805         4.81397225193378278521297229626069364E-0002
   4.59050830869685113251114880814089035         5.38182630916222109004290271297303197E-0002
   4.56324821295701683495008643571825789         5.99981723387929308601059140112568360E-0002
   4.53594307979957848319768741187973687         6.66964661155118585110509521917275316E-0002
   4.50859317871517681296126205725206072         7.39259926634538849082898484472251228E-0002
   4.48119877963629392553279920639624811         8.16945160201684651148802327183630784E-0002
   4.45376015293458916316677807805585799         9.00037449212331511930068059413315915E-0002
   4.42627756941823064995591487054300233         9.88483214026978465489844383190341168E-0002
   4.39875130032922252454145833811284976        0.108214787286384230985008955036461671      
   4.37118161734072789103716845790222772        0.118080550937899374799268965045986628      
   4.34356879255438751458837179932869749        0.128412881025176763541125391758698311      
   4.31591309849763428802948594167915652        0.139167958345389693838551281837304827      
   4.28821480812100349614514283645084752        0.150290020973270229932387216048454413      
   4.26047419479543890408151696691005994        0.161710641829225081756253697377788996      
   4.23269153230959469649567810895365513        0.173348181059739942225280950032874201      
   4.20486709486713329407174003793094170        0.185107458130754358158980535998762432      
   4.17700115708401907407326525143305078        0.196879690004125182771507031696899627      
   4.14909399398580802164181128660264578        0.208542741933960532163746746190159549      
   4.12114588100493333859166610327501553        0.219961736017434299277092126312276670      
   4.09315709397798703649071788485070980        0.230990059406838342791826138103067692      
   4.06512790914299754085703808344388947        0.241470808801797209873586835549450071      
   4.03705860313670333334012521338312781        0.251238700296199765464851243232443081      
   4.00894945299182265879486038900949329        0.260122463711382422610351520186057055      
   3.98080073613431932419506352298474973        0.267947728135482679125113115129307017      
   3.95261273038066461637211106667583610        0.274540390528929134446164635414908207      
   3.92438571393509536560238180393060676        0.279730442075729091008802764804598960      
   3.89611996538686818210533612564319410        0.283356207711240172626165803714785839      
   3.86781576370750989255180603949639901        0.285268933328121379180819910511862785      
   3.83947338824806420371957753437062304        0.285337633088072913692602137434882598      
   3.81109311873633462047058345197104958        0.283454086732974589246985830868023875      
   3.78267523527412364526099335173756044        0.279537854627919300288985253158078638      
   3.75422001833446828643218662420259410        0.273541157450302599189454773083493416      
   3.72572774875887190256702595043913893        0.265453449051068111745579772282598123      
   3.69719870775453241023200976153624485        0.255305496232267789596040841174359004      
   3.66863317689156688246177426525329903        0.243172769234024644724136075825067337      
   3.64003143810023256537803752289774584        0.229177942827853474390284491706354972      
   3.61139377366814434037042962647031760        0.213492311236424842013775951092370778      
   3.58272046623748865930173389532128729        0.196335931679589370080054019257947553      
   3.55401179880223398023487383672685805        0.177976332019823248594281146801982313      
   3.52526805470533773121351905236756704        0.158725648307252032131881746950426771      
   3.49648951763594982966244998179018260        0.138936098211770100483105046961708885      
   3.46767647162661278500781601636220225        0.118993746159066584755057799825443456      
   3.43882920105045841215114375747065148         9.93105747525855361337683807287249476E-0002
   3.40994799061840118346440169794921634         8.03149435231678156901025301145300710E-0002
   3.38103312537632824700660404580689772         6.24405883976547369088163026144947334E-0002
   3.35208489070228613869533945683925090         4.61143911464543913920465489147413968E-0002
   3.32310357230366421619923977289000791         3.17432245486585193519560266657117738E-0002
   3.29408945621437484234975915335823859         1.97002527146824981795430261526535443E-0002
   3.26504282879203034590271491968047583         1.03111331629419559586093164207568575E-0002
   3.23596397671511678751184768933260919         3.84062384474961586478403952339088277E-0003
   3.20685318698016455880818964347784099         4.80140259917841669928905714389912708E-0004
   3.17771074689891584251028573953384387         3.36831139485162350142166301349614355E-0004
   3.14853694409548896152129303816057238         3.42474227979364412866768025326913817E-0003
   3.11933206650353964499968775771637993         9.65861397991285428596406621177359997E-0003
   3.09009640236341923942073789505371921         1.88508059959832650726563226346132195E-0002
   3.06083024021932989267605095931244113         3.07117639044871132021839649305532945E-0002
   3.03153386891647673928838125753336618         4.48543324913202284185546322389418061E-0002
   3.00220757759821711484847895260431462         6.08020869673729336239213357386000543E-0002
   2.97285165570320682781008349314683631         7.80016947682110346660125749428430194E-0002
   2.94346639296254351680820670207443958         9.58391443855385517689867905123827410E-0002
   2.91405207939690712169461551906226477        0.113659489664026679628265328332401781      
   2.88460900531369749651291083816810936        0.130789566301195064349223536147781862      
   2.85513746130416919266380678418555852        0.146562951144498922779454934572054254      
   2.82563773824056344053914385159122835        0.160346264380604858970679124656556762      
   2.79611012727323735793081931252096932        0.171565770352999457400369502033707227      
   2.76655491982779041354818891218016781        0.179733124885115484500354711597380185      
   2.73697240760218817400458484132416826        0.184469055244205903303573594778738292      
   2.70736288256388336266040603855924589        0.185523751487632468890391173621600585      
   2.67772663694693425873676776559830603        0.182792801087945654670298497868474129      
   2.64806396324912046513994785440922326        0.176327615996367940675927833121523019      
   2.61837515422905607346283678733617320        0.166339483069569683780848016706042712      
   2.58866050290330025465528758344429662        0.153196611876855101924595839200805288      
   2.55892030254346530388066907299747397        0.137413851345865487154562198102210606      
   2.52915484667332216810105229636490341        0.119635087683157734087023586147826213      
   2.49936442906590348495830421577971798        0.100608706079158472705698580828759439      
   2.46954934374060416154292543303715144         8.11568802535614965669315738893210351E-0002
   2.43970988496027952166674892099899098         6.21398268199974316682599846247727367E-0002
   2.40984634722834105027961466202809068         4.44165041152738378904670040154735084E-0002
   2.37995902528584976369385030536234540         2.88035255263977124384974868617645521E-0002
   2.35004821410860723430382027389190759         1.60342743461752936483478446479773020E-0002
   2.32011420890424429851095493755922641         6.72033198222239547034256733171878801E-0003
   2.29015730510930747658753729718540466         1.31734881469519354768167101621119264E-0003
   2.26017779838634313323510686326210522         9.73870277483665057519718761278725501E-0005
   2.23017598462097940761563884625796253         3.12954334204331886361286763271981419E-0003
   2.20015215991900594165567117819593872         1.02703197449458520354002464271206896E-0002
   2.17010662060345143544528204238974931         2.11647625120338217492464845462796266E-0002
   2.14003966321165905857526628481568910         3.52588520130348184873245567460964044E-0002
   2.10995158449235974627702010498045900         5.18230230468856444987348951757929210E-0002
   2.07984268140274340925051956747517620         6.99860589301399450131522002660983680E-0002
   2.04971325110552808608636953164156849         8.87779681273422488250373709454434679E-0002
   2.01956359096602706720820536269291253        0.107179858505044095053601532564098381      
   1.98939399854921401928175006282002402        0.124178310485807320480114112997684508      
   1.95920477161678613905656404767925985        0.138821353675221833872552451213011082      
   1.92899620812422536562597349743295782        0.150272904565390968516705087758546446      
   1.89876860621785768010982584024186134        0.157862451226340109786097992333700945      
   1.86852226423191052178359729066666753        0.161126890678861699668093610643460589      
   1.83825748068556834969596727951966874        0.159841740929926472139531868362290298      
   1.80797455428002637883527789184265930        0.154039455103403525237057666037868988      
   1.77767378389554251992331289522779387        0.144013239540623631303284253399277853      
   1.74735546858848755193256041382878970        0.130305588558854285483873705349359362      
   1.71701990758839355644056560914781424        0.113681651957539989278329678355000148      
   1.68666740029500064295213469488034514         9.50884945590748906558591254211905533E-0002
   1.65629824627530199433701907044339671         7.56022312097084082196071152270977368E-0002
   1.62591274526058726154728813982692853         5.63658644300756503330688040008722144E-0002
   1.59551119714348433679489132545817237         3.85213555491438321962339334992859441E-0002
   1.56509390197499953438591373005916341         2.31399697257008133947409594282114650E-0002
   1.53466115996155620842374568505644874         1.11552067023083429872731895437026837E-0002
   1.50421327146203183660881389686033121         3.30263198319551577432963913055691857E-0003
   1.47375053698479359937766091000620000         7.06434817961982871200641675474493553E-0005
   1.44327325718473248363900999932647039         1.66565120427242665198942046677948454E-0003
   1.41278173286029594037901423543123873         7.99433622710203311765551509658319008E-0003
   1.38227626495051912542216119510130574         1.86646328874438699776232473349819304E-0002
   1.35175715453205475264828846987280847         3.30059043808612151916428873594065813E-0002
   1.32122470281620158897985962410500116         5.01075300627147887137420938756766426E-0002
   1.29067921114593162046705543301255476         6.88738749855344853217651551567177967E-0002
   1.26012098099291591881135095920740349         8.80924545902470689972339266113282311E-0002
   1.22955031395454923768107517378577922        0.106511123756743923811696245241238457      
   1.19896751175097336818498626832455954        0.122919384961971268404250880082837663      
   1.16837287622209928288214241358808948        0.136228486192483963288642298126755903      
   1.13776670932462809771830437842284650        0.145544907250009286405952160881736141      
   1.10714931312907088129077301022551195        0.150232131601123413814311311068034584      
   1.07652098981676734085494098136558509        0.149956262660092635025473471530709640      
   1.04588204167690341449692431174616161        0.144712034716869091454864179301805272      
   1.01523277110352779890743487688047461        0.134827030957483845201406806257663945      
  0.984573480592567442202560296898146963        0.120943373710433520449037218055396465      
  0.953904472738842031247332171091716906        0.103977697962248117392536831770609289      
  0.923226050233077502947887474157456631         8.50617508244040108039369499043043930E-0002
  0.892538515858918608987660966230129025         6.54673667919289467375568121764147808E-0002
  0.861842172489940563492388594085137271         4.65207464510479570918205120052304946E-0002
  0.831137323086659803117752983280417765         2.95118232430568286586081206274100173E-0002
  0.800424270693543889062262151203514006         1.56049680671073315444335031885988272E-0002
  0.769703318436020580516421422518582383         5.75731061072062835522079448364707512E-0003
  0.738974769517486109067436117789462198         6.50535838679807649822211971064506446E-0004
  0.708238927216312683586568832378943834         6.41163343058278784791442891887477883E-0004
  0.677496094882855255133869948256780109         5.73308789931577306363068696566436663E-0003
  0.646746575936457571422303351132169339         1.55746326409819814540067680973620254E-0002
  0.615990673862457550390301087279248110         2.94806469573744336163431861410896503E-0002
  0.585228692209192002438500819343461475         4.64783915971935566135493504273454600E-0002
  0.554460934585000730892848361977544973         6.53742236669053254011010841206150871E-0002
  0.523687704655230040262384232912342996         8.48365528195669615240486228268810400E-0002
  0.492909306139235681865877982453487361        0.103489304160958001614352558849663688      
  0.462126042807385266407027006724038665        0.120009289977207870576856528307741043      
  0.431338218478060173083197552440103387        0.133220529739973125563696163094187747      
  0.400546137014656984817654631687443786        0.142178700322496587264325763940053550      
  0.369750102322588479209904535019827946        0.146239542960140977478668947971589738      
  0.338950418346284204803158514064682378        0.145106159402825227847056776855408476      
  0.308147389066190672272018957421413690        0.138851620781765030473830322570419729      
  0.277341318495771190137289965578760073        0.127915082699397761430091911879355013      
  0.246532510678505374618322604349513850        0.113071520269299695970122703201674938      
  0.215721269684888363236521247297664868         9.53771256979454050728703292581751752E-0002
  0.184907899609429761786561274072611900         7.60942046888400073556036206619510076E-0002
  0.154092704567652354294499944610130752         5.66009313799692700005282130761791729E-0002
  0.123275988693090605584301492838145843         3.82924587924545807861824550620294036E-0002
   9.24580561342889860763443547495950053E-0002   2.24805452034633449119887845179105406E-0002
   6.16392110518001484432329442731732841E-0002   1.02989939840929695209216575727908441E-0002
   3.08197576151829857496984989692256334E-0002   2.62180226199063460324468241302284664E-0003
   6.00704543221772133721764985001508439E-0016   1.00202250717118729828200382234568851E-0030
  -3.08197576151817843465407667523240301E-0002   2.62180226199043143029409698558340703E-0003
  -6.16392110517989470578612875243762410E-0002   1.02989939840925777598008208035037944E-0002
  -9.24580561342877847206159620682588071E-0002   2.24805452034627926773009506892701657E-0002
 -0.123275988693089404270073260256577903         3.82924587924539076897547308677898590E-0002
 -0.154092704567651153033628358570812600         5.66009313799685242900284416468191086E-0002
 -0.184907899609428560590902294409464588         7.60942046888392424336663931486414389E-0002
 -0.215721269684887162117930190222511937         9.53771256979446756508706191522334249E-0002
 -0.246532510678504173588654025444894610        0.113071520269299054136695309887056362      
 -0.277341318495769989208397542798259369        0.127915082699397252919709263757301734      
 -0.308147389066189471455755374098634816        0.138851620781764691404931171729822990      
 -0.338950418346283004111375341932055055        0.145106159402825082163658398521016178      
 -0.369750102322587278654452117238378322        0.146239542960141035276864287046125445      
 -0.400546137014655784410381965888691542        0.142178700322496844119585256992833794      
 -0.431338218478058972835952173781238655        0.133220529739973562901418022771635233      
 -0.462126042807384066331654870957533072        0.120009289977208457052645900513982335      
 -0.492909306139234481974223349012293308        0.103489304160958695397693424223672491      
 -0.523687704655228840566289548011832783         8.48365528195677133146969092806605357E-0002
 -0.554460934584999531404154141735355149         6.53742236669060819563088654527292398E-0002
 -0.585228692209190803169045532918367835         4.64783915971942645297259554108638408E-0002
 -0.615990673862456351351921040030261700         2.94806469573750430932745918250417935E-0002
 -0.646746575936456372626832567798979711         1.55746326409824497741502862863976859E-0002
 -0.677496094882854056593140056162708080         5.73308789931606754265427881456411956E-0003
 -0.708238927216311485312408944657556981         6.41163343058378990402784753480486795E-0004
 -0.738974769517484911071672716636003462         6.50535838679706740768110776687489120E-0004
 -0.769703318436019382810878242467363678         5.75731061072033345690677811928109742E-0003
 -0.800424270693542691658760062432437315         1.56049680671068631470631046806963677E-0002
 -0.831137323086658606028109874943747227         2.95118232430562190929648744914707308E-0002
 -0.861842172489939366728419257675711898         4.65207464510472482018365484854985975E-0002
 -0.892538515858917412561176978972139151         6.54673667919281869231477161946557752E-0002
 -0.923226050233076306870697082430944676         8.50617508244032516485616621194441589E-0002
 -0.953904472738840835531240173889952788        0.103977697962247410114950510762745139      
 -0.984573480592566246859367929319027964        0.120943373710432912426350565016618599      
  -1.01523277110352660394893969365309743        0.134827030957483376800739547785013809      
  -1.04588204167690221993492007079372585        0.144712034716868793384730069891559272      
  -1.07652098981676614670121752740575990        0.149956262660092526377838379862709958      
  -1.10714931312906968755711615840942474        0.150232131601123500917234518716360268      
  -1.13776670932462690441649579801385083        0.145544907250009562548732068462055725      
  -1.16837287622209809002395951168144471        0.136228486192484409320686156282391230      
  -1.19896751175097217578220207360917706        0.122919384961971854149768653338276318      
  -1.22955031395454804574545822034918227        0.106511123756744610188817754259013041      
  -1.26012098099291472735466517038504679         8.80924545902478106857672221699200088E-0002
  -1.29067921114593042950106000528264914         6.88738749855352337912916416239041306E-0002
  -1.32122470281620039851630891102999879         5.01075300627154954048944038282130179E-0002
  -1.35175715453205356269893186608866683         3.30059043808618346390349423864847939E-0002
  -1.38227626495051793599874302035571458         1.86646328874443626727712081177163377E-0002
  -1.41278173286029475149327361867192309         7.99433622710236793314968729422898982E-0003
  -1.44327325718473129530268076284072666         1.66565120427258268211630318933937037E-0003
  -1.47375053698479241160247145361280821         7.06434817961660023947957722609098029E-0005
  -1.50421327146203064940648708215498295         3.30263198319529743484146143333566712E-0003
  -1.53466115996155502180599871971183450         1.11552067023079523090214003575443675E-0002
  -1.56509390197499834836445805218087009         2.31399697257002745109279772711892881E-0002
  -1.59551119714348315138143248799750671         3.85213555491431779987219393938529678E-0002
  -1.62591274526058607675352569505184250         5.63658644300749203152820066612437418E-0002
  -1.65629824627530081017464645446862795         7.56022312097076459690591615143854932E-0002
  -1.68666740029499945943283911225792378         9.50884945590741411608943975459016104E-0002
  -1.71701990758839237357602791751907138        0.113681651957539296219030403576497145      
  -1.74735546858848636973445500863900946        0.130305588558853688671591301130477940      
  -1.77767378389554133840330759450464182        0.144013239540623164417784262872441194      
  -1.80797455428002519800503382103952883        0.154039455103403213986297506133157110      
  -1.83825748068556716956713875642508757        0.159841740929926332936555454840912315      
  -1.86852226423190934236783171038087427        0.161126890678861738884670275728055445      
  -1.89876860621785650141876356022172668        0.157862451226340323605941738748616401      
  -1.92899620812422418767124772260635285        0.150272904565391343374751444584461032      
  -1.95920477161678496184980071563002083        0.138821353675222347433041592023142942      
  -1.98939399854921284283456772904464103        0.124178310485807943077029559323682351      
  -2.01956359096602589153221508593007915        0.107179858505044791493844056449769647      
  -2.04971325110552691119317475927571528         8.87779681273429804386079907118945263E-0002
  -2.07984268140274223515171602101513918         6.99860589301406718261124038703519182E-0002
  -2.10995158449235857298419566561437661         5.18230230468863274038458769561169919E-0002
  -2.14003966321165788610000087904330283         3.52588520130354212936165319969141442E-0002
  -2.17010662060345026379914752773319991         2.11647625120343130045070223146433755E-0002
  -2.20015215991900477085023122899020610         1.02703197449462065335473782378165960E-0002
  -2.23017598462097823766244883952206725         3.12954334204351877075654986499931749E-0003
  -2.26017779838634196414571376465220322         9.73870277484020629409489850439824977E-0005
  -2.29015730510930630837347954703089532         1.31734881469506333334955259400998014E-0003
  -2.32011420890424313118376233698301069         6.72033198222210622984129011421956218E-0003
  -2.35004821410860606787501387101590284         1.60342743461748597203711795754723593E-0002
  -2.37995902528584859817494228159938620         2.88035255263971548275481745694914001E-0002
  -2.40984634722833988568210821846135357         4.44165041152731830499653759073373208E-0002
  -2.43970988496027835800213816485003933         6.21398268199967100698740942834348950E-0002
  -2.46954934374060299882269526422374060         8.11568802535607411379684880606968444E-0002
  -2.49936442906590232319393021356446695        0.100608706079157717217957344607755129      
  -2.52915484667332100730400060609596200        0.119635087683157011577653926017345154      
  -2.55892030254346414406239629294229561        0.137413851345864828452699199311193613      
  -2.58866050290329909582724065171764421        0.153196611876854534347519927059858660      
  -2.61837515422905491563645286892345273        0.166339483069569230050938910206642261      
  -2.64806396324911930832665422828628876        0.176327615996367618095590273534392889      
  -2.67772663694693310294798171194882603        0.182792801087945474577195374785451414      
  -2.70736288256388220790753472609076216        0.185523751487632436400546354261273846      
  -2.73697240760218702029902521468394015        0.184469055244206017335942849144640247      
  -2.76655491982778926090132757947193293        0.179733124885115738063937327716905063      
  -2.79611012727323620635403243292371691        0.171565770352999838114339833857112956      
  -2.82563773824056229004379702308110736        0.160346264380605349779703675963304695      
  -2.85513746130416804326125493136200199        0.146562951144499502820523648381860927      
  -2.88460900531369634821449810018532258        0.130789566301195709923015826453348498      
  -2.91405207939690597451167513766714838        0.113659489664027365227211922391271705      
  -2.94346639296254237075206090975206821         9.58391443855392511155836666244355410E-0002
  -2.97285165570320568289204340137459740         7.80016947682117217183077766850669432E-0002
  -3.00220757759821597107984444021580133         6.08020869673735835100770994935475542E-0002
  -3.03153386891647559668044085919313883         4.48543324913208182685926183228218043E-0002
  -3.06083024021932875124008175410274134         3.07117639044876228520401855850075315E-0002
  -3.09009640236341809916800539517426352         1.88508059959836776231000833689274458E-0002
  -3.11933206650353850594144579729828943         9.65861397991315650639256032921861299E-0003
  -3.14853694409548782366878366219558074         3.42474227979382670293649607952435457E-0003
  -3.17771074689891470587473909291985012         3.36831139485219968146344381558243998E-0004
  -3.20685318698016342340082386018191390         4.80140259917772974384136798448336943E-0004
  -3.23596397671511565334386878167253189         3.84062384474942326741187102967628087E-0003
  -3.26504282879202921298531666772593040         1.03111331629416453436064120593983516E-0002
  -3.29408945621437371069412299445271366         1.97002527146820785147757273075173367E-0002
  -3.32310357230366308581653469129453252         3.17432245486580022297855124407968065E-0002
  -3.35208489070228500959672187349901886         4.61143911464537905221215068279123153E-0002
  -3.38103312537632711920321770824190339         6.24405883976540675846717832108789519E-0002
  -3.40994799061840005696737757026996568         8.03149435231670942501063292785570833E-0002
  -3.43882920105045728697159991052003730         9.93105747525847794350090984146571035E-0002
  -3.46767647162661166115685751798463567        0.118993746159065809676330077685279494      
  -3.49648951763594870715116878722905578        0.138936098211769323470376568541847569      
  -3.52526805470533661005299389479213145        0.158725648307251268796676055184181307      
  -3.55401179880223286043617011788960530        0.177976332019822513372420397678493345      
  -3.58272046623748754087590357634689912        0.196335931679588675955299681270758843      
  -3.61139377366814322332851111877726541        0.213492311236424200308186370321817200      
  -3.64003143810023144973105557925363451        0.229177942827852894620657626802633110      
  -3.66863317689156576822073987096500544        0.243172769234024134521782831339191975      
  -3.69719870775453129740792002577593653        0.255305496232267354685376995873608187      
  -3.72572774875887079117086399770724789        0.265453449051067755975650164261735375      
  -3.75422001833446717647492148592881205        0.273541157450302324611511951357833573      
  -3.78267523527412253675357985802092425        0.279537854627919107272620804053552490      
  -3.81109311873633351342396212346019870        0.283454086732974476627028305068618938      
  -3.83947338824806309814467447428526526        0.285337633088072878939013915920626666      
  -3.86781576370750878845953282579109399        0.285268933328121418584103082676219081      
  -3.89611996538686707950658970331447770        0.283356207711240281491277224393612833      
  -3.92438571393509426450804437746854550        0.279730442075729263851232824998670981      
  -3.95261273038066351679304999266106173        0.274540390528929365184605844838894145      
  -3.98080073613431822614213120283203703        0.267947728135482961265989015968407775      
  -4.00894945299182156227889416185893885        0.260122463711382749420353472822710535      
  -4.03705860313670223837194724913999206        0.251238700296200130128505013971705210      
  -4.06512790914299644744745527596814059        0.241470808801797605633713045525207269      
  -4.09315709397798594465052174529735355        0.230990059406838763071544726818707492      
  -4.12114588100493224833163265358622738        0.219961736017434737782733086318644544      
  -4.14909399398580693297270095315279173        0.208542741933960982968655091549140142      
  -4.17700115708401798700582275882762477        0.196879690004125640381261968682142796      
  -4.20486709486713220861669430296046171        0.185107458130754817558984330767663249      
  -4.23269153230959361266374213470359889        0.173348181059740398912013119951014969      
  -4.26047419479543782188338773702783641        0.161710641829225531753735140641753042      
  -4.28821480812100241559150120957090029        0.150290020973270669795563451800067197      
  -4.31591309849763320913099654600718597        0.139167958345390120645392602050224622      
  -4.34356879255438643735568292738610032        0.128412881025177174875264092618050027      
  -4.37118161734072681548091196143173682        0.118080550937899768724960201341487814      
  -4.39875130032922145067224952314645908        0.108214787286384606016122544246968492      
  -4.42627756941822957778435239263317981         9.88483214026982016136202580267476293E-0002
  -4.45376015293458809270344383767108654         9.00037449212334855951858196553353012E-0002
  -4.48119877963629285678825824448195310         8.16945160201687784946053661148018380E-0002
  -4.50859317871517574594606245095790781         7.39259926634541772011036623297514277E-0002
  -4.53594307979957741792236017045437941         6.66964661155121299080469900527989842E-0002
  -4.56324821295701577142514539657251691         5.99981723387931817691833035123029476E-0002
  -4.59050830869685007074709053308043412         5.38182630916224419094198537667450635E-0002
  -4.61772309797294070959183477859740495         4.81397225193380396942792937549824339E-0002
  -4.64489231218630458785357759067121249         4.29422187003245882839584400308480985E-0002
  -4.67201568318776607514248043363534523         3.82028829184825396303875802770999146E-0002
  -4.69909294328060353489193705180201334         3.38970123540757878201740792346891573E-0002
  -4.72612382522319138292758777423924958         2.99986944027883677253424333815178379E-0002
  -4.75310806223163765442202641715578900         2.64813529501173597373205253610928227E-0002
  -4.78004538798241705320347876979366341         2.33182186588128939447227673312614668E-0002
  -4.80693553661499945743131899218121305         2.04827266940067761300682444392778119E-0002
  -4.83377824273447385569613407807032549         1.79488463436391964507604680031707763E-0002
  -4.86057324141416768764714640127987388         1.56913477248502468641268436335757450E-0002
  -4.88732026819826156329515982337580841         1.36860112365993464243658222497638803E-0002
  -4.91401905910439933518480544749663844         1.19097856621100012052911002111052120E-0002
  -4.94066935062629349767572840702284102         1.03409008784189832189664966577970976E-0002
  -4.96727087973632588761847662601847904         8.95894102931363440922887078039307755E-0003
  -4.99382338388814366075722582576095570         7.74488379483663740829602458750208479E-0003
  -5.02032660101925051823810172053501558         6.68111107495220330548043965493022178E-0003
  -5.04678026955359315764873988601274665         5.75139602326588484364402531321243016E-0003
  -5.07318412840414292306185573229094353         4.94087094182662337568510397079979958E-0003
  -5.09953791697547262860298090583678023         4.23598009955538437034883146544527352E-0003
  -5.12584137516632853011015781254311625         3.62442108097765846853338547749560335E-0003
  -5.15209424337219741950127032767354304         3.09507782181633944658055844067261663E-0003
  -5.17829626248786881651282566506545399         2.63794805390177230659661578681756637E-0003
  -5.20444717390999223252238934246540427         2.24406747148953967300679226940016334E-0003
  -5.23054671953962948121551172473450147         1.90543254990557774527277614246111413E-0003
  -5.25659464178480201090687027186005965         1.61492359898968747161996767937999763E-0003
  -5.28259068356303323337448588176112839         1.36622931998400183285510117457189828E-0003
  -5.30853458830388582411525411384486916         1.15377385588126807264734063635193839E-0003
  -5.33442609995149396897966212077354635         9.72647081315400629636432609334337388E-0004
  -5.36026496296709053219343931310960146         8.18538667531973819539138789290192575E-0004
  -5.38605092233152912082401364215145859         6.87676278904812851696656230214183954E-0004
  -5.41178372354780102080001541565248653         5.76768107535865493243423282397938105E-0004
  -5.43746311264354697964268626209877825         4.82949829099443755399231220749926131E-0004
  -5.46308883617356381111891173225086785         4.03735963550277219492244358280141799E-0004
  -5.48866064122230579707670156975453171         3.36975545865160231088131058655648102E-0004
  -5.51417827540638086177529139140478790         2.80811951945668781600389973530634644E-0004
  -5.53964148687704149407363288530467257         2.33646680609212544961056935648839605E-0004
  -5.56505002432267039289287615249036063         1.94106861835686802423015594797972255E-0004
  -5.59040363697126081142052697299117566         1.61016241907784043138735049345965838E-0004
  -5.61570207459289157557628305675710868         1.33369385784433295662526768461587660E-0004
  -5.64094508750219675231211622702718103         1.10308834194678162966131604658859389E-0004
  -5.66613242656082994337197145975551437         9.11049559643249595784059190886869078E-0005
  -5.69126384317992318018949824650367953         7.51382436284996635227905463584273013E-0005
  -5.71633908932254039565551433622029968         6.18838112749246872173825115717674906E-0005
  -5.74135791750612544854042601766388789         5.08978668224503382534691872655055040E-0005
  -5.76632008080494467641059220062177364         4.18059457502682050292283658347284932E-0005
  -5.79122533285252395293162110991631612         3.42927089872722041334894334561822669E-0005
  -5.81607342784408022550582788849587758         2.80931237118253846584767974839900683E-0005
  -5.84086412053894750924555827936076956         2.29848617781405178840992629799993846E-0005
  -5.86559716626299731333879728300823148         1.87817660537607917622720955332218381E-0005
  -5.89027232091105347591843172749384216         1.53282498842303467001817768982344890E-0005
  -5.91488934094930138360172149976404680         1.24945090271211370920353120968219099E-0005
  -5.93944798341769155192195522495483460         1.01724386071189367508491873683131265E-0005
  -5.96394800593233754292992189789101024         8.27215987276780973361444504727249820E-0006
  -5.98838916668790819629871981876014078         6.71907275698795153377835748669215583E-0006
  -6.01277122446001415032154761126445822         5.45136045998647621725534153711612737E-0006
  -6.03709393860758862924847855255732673         4.41788150913248080195240141993343563E-0006
  -6.06135706907526247346480836373311092         3.57639304641250937883323655508462462E-0006
  -6.08556037639573338907038743905020410         2.89205650216729548085038444608007218E-0006
  -6.10970362169212939347640067062848609         2.33618339319628396797603272678979321E-0006
  -6.13378656668036643369334098999201813         1.88518479737900276320956449841759746E-0006
  -6.15780897367150015404143593316614845         1.51969317067537230107927328568735763E-0006
  -6.18177060557407179007252937445316617         1.22382965036437180446579294744267909E-0006
  -6.20567122589644816555039249560364281         9.84593893507900599402138380531798957E-0007
  -6.22951059874915576939463848971258742         7.91356891898954358376437971651341807E-0007
  -6.25328848884720888955184386838513766         6.35440140643037197203532707614371901E-0007
  -6.27700466151243178081613496987193762         5.09767069515697930881726820945687421E-0007
  -6.30065888267577484368038077606062274         4.08574822605431362950225790537900365E-0007
  -6.32425091887962479135824185628097240         3.27176336471252204234499270783999349E-0007
  -6.34778053728010878217665958245755024         2.61764259867993108311992190596223809E-0007
  -6.37124750564939249459792911761976441         2.09249614684727448171500367164694687E-0007
  -6.39465159237797212219028348032806731         1.67129249892543561989666856863684061E-0007
  -6.41799256647696026592592364115450478         1.33377116173740054798757769612692644E-0007
  -6.44127019758036570124566052171508031         1.06355213324678681585584380524178410E-0007
  -6.46448425594736699738978834743496932         8.47407572480549214449314954295244760E-0008
  -6.48763451246457996655548445558381364         6.74666973635196504383134104791212292E-0008
  -6.51072073864831892050192778130224468         5.36732050624760433702320554089144383E-0008
  -6.53374270664685171228544623532308964         4.26681636834134077981405651128913040E-0008
  -6.55670018924264854086834144466090349         3.38950326861361560582023447350579309E-0008
  -6.57959295985462449640659724631823127         2.69067438161131404979659691157554194E-0008
  -6.60242079254037582408345529648419381         2.13445241091870874393016747068706042E-0008
  -6.62518346199840988441783657406683708         1.69207372976877279155624023892269759E-0008
  -6.64788074357036878803880080583582658         1.34049980926269372694754372919484999E-0008
  -6.67051241324324668297966630693620612         1.06129484858746793181320401346707250E-0008
  -6.69307824765160067260805979890437074         8.39719633412731798930623025929325985E-0009
  -6.71557802407975534237102881927202766         6.64000800874130684811366421486374054E-0009
  -6.73801152046400087359742775195053797         5.24742214741964139818444817322870245E-0009
  -6.76037851539478472266308166328764684         4.14451331363307419525942112799413077E-0009
  -6.78267878811889684388773940030343889         3.27158498990248261722498830540669248E-0009
  -6.80491211854164843459654816835160000         2.58111274805849248307947461849659391E-0009
  -6.82707828722904418084271542641684901         2.03529227395016632219722463867104356E-0009
  -6.84917707540994798235216978845160034         1.60407452222174590861949585775302398E-0009
  -6.87120826497824213531539006547991265         1.26359275497695808773351645479829887E-0009
  -6.89317163849497995171613999047350402         9.94904499959730362223880156434889390E-0010
  -6.91506697919053179395162489896808065         7.82986311906933135537651716630931083E-0010
  -6.93689407096672450356357505369925984         6.15931263478971273709760333500492602E-0010
  -6.95865269839897420296495775978607297         4.84308846673220453004668625969470620E-0010
  -6.98034264673841244911242627470385154         3.80654856428466710848739389722455852E-0010
  -7.00196370191400571814022712893825518         2.99065203251390883157701344182391938E-0010
  -7.02351565053466820003710819121768169         2.34872745931597138111930976752373936E-0010
  -7.04499827989136788251379698695926414         1.84390381432773098922660278042352330E-0010
  -7.06641137795922590327485175837168898         1.44706966643047834971505083833677197E-0010
  -7.08775473339960914997512588584420077         1.13525330406358177805627890122707202E-0010
  -7.10902813556221608720772891709712691         8.90337898341628011512567803035205670E-0011
  -7.13023137448715578993721391533981700         6.98043143793871183863094657168266893E-0011
  -7.15136424090702016285877048062911768         5.47118673031980599940302211018610513E-0011
  -7.17242652624894932523145495799246466         4.28705639948354731831594004920577079E-0011
  -7.19341802263669014080094335792300801         3.35831743066096190474732436132940780E-0011
  -7.21433852289264787249494771382556060         2.63012054047451314888775476916675277E-0011
  -7.23518782053993094164229231916261640         2.05933679108161679475135698253394810E-0011
  -7.25596570980438877153470185471014009         1.61206797535878962789488570113680052E-0011
  -7.27667198561664269521860816180272039         1.26168220462636202113681714422503538E-0011
  -7.29730644361410990747273566708008946         9.87264783632479216106607427467943825E-0012
  -7.31786888014302044099587654243576040         7.72397250421098317794974255265468954E-0012
  -7.33835909226042714689811491305576682         6.04195574820600621152635937423694969E-0012
  -7.35877687773620865965780412711624191         4.72552896587968590227804314987180817E-0012
  -7.37912203505506532677584159144026796         3.69543601250002651245528988933241649E-0012
  -7.39939436341850808342822127482069993         2.88954584706215413495468384222671750E-0012
  -7.41959366274684025248747399949579645         2.25916730857152971139975818072463279E-0012
  -7.43971973368113225035342939419780500         1.76615306142981389649383700770876431E-0012
  -7.45977237758518917910375018014924125         1.38062468765523456480773996455349240E-0012
  -7.47975139654751128554489861331982837         1.07918643657443179755383150518656342E-0012
  -7.49965659338324726781459571924276681         8.43523219812603803904991331136680716E-0013
  -7.51948777163614041025742573589504156         6.59300611154258394276558298068469916E-0013
  -7.53924473558046752736602022885979972         5.15302108434510327011738643176713561E-0013
  -7.55892729022297069765122796262001308         4.02752715194150964408676934564479101E-0013
  -7.57853524130478176837583710191959453         3.14788778237065265168869551499339004E-0013
  -7.59806839530333961215776497534637447         2.46042587427500255023724323637502532E-0013
  -7.61752655943430011652016675545768496         1.92316992178806413864023804134160311E-0013
  -7.63690954165343888753763728985164421         1.50330599738936501128666108867460367E-0013
  -7.65621715065854664879958924770947542         1.17518297678181630191968599711493141E-0013
  -7.67544919589131731698398501678405495         9.18751272144817820576106674716579293E-0014
  -7.69460548753922873540687868504656509         7.18341149015118815428660612131438026E-0014
  -7.71368583653741604698568725586230333         5.61706974733536963229972522013454233E-0014
  -7.73269005457053768812675626047046271         4.39279663598782806511115264390300429E-0014
  -7.75161795407463398512061342970346227         3.43582076201758722920317494815171547E-0014
  -7.77046934823897833470131434951189613         2.68771930934690444213816022706087401E-0014
  -7.78924405100792095049947533137920134         2.10284471506675839517163333774298311E-0014
  -7.80794187708272515719196035674713054         1.64553159574038370060810322455519135E-0014
  -7.82656264192339621422474017998095055         1.28791383463295570865703061371775346E-0014
  -7.84510616175050265105917177126063795         1.00821873177789202556964705612765155E-0014
  -7.86357225354699009596585452140540409         7.89434090250519181964733250255902877E-0015
  -7.88196073505998758046430528557869128         6.18266795211634590672398347875199678E-0015
  -7.90027142480260630158095668088428082         4.84329197164520799517353687531257345E-0015
  -7.91850414205573082417242134111161408         3.79503504577650171896387183949695203E-0015
  -7.93665870686980270563557833564436873         2.97445260595270905108629643740001490E-0015
  -7.95473494006659652540082594240537406         2.33195480285030075161468244964897813E-0015
  -7.97273266324098830167980668854589679         1.82877673152778078951379738861990018E-0015
  -7.99065169876271627801404529755642379         1.43461173528641414814270268695303291E-0015
  -8.00849186977813406224624716602960764         1.12576264579455502006976398243890826E-0015
  -8.02625300021195610061148349419483015         8.83697573162065427493890737918175049E-0016
  -8.04393491476899546972113846662516918         6.93921675341471061369557433776432783E-0016
  -8.06153743893589396928831317656410335         5.45095725687354528632279630746138735E-0016
  -8.07906039898284449851936956082464591         4.28347445384115045056044737118289008E-0016
  -8.09650362196530569917245471220183073         3.36733400357900109634465855065338302E-0016
  -8.11386693572570884836017081117024088         2.64818504814753781306183273518371350E-0016
  -8.13115016889515698425004781501611539         2.08347392196712819069786000601088901E-0016
  -8.14835315089511624789313420553443265         1.63987551937124712170055004297368397E-0016
  -8.16547571193909942448784476941979087         1.29128532997441140714692096843551409E-0016
  -8.18251768303434166746319281027776948         1.01724953198100005194146491522275481E-0016
  -8.19947889598346838884268660793546349         8.01737380864312954707568043002405898E-0017
  -8.21635918338615529942748558797345927         6.32181095524675865043590708888873877E-0017
  -8.23315837864078058241488977906190406         4.98724815153901336278850473701050020E-0017
  -8.24987631594606918414587595308321859         3.93636984333714012407924816738697325E-0017
  -8.26651283030272920575319459688942900         3.10850507559141769695705248491928987E-0017
  -8.28306775751508037955950278701126011         2.45602811297764970328160171741770143E-0017
  -8.29954093419267461415312836026611306         1.94154041203104233921184979471700208E-0017
  -8.31593219775190859214733972298670330         1.53566378440765231753192540390541570E-0017
  -8.33224138641762840470743244693013824         1.21531174447076733993763199351175978E-0017
  -8.34846833922472620700853768668849680         9.62335059392180742483224779614055534E-0018
  -8.36461289601972887886580764591712604         7.62460197280117946461580616831382492E-0018
  -8.38067489746237867485753904069287766         6.04457088918424878580328808112147656E-0018
  -8.39665418502720584834085597904388902         4.79486467077035638373924576047871629E-0018
  -8.41255060100509323383878811586054759         3.80587871587967882913253747400868090E-0018
  -8.42836398850483277235694757018892323         3.02277870243555910239351972132376055E-0018
  -8.44409419145467396426752812399746542         2.40234661802538333633780226767307799E-0018
  -8.45974105460386423447802187306371882         1.91050401505732881752279054498738083E-0018
  -8.47530442352418119468187098532401607         1.52036636642494458146601998770494835E-0018
  -8.49078414461145678756824475204904496         1.21071406006812240483510269837367641E-0018
  -8.50618006508709329794825390325599019         9.64790348009173240356243030382920700E-0019
  -8.52149203299957121583518441007345551         7.69355958855563914265557106147615805E-0019
  -8.53671989722594893659675092110374022         6.13945265963655507516218943131605558E-0019
  -8.55186350747335428337793478348601421         4.90280793531470233323377840518690294E-0019
  -8.56692271428046783707368248721103119         3.91812156598321894564092830580731380E-0019
  -8.58189736901899805921159654668988269         3.13352828575553244903823796628145107E-0019
  -8.59678732389514819318575149861747103         2.50793849587200735577376156871487405E-0019
  -8.61159243195107492936391205035274714         2.00878073136076170353209433284072128E-0019
  -8.62631254706633881967171765749954548         1.61022065379532571384517236501602515E-0019
  -8.64094752395934642733882714084241096         1.29175530227725130220833221327701331E-0019
  -8.65549721818878419757358756759607223         1.03710298603189450758927558517493586E-0019
  -8.66996148615504403501450271499634075         8.33326199178315478969470117322747241E-0020
  -8.68434018510164057388862719913876030         6.70138286524348585980182641473117465E-0020
  -8.69863317311662012688900198082499951         5.39355075836306348493827717399962755E-0020
  -8.71284030913396129886537464380171840         4.34460933570606344814033072777954116E-0020
  -8.72696145293496725150471276860476981         3.50265180696751562659013338785947104E-0020
  -8.74099646514964960526042008533208201         2.82629901686960173214806353717128498E-0020
  -8.75494520725810396487170206779281639         2.28254189909395139812593865014716373E-0020
  -8.76880754159187705489719941501190031         1.84503029401940357097514337299584037E-0020
  -8.78258333133532545176981363807084735         1.49271499011746463485896044326360568E-0020
  -8.79627244052696589896258791347786626         1.20876943538602428163646995152240333E-0020
  -8.80987473406081719193857766010946226         9.79733003796662970485724117769010722E-0021
  -8.82339007768773361964084812537106726         7.94829876415159217443271965099585350E-0021
  -8.83681833801672994936206980640818887         6.45427202166635392568032263044074288E-0021
  -8.85015938251629794191664596149299886         5.24603785031969135069149395945365735E-0021
  -8.86341307951571438412189896136448417         4.26806531982193509430029197592141629E-0021
  -8.87657929820634062567856296528859728         3.47576626782748964426617865974256086E-0021
  -8.88965790864291360762467855563865784         2.83331134587112314907905535596941123E-0021
  -8.90264878174482836962095970032819179         2.31188700123076977820261699915183514E-0021
  -8.91555178929741202340980390566156305         1.88830342961701437518087290728007321E-0021
  -8.92836680395318917987434184306443695         1.54388206623468133230889466677148349E-0021
  -8.94109369923313881720827225044521076         1.26356586415602744248102846217809073E-0021
  -8.95373234952794257779170069012458073         1.03520724583012721236014992656957971E-0021
  -8.96628263009922448145279595664090836         8.48997842444074993641226851995030902E-0022
  -8.97874441708078204287979473437368777         6.97011459193818502699615916898713376E-0022
  -8.99111758747980878103272267070521907         5.72837519122429201811963799071583345E-0022
  -9.00340201917810810848915751804932539         4.71286857574284043351922424442420507E-0022
  -9.01559759093329858874343656901931333         3.88155411354105848134358218591832775E-0022
  -9.02770418238001054956390542361395939         3.20034267411633671931474845590187429E-0022
  -9.03972167403107404059811734473195084         2.64156860433223634051258279821412551E-0022
  -9.05164994727869812350132123658426936         2.18275959943418244677249385354219483E-0022
  -9.06348888439564148294912077651353432         1.80564562709106413769834090532580741E-0022
  -9.07523836853637434698084660005914198         1.49535982523498385344058608082385929E-0022
  -9.08689828373823170520595683640407999         1.23979367992972916122105996876046821E-0022
  -9.09846851492255781349166787005471437         1.02907628292302828059307084970095989E-0022
  -9.10994894789584197383601611707259779         8.55153455274820946374742028663063316E-0023
  -9.12133946935084557821666200162316765         7.11447309625143215883675605588061238E-0023
  -9.13263996686772040529196835115493951         5.92580652597059179094550184806311335E-0023
  -9.14385032891511815891721624520798702         4.94153694048741946754542073071326999E-0023
  -9.15497044485129123752526110162145985         4.12562985404872039837459713383040656E-0023
  -9.16600020492518472350747961164156702         3.44854477748470441266235768482641189E-0023
  -9.17693950027751958181751318793151121         2.88604169455172446260196350040411040E-0023
  -9.18778822294186705710707501150286216         2.41821080808311927604722119517954802E-0023
  -9.19854626584571425878995469882388948         2.02868311395828457879879653346011217E-0023
  -9.20921352281152092351732620147245024         1.70398754772424744406991290169444487E-0023
  -9.21978988855776734463453993931508238         1.43302703503166069758418587658841306E-0023
  -9.23027525869999345827675849491062704         1.20665107964636371833195897883545103E-0023
  -9.24066952975182907584807560124150005         1.01730679502713918140172971486324374E-0023
  -9.25097259912601525271613977554600686         8.58753730095867944838563635717613041E-0024
  -9.26118436513541678304178592653966149         7.25830619267749507103980908078670013E-0024
  -9.27130472699402581075075972726058555         6.14264431207273797866163856803732644E-0024
  -9.28133358481795654674229963675990120         5.20513904506407115643859299181575442E-0024
  -9.29127083962643108251711930551559921         4.41641225308238609006551460399392398E-0024
  -9.30111639334275629049520784544571397         3.75206689089574066193294024785678900E-0024
  -9.31087014879529180138183621844537496         3.19182150427466615828906994851517255E-0024
  -9.32053200971840904902822392923655120         2.71879844080111455381931830028874355E-0024
  -9.33010188075344137332148042982384572         2.31893793096847676709261348214712317E-0024
  -9.33957966744962517172668928388862065         1.98051533109647782509993292986219279E-0024
  -9.34896527626503209019234932899937123         1.69374299155462670744439906703421705E-0024
  -9.35825861456749224421882494062741381         1.45044160647345784719475184665104405E-0024
  -9.36745959063550846097798617178728742         1.24376866231811998001320150221167559E-0024
  -9.37656811365916153346083814192908772         1.06799385177293238628289816309501937E-0024
  -9.38558409374100647771864670386477814         9.18313152820408865248234109030811096E-0025
  -9.39450744189695978435186325250436326         7.90694768735240573186724795014922919E-0025
  -9.40333807005717765549003467763085223         6.81751346125195093510126733381111497E-0025
  -9.41207589106692521859485402761516390         5.88633886311690154598416743339775845E-0025
  -9.42072081868743670850756256376942425         5.08943581740221560457795326123131565E-0025
  -9.42927276759676660925105366702155920         4.40658477404094527876649230852414699E-0025
  -9.43773165339063174718625262999223287         3.82072404783165791281720637766049061E-0025
  -9.44609739258324432721165284776599124         3.31744084749162238378238827560724283E-0025
  -9.45436990260813590378427742825358119         2.88454664328821136469328072160124811E-0025
  -9.46254910181897227862980489581270878         2.51172254841818897395288330415195012E-0025
  -9.47063490949035931709914757670128408         2.19022287711725846374327129569474429E-0025
  -9.47862724581863967521840054815836486         1.91262708941412700749985646852817202E-0025
  -9.48652603192268042956878681983907005         1.67263201808161718923952642128191202E-0025
  -9.49433118984465160222300981159084068         1.46487766265652948305431842418871601E-0025
  -9.50204264255079557305428630900386965         1.28480098148712950549907087880436431E-0025
  -9.50966031393218737182427103089588641         1.12851305903157246930213282498310286E-0025
  -9.51718412880548584254609684324888768         9.92695807596559588084372022076581364E-0026
  -9.52461401291367567270884161371252647         8.74515009468050386785883880741588863E-0026
  -9.53194989292680028003989283050313563         7.71547040793561697287223259977635889E-0026
  -9.53919169644268554957191351951529581         6.81717062192648076154659187182170521E-0026
  -9.54633935198765441387141679316648718         6.03246828961119989509830342461984832E-0026
  -9.55339278901723226937633066265297562         5.34610579093850808448328389358458628E-0026
  -9.56035193791684322188037864994877512         4.74497711034592397995011832760531334E-0026
  -9.56721673000249715429261435438426622         4.21781174002329889994401020723677065E-0026
  -9.57398709752146760989102856767423370         3.75490669300909339267482768476199324E-0026
  -9.58066297365296048437979489683384940         3.34789907258411057202110896092394320E-0026
  -9.58724429250877352015043325187312256         2.98957286370396866679020601445452081E-0026
  -9.59373098913394659623794908919035010         2.67369462970079110962258373054648795E-0026
  -9.60012299950740280755384907624626645         2.39487364734735754850778100709889801E-0026
  -9.60642026054258032706883996181089518         2.14844272386996896579500235451941501E-0026
  -9.61262271008805504470898600162808619         1.93035653401205322242968957438017066E-0026
  -9.61873028692815397682013040391545661         1.73710481317105539545158980710553958E-0026
  -9.62474293078355944014647702427915706         1.56563816002899179286165276983214441E-0026
  -9.63066058231190398436037905634479963         1.41330455231168778883334782072817495E-0026
  -9.63648318310835607727159083306903968         1.27779497342369453161834685233858077E-0026
  -9.64221067570619653693550617410102520         1.15709679492709403393095258349964999E-0026
  -9.64784300357738570497123108593775476         1.04945376782776552193663765863515831E-0026
  -9.65338011113312135549171914262748492         9.53331650785325561122150321060207713E-0027
  -9.65882194372438733413963364353199934         8.67388650993088240975004449696696196E-0027
  -9.66416844764249292181409075872747574         7.90449978020099925669207866336555879E-0027
  -9.66941957011960291776498142903463474         7.21485916073951838003782435887893857E-0027
  -9.67457525932925843682316588292361392         6.59592909026924552824560605250707646E-0027
  -9.67963546438688841562648236262130502         6.03977227738565851730773609813901696E-0027
  -9.68460013535031182279321011213247657         5.53940852872569051425386678105892629E-0027
  -9.68946922322023056808637496554425785         5.08869260360666503639314356274722139E-0027
  -9.69424267994071310570408307939774535         4.68220842433742742852708049287357172E-0027
  -9.69892045839966872692291357207940812         4.31517735998228660801127092501711439E-0027
  -9.70350251242931253741329315963336122         3.98337863157240594271122125064369524E-0027
  -9.70798879680662111463771440418314430         3.68308016763025394678912693094225126E-0027
  -9.71237926725377884083464301088250046         3.41097847799090025478069002248631713E-0027
  -9.71667388043861490718298781414528809         3.16414631766087205311672815340996981E-0027
  -9.72087259397503098483407877555428073         2.93998708623773444065412059585485053E-0027
  -9.72497536642341955859021256560637032         2.73619505676534513610795194240362541E-0027
  -9.72898215729107291910098121018769022         2.55072065465692338282374341848863134E-0027
  -9.73289292703258280954079594084429205         2.38174011572198448307597591736933213E-0027
  -9.73670763705023072282325488557882199         2.22762894512495153327978128905156076E-0027
  -9.74042624969436884550027866372394739         2.08693867860296740339418634399545367E-0027
  -9.74404872826379164458625139369796140         1.95837651544351621683442833843303550E-0027
  -9.74757503700609809363975517504056225         1.84078745123531026001741038691501152E-0027
  -9.75100514111804453452787285459460432         1.73313858867255686533375296835791440E-0027
  -9.75433900674588817139045591922281846         1.63450534791414044989888785920837146E-0027
  -9.75757660098572119341421076185877236         1.54405933519627015949185668499158582E-0027
  -9.76071789188379552311894643148149203         1.46105766043822138495743489576354304E-0027
  -9.76376284843683818695084938793548878         1.38483352220541325481217402052678320E-0027
  -9.76671144059235730507020482623355830         1.31478790223238875392327148253585811E-0027
  -9.76956363924893869731356889860767082         1.25038223229778762447601125345197115E-0027
  -9.77231941625653310240301073233929386         1.19113191404294952874693549578931931E-0027
  -9.77497874441673400756768660323615183         1.13660058772736449474060982707230252E-0027
  -9.77754159748304608583568006417407913         1.08639505925300801676450198895037485E-0027
  -9.78000795016114423834674033076085875         1.04016080635254413426696778089751195E-0027
  -9.78237777810912323912927587700651840         9.97577994869190534554208972341152434E-0028
  -9.78465105793773797987771007774704890         9.58357944769392813031450910488114449E-0028
  -9.78682776721063431235907993606169589         9.22239993104127416223801212969800719E-0028
  -9.78890788444457048617055653740410351         8.88988707725902250970383268476104467E-0028
  -9.79089138910962917966238596175969170         8.58391411309811924005188652063947688E-0028
  -9.79277826162942012193359104474903089         8.30255980233162161409548212659429057E-0028
  -9.79456848338127330390063669190971265         8.04408887238100486274157124864144451E-0028
  -9.79626203669642277653214350089410584         7.80693460620632814624105345114630159E-0028
  -9.79785890486018103443563531730868516         7.58968336030940429690399991695932928E-0028
  -9.79935907211210398307522512449863321         7.39106079897598505723897798494408397E-0028
  -9.80076252364614648799207942867803508         7.20991966057110296700186354893343844E-0028
  -9.80206924561080850449245313118293523         7.04522889427719713492986889274428426E-0028
  -9.80327922510927178636105386188477804         6.89606402554038795209194167795934528E-0028
  -9.80439245019952717225047596439857994         6.76159862602490952438297651708078299E-0028
  -9.80540890989449244849043885696668985         6.64109677938136202672908174806640739E-0028
  -9.80632859416212078715357142497658421         6.53390644788327572344660912763738148E-0028
  -9.80715149392549975830750251403889953         6.43945365721641013744889463190609057E-0028
  -9.80787760106294091547604656835583769         6.35723742762485051105040919079833998E-0028
  -9.80850690840805995342531207959146039         6.28682538941085124862950224271205865E-0028
  -9.80903940974984743748360785836092974         6.22785002961369063932720970367230234E-0028
  -9.80947509983273010369707729544537610         6.18000552470058306416239874144192909E-0028
  -9.80981397435662272921605282449625126         6.14304512141867372063768581739375815E-0028
  -9.81005602997697057240019081383274653         6.11677903469722903045190575254945110E-0028
  -9.81020126430478238222352018341447562         6.10107283775864416605814529469093972E-0028
  -9.81024967590665397665361524559550042         6.09584632549251425458672207604727375E-0028
