   9.81024967590665397665361524559557438         9.59400635922469116504913355918726308E-0015
   9.81020126430478238599785193480758503         9.60074491276033763058916737041794081E-0015
   9.81005602997697057994881706548826813         9.62098855374930829925601387723678630E-0015
   9.80981397435662274053889907452058163         9.65482141399247204454193236311106017E-0015
   9.80947509983273011879403179191724706         9.70238435046316475782135567500557517E-0015
   9.80903940974984745635452160043434837         9.76387590754880835472531238027755009E-0015
   9.80850690840805997606999881896628908         9.83955367683345518875415155459012779E-0015
   9.80787760106294094189428281111598639         9.92973606724562228393317747619554972E-0015
   9.80715149392549978849902752285812723         1.00348045023200303626307057894061751E-0014
   9.80632859416212082111808722169186334         1.01552060654463143354108957035909517E-0014
   9.80540890989449248622761022551913984         1.02914566183526749421027090916180166E-0014
   9.80439245019952721375993045414190364         1.04441444227516504039941859140318957E-0014
   9.80327922510927183164238179126120869         1.06139343001169553606870927815881988E-0014
   9.80206924561080855354520759176662008         1.08015723700281806872629319255730438E-0014
   9.80076252364614654081577628958584481         1.10078914134838120927476200055962424E-0014
   9.79935907211210403966934303716834176         1.12338169141195301536654321665916826E-0014
   9.79785890486018109479961572064446291         1.14803738374635892163275739059509635E-0014
   9.79626203669642284066539062677929835         1.17486942163095235496292476190962905E-0014
   9.79456848338127337180251757108682500         1.20400256190950768801175454688595175E-0014
   9.79277826162942019360343551306688357         1.23557405879646645633036777829221920E-0014
   9.79089138910962925509948666678767112         1.26973471440953324457699008000606936E-0014
   9.78890788444457056537416894541343767         1.30665004700346384280393534063213876E-0014
   9.78682776721063439532842233937371380         1.34650158924042900108958030483040402E-0014
   9.78465105793773806661196360244830489         1.38948833035592665902004465614249181E-0014
   9.78237777810912332962758449103075997         1.43582831778777205687825346986085268E-0014
   9.78000795016114433260821085233771140         1.48576043575407042532783445588632979E-0014
   9.77754159748304618385938217064438832         1.53954638042247957374278829245857013E-0014
   9.77497874441673410935265284023389705         1.59747285373954982081513076712146675E-0014
   9.77231941625653320794823652333996881         1.65985400072193395350399385605568711E-0014
   9.76956363924893880661801255484304927         1.72703411809227317150166980429891437E-0014
   9.76671144059235741813278755697274420         1.79939066561883691695438395993863558E-0014
   9.76376284843683830377045531113213956         1.87733761544338513232614068373099739E-0014
   9.76071789188379564369442258478712724         1.96132917911766802666910710837065024E-0014
   9.75757660098572131774436711400205063         2.05186395708560871789757157298980542E-0014
   9.75433900674588829947406538175465795         2.14948956102562860412777999641915295E-0014
   9.75100514111804466636367129399905575         2.25480776589732374676160253166158256E-0014
   9.74757503700609822922644142521129279         2.36848025582348401322847816139580063E-0014
   9.74404872826379178392248726878023995         2.49123503620208054250465182853116027E-0014
   9.74042624969436898858468897132200193         2.62387359382052572695817226901462103E-0014
   9.73670763705023086965442744032843184         2.76727889739342184829983248567169907E-0014
   9.73289292703258296011728157835048243         2.92242434304536282944185215352773086E-0014
   9.72898215729107307342129380132740605         3.09038376301884687691892810964398474E-0014
   9.72497536642341971665282903119596579         3.27234263154124706212311463062301710E-0014
   9.72087259397503114663743910138170138         3.46961061960653591776655208095855915E-0014
   9.71667388043861507272549506636677912         3.68363567073015189451187800853531866E-0014
   9.71237926725377901011466335178369324         3.91601979287899368118977242897052375E-0014
   9.70798879680662128765357710830438706         4.16853678817713279955915924085224059E-0014
   9.70350251242931271416329063025908907         4.44315217211809333955818472180835338E-0014
   9.69892045839966890740530135809145061         4.74204556842541304062525415683461775E-0014
   9.69424267994071328991707989249233898         5.06763590502725337582638612801271201E-0014
   9.68946922322023075602816269781265416         5.42260978157742507943457017164910059E-0014
   9.68460013535031201446193385400492693         5.80995343040574624242116685925591707E-0014
   9.67963546438688861102025042117427276         6.23298875168636016407744117933207429E-0014
   9.67457525932925863594004980055001655         6.69541397109516000648285911713947806E-0014
   9.66941957011960312060301600247694060         7.20134954558290513006409140508065203E-0014
   9.66416844764249312837127405847347487         7.75539003161748799727930517643677366E-0014
   9.65882194372438754441392703357303276         8.36266273208059985508435766238350646E-0014
   9.65338011113312156948104730057895525         9.02889405494711230526078679854036651E-0014
   9.64784300357738592267348202352173167         9.76048465125329508791290753841880955E-0014
   9.64221067570619675834853125799071001         1.05645945543646241900911026800604496E-0013
   9.63648318310835630239320480609490728         1.14492397203062818126437799544232721E-0013
   9.63066058231190421318836005906220967         1.24234015735393853815226324403151107E-0013
   9.62474293078355967267856661689720648         1.34971513982543568475315554206925691E-0013
   9.61873028692815421305403358858686697         1.46817916868872648139775829010923276E-0013
   9.61262271008805528464237124509991015         1.59900168708117628968930936872762754E-0013
   9.60642026054258057069933921843580633         1.74360962196043590045705522390158266E-0013
   9.60012299950740305487905781135421531         1.90360821125829146517763057738429336E-0013
   9.59373098913394684725542630282034435         2.08080473683882526604330458476174620E-0013
   9.58724429250877377485770150286492049         2.27723558755892126725965621990396360E-0013
   9.58066297365296074277434032727929679         2.49519714117228530474455795121174924E-0013
   9.57398709752146787197030092772802866         2.73728102839100159832438875239372592E-0013
   9.56721673000249742005402702743390215         3.00641442876220043614337565725934324E-0013
   9.56035193791684349132130867814338925         3.30590614804562314067278579359469883E-0013
   9.55339278901723254249411877279089352         3.63949934272414451766190966630509271E-0013
   9.54633935198765469066336742294117358         4.01143189175105514568203018151452331E-0013
   9.53919169644268583003529484411946675         4.42650557168057841675548146373314924E-0013
   9.53194989292680056417193678959076235         4.89016537250046498018472828754783476E-0013
   9.52461401291367596050674393871848136         5.40859050194805923467112931698858850E-0013
   9.51718412880548613400701708506593812         5.98879887071012626535020599936604084E-0013
   9.50966031393218766694533258790877601         6.63876713537602507753620405544482045E-0013
   9.50204264255079587183257645548022500         7.36756870699927967568603572609964149E-0013
   9.49433118984465190465557972642859086         8.18553251843092375080143899135947590E-0013
   9.48652603192268073565265161567012468         9.10442579236600542910858807381171907E-0013
   9.47862724581863998495053930080824248         1.01376645750138953745168029909039946E-0012
   9.47063490949035963047650335500442284         1.13005564100361871068274195819578929E-0012
   9.46254910181897259564928479178312969         1.26105802386423837325761786920298313E-0012
   9.45436990260813622444275258761065433         1.40877094418031829596438741754258032E-0012
   9.44609739258324465150595850081495672         1.57547849097571394860399321408756510E-0012
   9.43773165339063207511318812285920230         1.76379461562189476443279823438914533E-0012
   9.42927276759676694080738249324267873         1.97671298179935093039097274961715804E-0012
   9.42072081868743704369001239623388178         2.21766464280263586842282946236081332E-0012
   9.41207589106692555740011675086174619         2.49058481600423647537091467953341118E-0012
   9.40333807005717799791476642049769599         2.79999023614387706434135420921393233E-0012
   9.39450744189696013039268442113162441         3.15106881716603200224440400283998652E-0012
   9.38558409374100682737214201504985105         3.54978364290505450157371671729221411E-0012
   9.37656811365916188672355665683407854         4.00299364745115754939591037478734365E-0012
   9.36745959063550881784644132999838568         4.51859374528112211887472969199386008E-0012
   9.35825861456749260468949459456582940         5.10567763952617841015804105664346302E-0012
   9.34896527626503245426167577868351938         5.77472708624078056741178453565616760E-0012
   9.33957966744962553939107931204717133         6.53783203757206803361676031489384450E-0012
   9.33010188075344174457730533735934465         7.40894684422476721766462790912142810E-0012
   9.32053200971840942387181957103919651         8.40418858752313524978569146473511539E-0012
   9.31087014879529217980950303955666597         9.54218465723465845967634447704334002E-0012
   9.30111639334275667250321091757155768         1.08444779209291324843914551072441027E-0011
   9.29127083962643146810168836388854159         1.23359992768099802843062339271268202E-0011
   9.28133358481795693589962911735012448         1.40456190834156596287961607432518246E-0011
   9.27130472699402620347700880433528611         1.60067909621105355498453967895644736E-0011
   9.26118436513541717933307855057044794         1.82583038259325910279055850469544808E-0011
   9.25097259912601565256856471146395005         2.08451607650291550996395945035226813E-0011
   9.24066952975182947925768646703943446         2.38196066901043505479863308728014597E-0011
   9.23027525869999386523957380059235673         2.72423304902915493656945083395354619E-0011
   9.21978988855776775514654312619107568         3.11838720061993311605509596128076078E-0011
   9.20921352281152133757446568180165333         3.57262694773792458946936148375270856E-0011
   9.19854626584571467638814389580125976         4.09649894437590051577998347485211462E-0011
   9.18778822294186747824219239959223628         4.70111885373129243513318698422529745E-0011
   9.17693950027752000648540233354339178         5.39943654000141535468718896948046062E-0011
   9.16600020492518515170394921415545040         6.20654713514000141055508454181749434E-0011
   9.15497044485129166924608503475227846         7.14005606931779973107908498479412693E-0011
   9.14385032891511859415813359871626833         8.22050760215785699097224095398688074E-0011
   9.13263996686772084404868347290026915         9.47188810258433904796680265501438770E-0011
   9.12133946935084602048484453996054650         1.09222173462963431118514143970123628E-0010
   9.10994894789584241961130106359126186         1.26042434882305601784034252310717814E-0010
   9.09846851492255826276965560265900440         1.45562601901173056062727379172762789E-0010
   9.08689828373823215798221316273593715         1.68230677199238352012056529839704657E-0010
   9.07523836853637480325090280126179360         1.94571037848006657088332272694306048E-0010
   9.06348888439564194270847365133594911         2.25197745235948052178319634116950564E-0010
   9.05164994727869858674543314582593048         2.60830216010514697446950622314475065E-0010
   9.03972167403107450732241625602753109         3.02311678697247870015924274987728033E-0010
   9.02770418238001101976378495655742376         3.50630917822839557324183734026726754E-0010
   9.01559759093329906241425604062704222         4.06947898652090072348823615984952378E-0010
   9.00340201917810858562624198856178248         4.72623973638532730270112961921632256E-0010
   8.99111758747980926163136298972671075         5.49257499450369094677498343933610704E-0010
   8.97874441708078252693524758734978894         6.38725844594163715006825183654200971E-0010
   8.96628263009922496896028391167305077         7.43234946509268815429657828602910655E-0010
   8.95373234952794306874641224512138324         8.65377788621584210299649549049818053E-0010
   8.94109369923313931160536188061006160         1.00820341822842730495175265764921034E-0009
   8.92836680395318967770893004871886407         1.17529842233436239338786148647012357E-0009
   8.91555178929741252467697726040393368         1.37088312906105398570507053334206297E-0009
   8.90264878174482887431577089952723555         1.59992521692882341706459086322513309E-0009
   8.88965790864291411574214646526137911         1.86827390487040429488772140210971818E-0009
   8.87657929820634113721367267106204833         2.18281847612881291187465468254144258E-0009
   8.86341307951571489906960181827094753         2.55167557555522162874870266774465025E-0009
   8.85015938251629846027185964359807512         2.98441053155331737888316847390830749E-0009
   8.83681833801673047111967835702130167         3.49229891378259904461917855804112547E-0009
   8.82339007768773414479570200753788749         4.08863567259359296005117297493066383E-0009
   8.80987473406081772048549380743576489         4.78910054769488395488517932839047913E-0009
   8.79627244052696643089634978128430199         5.61219001907619473032934712966706090E-0009
   8.78258333133532598708517125487812674         6.57972794671510790438945967618440663E-0009
   8.76880754159187759358886943435589900         7.71746925886969544254843604949174290E-0009
   8.75494520725810450693436782036906671         9.05581366276453480315285422765360630E-0009
   8.74099646514965015068873163146916106         1.06306494379237044908443253940490374E-0008
   8.72696145293496780029328695106603083         1.24843510156013620725125774516407132E-0008
   8.71284030913396185100879514091489248         1.46669583467728216084206889767505863E-0008
   8.69863317311662068238181935993909596         1.72375711323044800748352031696568476E-0008
   8.68434018510164113272535897040776967         2.02659969687288347265670478752510871E-0008
   8.66996148615504459718963338548919800         2.38346995115918916985034509783468110E-0008
   8.65549721818878476308156869573233942         2.80411010631993586644456474287737340E-0008
   8.64094752395934699617407739115316469         3.30003037724107578368672807270060046E-0008
   8.62631254706633939182862285571289449         3.88483051478951830285910099149831217E-0008
   8.61159243195107550483682523880347161         4.57457971333698262295235175948772842E-0008
   8.59678732389514877196899299198021349         5.38826539246408358597557764723519218E-0008
   8.58189736901899864129945398803535277         6.34832324331395031123956432438381532E-0008
   8.56692271428046842246041090438465734         7.48126312963120560537886225208655711E-0008
   8.55186350747335487205775664580850141         8.81840801573945010515455068773045423E-0008
   8.53671989722594952856385619639296847         1.03967661232212762955445530637082331E-0007
   8.52149203299957181108373062198714260         1.22600600699785608780336270933233162E-0007
   8.50618006508709389647236618895458736         1.44599409068337085078849159803213933E-0007
   8.49078414461145738936201592017824912         1.70574198389168520740183153582454765E-0007
   8.47530442352418179973936157431637472         2.01245561187193377865622094992865511E-0007
   8.45974105460386484279326020975870670         2.37464462600674767012710593739869292E-0007
   8.44409419145467457583451038257949529         2.80235675034241866696589406730334268E-0007
   8.42836398850483338716963783144268664         3.30745375426967105808074825752692377E-0007
   8.41255060100509385189111842674308494         3.90393631090421591360876771893167015E-0007
   8.39665418502720646962672641257285565         4.60832623357093627042273517399737311E-0007
   8.38067489746237929937081775615034355         5.44011601722724637228110491065474157E-0007
   8.36461289601972950660033094936838521         6.42229727885974707599950682092071436E-0007
   8.34846833922472683795811009181522087         7.58198162647644388896383600717127471E-0007
   8.33224138641762903886582673617733634         8.95112973089320862024022039177298983E-0007
   8.31593219775190922950829700902283977         1.05674069742428157800300830924397042E-0006
   8.29954093419267525471035814775580360         1.24751870563855615314696813334318466E-0006
   8.28306775751508102330668303469991917         1.47267284144234176337760463800738090E-0006
   8.26651283030272985268397177999926163         1.73835523181699790146112532539334432E-0006
   8.24987631594606983425386512601994783         2.05180561209184130068075511768761822E-0006
   8.23315837864078123569367463843160398         2.42154004545249096559691635401614471E-0006
   8.21635918338615595587061853590888487         2.85757152549500116962938628030732027E-0006
   8.19947889598346904844368881573123359         3.37166764939326741894399371277423353E-0006
   8.18251768303434233021555428233378770         3.97765134908043671339408490541553394E-0006
   8.16547571193910009038502440749228233         4.69175158140841989371896400952948196E-0006
   8.14835315089511691692855987329393537         5.53301191966091691316923180782048839E-0006
   8.13115016889515765641711640291181940         6.52376617348139431924363880887173547E-0006
   8.11386693572570952365224830160000313         7.69019150899344905881157865572491344E-0006
   8.09650362196530637758287624498726669         9.06295106371110511507403624025839461E-0006
   8.07906039898284518004143949899059034         1.06779397711062358883108061891147968E-0005
   8.06153743893589465391530517242185818         1.25771490479398399553149041536769888E-0005
   8.04393491476899615744629552815883259         1.48096681752110365538693040471007812E-0005
   8.02625300021195679142801805175008137         1.74328426431539567975774084866980590E-0005
   8.00849186977813475614734113930428505         2.05136124548971455180251653698665879E-0005
   7.99065169876271697499285016289221362         2.41300564149900606356266266313406845E-0005
   7.97273266324098900172944354652050546         2.83731717902389669062454277663231344E-0005
   7.95473494006659722851438558572448382         3.33489224421336295292300922817115707E-0005
   7.93665870686980341180612131733273027         3.91805926113309584723854985599832522E-0005
   7.91850414205573153339297804300257664         4.60114880005879242166640761276337890E-0005
   7.90027142480260701384452738240712114         5.40080306638605968724770664757659626E-0005
   7.88196073505998829576386023284301877         6.33632994702498667239713809368111556E-0005
   7.86357225354699081429433399658200363         7.43010735679005920073319489873565764E-0005
   7.84510616175050337240948616225802919         8.70804423098917047743686162829754892E-0005
   7.82656264192339693858977005041699658         1.02001051493087076600585149069888438E-0004
   7.80794187708272588456455651621500343         1.19409062456601526887615251926657333E-0004
   7.78924405100792168087245890600700496         1.39703907523307412328871573158022902E-0004
   7.77046934823897906806747685281525068         1.63345932355414852469197571814221671E-0004
   7.75161795407463472147271683373035482         1.90865022914086382413013840146123602E-0004
   7.73269005457053842745753306723766892         2.22870321709308518520697325591817050E-0004
   7.71368583653741678928784056908264919         2.60061144705669660488239533941942361E-0004
   7.69460548753922948067308228214635011         3.03239216371745233399696095847549365E-0004
   7.67544919589131806520688342120991639         3.53322345631949209990850166623000730E-0004
   7.65621715065854739997179780152396325         4.11359669546556079529607260596425940E-0004
   7.63690954165343964165174222661682360         4.78548593987699159164507664645650900E-0004
   7.61752655943430087356872527340600885         5.56253560901969198958309968638029619E-0004
   7.59806839530334037213330531083814154         6.46026769378273273495149074454024180E-0004
   7.57853524130478253127085860318622662         7.49630972010137516956497988693611448E-0004
   7.55892729022297146345820116379247359         8.69064458199379558524767625658884593E-0004
   7.53924473558046829607738692428137854         1.00658832124137812983413815300415516E-0003
   7.51948777163614118186559905471778491         1.16475608531116252226314980097467013E-0003
   7.49965659338324804231196020030684222         1.34644574078707049391582786065159668E-0003
   7.47975139654751206292381028031504011         1.55489420056475288439824630177632112E-0003
   7.45977237758518995935653661705800333         1.79373414490481494117326432724266812E-0003
   7.43971973368113303347238982101877309         2.06703316662869188028192686649313507E-0003
   7.41959366274684103846487934824747605         2.37933506078702762192787195381649795E-0003
   7.39939436341850887225631426582421195         2.73570302191041011849553292288137829E-0003
   7.37912203505506611844683680988057754         3.14176441626916336877450245905412525E-0003
   7.35877687773620945416388809988105243         3.60375668493838265749375169078023256E-0003
   7.33835909226042794423144618585134805         4.12857380473387228052965900548812743E-0003
   7.31786888014302124114858575717894103         4.72381258730029829451442280660102997E-0003
   7.29730644361411071043692563956563537         5.39781793112663356567761426859766219E-0003
   7.27667198561664350098635395964536203         6.15972595675523534054284730626448241E-0003
   7.25596570980438958009805087556044863         7.01950375216350165167908488943819224E-0003
   7.23518782053993175299326436919598907         7.98798423409153885121225343874574375E-0003
   7.21433852289264868662553508650349862         9.07689439360961860361234087561942662E-0003
   7.19341802263669095770311091302595990         1.02988749430525509083824902797904812E-0002
   7.17242652624895014489714020092340907         1.16674891202948585905364008642833604E-0002
   7.15136424090702098527988364198712846         1.31972181401911574706413767012178712E-0002
   7.13023137448715661510563803076283016         1.49034405183187008971750855665230625E-0002
   7.10902813556221691511531990737309131         1.68023922370322287458436677729639947E-0002
   7.08775473339960998061371263728985906         1.89111044881720232803369266233008808E-0002
   7.06641137795922673663623620347816541         2.12473155223827004741577786091513212E-0002
   7.04499827989136871858975418530368872         2.38293529757574145041873459954548608E-0002
   7.02351565053466903881938641064002800         2.66759829463430153724561562794316303E-0002
   7.00196370191400655962054792698259835         2.98062220738902210704561333656359701E-0002
   6.98034264673841329328248458032326758         3.32391089559971285898718792144598982E-0002
   6.95865269839897504981642195531032119         3.69934314340607094878972323991773351E-0002
   6.93689407096672535308808705706450192         4.10874066261472645676205065160669244E-0002
   6.91506697919053264614080024620775966         4.55383110947797835316251082602458749E-0002
   6.89317163849498080656156791846963383         5.03620592396289519828693986675993957E-0002
   6.87120826497824299280863359497390101         5.55727289213727971978774123396372239E-0002
   6.84917707540994884248476580731383995         6.11820344749405491596382282264379272E-0002
   6.82707828722904504360617477317421368         6.71987486762594793475398246754542143E-0002
   6.80491211854164929998235571597203322         7.36280769001404150211739767385373158E-0002
   6.78267878811889771188735414023683206         8.04709886553833365466655130531184805E-0002
   6.76037851539478559326793678976213355         8.77235139056110756631485391783802800E-0002
   6.73801152046400174679893074652342472         9.53760140694653447670836249473303986E-0002
   6.71557802407975621816056153563446126        0.103412440317840071515155008018990368      
   6.69307824765160155097697854793898116        0.111809594710297534668569324617771001      
   6.67051241324324756391930194202681746        0.120536412782403764260909906760540927      
   6.64788074357036967154045880842843787        0.129553289336363576393050743753187723      
   6.62518346199841077047279713948101562        0.138811472304608848271639004682095407      
   6.60242079254037671268297341997401355        0.148252552534021822515301304249373056      
   6.57959295985462538754190280938195428        0.157808080039530222116665813175750625      
   6.55670018924264943453063930159849782        0.167399339540804344222343498632350076      
   6.53374270664685260846591630004077464        0.176937319745873915047521621472935241      
   6.51072073864831981919172511436317170        0.186322911684995114113845657461353747      
   6.48763451246458086774573935150405401        0.195447371219002234973833161515363018      
   6.46448425594736790107160642222392745        0.204193079434444392896728609965464606      
   6.44127019758036660741012280065946450        0.212434631780620277116269823390925870      
   6.41799256647696117456408664684501688        0.220040282300505118779350535562001894      
   6.39465159237797303329317932092790438        0.226873762981393814895642188891655812      
   6.37124750564939340815656557537410434        0.232796489961896686180444418617324179      
   6.34778053728010969818202020244309138        0.237670157992025472513112853278821646      
   6.32425091887962570980128603539472459        0.241359712133307129260069626969180470      
   6.30065888267577576455204385224699210        0.243736671272248389073839823431843808      
   6.27700466151243270410732831158729157        0.244682761770960630818274232733875949      
   6.25328848884720981525345496429893193        0.244093801778476200347057936145330726      
   6.22951059874915669749753103864416143        0.241883757790696905381037115273548387      
   6.20567122589644909604540649669383593        0.237988875531314073995728549292027633      
   6.18177060557407272295048121756981975        0.232371767830126004127925370918253669      
   6.15780897367150108929311848954263915        0.225025323741140961745691897536058090      
   6.13378656668036737130952370309789050        0.215976286645529223769671679072638894      
   6.10970362169213033344782964727133153        0.205288335612210624988861779104930981      
   6.08556037639573433138778554070783714        0.193064495013833647105952899884170272      
   6.06135706907526341811887529811519158        0.179448693533233110761990155907422361      
   6.03709393860758957622989096539549056        0.164626296450556644607239522506609463      
   6.01277122446001509962095917833005125        0.148823445605808525362576399758053784      
   5.98838916668790914790676133810867489        0.132305060669138586050115286456947380      
   5.96394800593233849683720138233239691        0.115371384074426822446606336611227982      
   5.93944798341769250811905799474851096         9.83529906139357998981140739052968763E-0002
   5.91488934094930234207921027553805970         8.16042312772720065216442415139834507E-0002
   5.89027232091105443666684672338699022         6.54951389754599403028948311218638784E-0002
   5.86559716626299827634865630003433558         5.04018902773133187657945221247414346E-0002
   5.84086412053894847450735679899413629         3.66959905248148724349301565661929924E-0002
   5.81607342784408119301003916647707522         2.47324273424245405591582446502302351E-0002
   5.79122533285252492266869627027727786         1.48371165939747377731293379021070234E-0002
   5.76632008080494564837096032992936672         7.29404161220919737453400830280756199E-0003
   5.74135791750612642271449425948094798         2.33255681180319845162059926667674967E-0003
   5.71633908932254137203366798578326223         1.15385947835693216366052631468325629E-0004
   5.69126384317992415876210084561582984         7.27888401106171350040387318580453056E-0004
   5.66613242656083092412936489189494023         4.16918904990602378489366675246278797E-0003
   5.64094508750219773524462081266848906         1.03457638875480872290071543633419198E-0002
   5.61570207459289256067419764890593887         1.90680405265272174963308326721295736E-0002
   5.59040363697126179867412905293062608         3.00505070054840822048163620756907469E-0002
   5.56505002432267138229242192573830139         4.29157221119074001622762330979110027E-0002
   5.53964148687704248560935737778107941         5.72024856483067694617847618821934405E-0002
   5.51417827540638185543740854580808460         7.23782595831200406048040948231048418E-0002
   5.48866064122230679285540434214603156         8.78557349531109833079719557552244432E-0002
   5.46308883617356480900437218884633041        0.103013221217928310626049616148143696      
   5.43746311264354797962505567626615535        0.117218303412224628685830304582730799      
   5.41178372354780202286942436511487769        0.129853979071723483237534930873679465      
   5.38605092233153012497057210639431591        0.140346264665005087708988671359652857      
   5.36026496296709153840723677099125036        0.148192064741979311282004225523242671      
   5.33442609995149497725076764833802054        0.152985941579233673842375595654594691      
   5.30853458830388683443371648233612631        0.154444324018956371047276726125238312      
   5.28259068356303424573033365583765186        0.152425665581394016264893448891284441      
   5.25659464178480302529011190800891107        0.146945115625811673098033758506006347      
   5.23054671953963049761613566988381263        0.138182411730722435512650795142111475      
   5.20444717390999325093036413279436855        0.126481940346470124854066588672469141      
   5.17829626248786983691810002501082500        0.112344244303417154630936974081296289      
   5.15209424337219844189377326913166147         9.64086716797128854912910118106782924E-0002
   5.12584137516632955447979873426650324         7.94273457029766908188341218750484588E-0002
   5.09953791697547365493964969302428918         6.22311677162100837230775253585407048E-0002
   5.07318412840414395135542285637052327         4.56891162596245272675797041311397678E-0002
   5.04678026955359418788905650461578775         3.06626410591558331594221356264355496E-0002
   5.02032660101925155041499977766133356         1.79574334052000390987313776275398424E-0002
   4.99382338388814469486051815213340297         8.27524464123861171342200666651184635E-0003
   4.96727087973632692363795703962617769         2.16868386012933428335787217824058361E-0003
   4.94066935062629453560117181385209756         2.02004585208694271257648193610026588E-0006
   4.91401905910440037500596794244847803         1.92091562985189233296920869471412080E-0003
   4.88732026819826260500177879136919338         7.83371092725755830885617859146291698E-0003
   4.86057324141416873122894061853956351         1.74063585108781737449763786286346803E-0002
   4.83377824273447490114280381359841322         3.00723849668497018408980737899975291E-0002
   4.80693553661500050473254610941129966         4.50583630306682291773554537869341396E-0002
   4.78004538798241810234892682842671239         6.14243550415510133402891828367519414E-0002
   4.75310806223163870540134077517661726         7.81176998372840383074154169592241378E-0002
   4.72612382522319243573039569011265571         9.40374334769060326053258963271407962E-0002
   4.69909294328060458950784778684755828        0.108105642181868782000930003805411156      
   4.67201568318776713156108535457973835        0.119341229590071979740730195557976262      
   4.64489231218630564606445027237733086        0.126931022477207051682487020138755296      
   4.61772309797294176958453110696888805        0.130292911567825541462057669100003288      
   4.59050830869685113251114880814089035        0.129125880939777820761706015068253119      
   4.56324821295701683495008643571825789        0.123442349835989599532011175996539396      
   4.53594307979957848319768741187973687        0.113579232722062524646097056040415764      
   4.50859317871517681296126205725206072        0.100185480886001974525315278877227298      
   4.48119877963629392553279920639624811         8.41855296290401061535492695266854620E-0002
   4.45376015293458916316677807805585799         6.67199328980202973664538277273703840E-0002
   4.42627756941823064995591487054300233         4.90663867836538672840283893434564503E-0002
   4.39875130032922252454145833811284976         3.25461687622507429129995776256275219E-0002
   4.37118161734072789103716845790222772         1.84225858207374046920632748300048694E-0002
   4.34356879255438751458837179932869749         7.79917123571538107474435424592737613E-0003
   4.31591309849763428802948594167915652         1.52595615600468408813259681673696883E-0003
   4.28821480812100349614514283645084752         1.22062758805871902681457933396272433E-0004
   4.26047419479543890408151696691005994         3.72206415052426687944198802632620861E-0003
   4.23269153230959469649567810895365513         1.20520359534511259865102179727478867E-0002
   4.20486709486713329407174003793094170         2.44390558973220781825518247899563514E-0002
   4.17700115708401907407326525143305078         3.98552285463197204427163485529627938E-0002
   4.14909399398580802164181128660264578         5.69943223780583091358444265959998589E-0002
   4.12114588100493333859166610327501553         7.43760552642414783441593718388577734E-0002
   4.09315709397798703649071788485070980         9.04702322640197811316407703762195235E-0002
   4.06512790914299754085703808344388947        0.103830613449824080339942247044077492      
   4.03705860313670333334012521338312781        0.113226835093259722908576822726751100      
   4.00894945299182265879486038900949329        0.117762140921473172804713024273783236      
   3.98080073613431932419506352298474973        0.116965240382715073727656119834574304      
   3.95261273038066461637211106667583610        0.110846337921779830187473648489727388      
   3.92438571393509536560238180393060676         9.99101976993923002357675027172409804E-0002
   3.89611996538686818210533612564319410         8.51228310133323446447692866228265663E-0002
   3.86781576370750989255180603949639901         6.78327183059444265472038089475469600E-0002
   3.83947338824806420371957753437062304         4.96520143452908429743070157850203693E-0002
   3.81109311873633462047058345197104958         3.23074873426537722625597056495145367E-0002
   3.78267523527412364526099335173756044         1.74745488293879614325355732509813031E-0002
   3.75422001833446828643218662420259410         6.61021247373164931839608605367365593E-0003
   3.72572774875887190256702595043913893         8.01830507306675608505578332997862629E-0004
   3.69719870775453241023200976153624485         6.47777772250316666922124088646230806E-0004
   3.66863317689156688246177426525329903         6.18383111949667671342754103152606333E-0003
   3.64003143810023256537803752289774584         1.68649565419901570209892763969880083E-0002
   3.61139377366814434037042962647031760         3.16068860790567780627902213178381346E-0002
   3.58272046623748865930173389532128729         4.88857281741382271224956413564456736E-0002
   3.55401179880223398023487383672685805         6.68875249859314363717724875892890038E-0002
   3.52526805470533773121351905236756704         8.36938349990469151850513484982088385E-0002
   3.49648951763594982966244998179018260         9.74847643408230733706140323712034990E-0002
   3.46767647162661278500781601636220225        0.106737999947594524300512068921123310      
   3.43882920105045841215114375747065148        0.110401758852825594369225508861499703      
   3.40994799061840118346440169794921634        0.108021383825806651834914138028175142      
   3.38103312537632824700660404580689772         9.98035415438687065240915740894856453E-0002
   3.35208489070228613869533945683925090         8.66082854204143398331576067127742334E-0002
   3.32310357230366421619923977289000791         6.98670319069124662870900595914503578E-0002
   3.29408945621437484234975915335823859         5.14329481793798838318084664449332086E-0002
   3.26504282879203034590271491968047583         3.33784043925498719713872434989886821E-0002
   3.23596397671511678751184768933260919         1.77610163685798411796231089537727556E-0002
   3.20685318698016455880818964347784099         6.38449175006016532953952877754915396E-0003
   3.17771074689891584251028573953384387         5.82294964172751415875593694998029538E-0004
   3.14853694409548896152129303816057238         1.05067025565634462708969592424790326E-0003
   3.11933206650353964499968775771637993         7.75279185867925947262387956500047782E-0003
   3.09009640236341923942073789505371921         1.99081383771641889120390038172839797E-0002
   3.06083024021932989267605095931244113         3.60713954060067791261462763583701501E-0002
   3.03153386891647673928838125753336618         5.42943747288289083750752539487032588E-0002
   3.00220757759821711484847895260431462         7.23538985613380514949123488185078657E-0002
   2.97285165570320682781008349314683631         8.80196792287615382416064579638155269E-0002
   2.94346639296254351680820670207443958         9.93301511586684098372165135278905950E-0002
   2.91405207939690712169461551906226477        0.104841915271595515444519157753008396      
   2.88460900531369749651291083816810936        0.103820435505962699020627820018654417      
   2.85513746130416919266380678418555852         9.63458557840910974840219923797665367E-0002
   2.82563773824056344053914385159122835         8.33176969035525527421443509515612865E-0002
   2.79611012727323735793081931252096932         6.63546427466512884314067198810475040E-0002
   2.76655491982779041354818891218016781         4.75991263824674476742611816298982300E-0002
   2.73697240760218817400458484132416826         2.94492448373979072106632473088525772E-0002
   2.70736288256388336266040603855924589         1.42509255418669303781817482711256306E-0002
   2.67772663694693425873676776559830603         3.98972615508817177255967530700133135E-0003
   2.64806396324912046513994785440922326         2.31111132731264506799253778450725207E-0005
   2.61837515422905607346283678733617320         2.89007453024370428603333620912977861E-0003
   2.58866050290330025465528758344429662         1.22258528173591717799034478838718903E-0002
   2.55892030254346530388066907299747397         2.67961990152980308184622844578772034E-0002
   2.52915484667332216810105229636490341         4.46499083012218411093599867207076514E-0002
   2.49936442906590348495830421577971798         6.33720581325684715340675972186466784E-0002
   2.46954934374060416154292543303715144         8.04059919731847846068351985790572837E-0002
   2.43970988496027952166674892099899098         9.34015279537219446814216950060626171E-0002
   2.40984634722834105027961466202809068        0.100541863473308251788341637580977830      
   2.37995902528584976369385030536234540        0.100803118892223280977325277090193023      
   2.35004821410860723430382027389190759         9.41084846925243774195359309475060974E-0002
   2.32011420890424429851095493755922641         8.13526385530917469058345797423867832E-0002
   2.29015730510930747658753729718540466         6.42897554560116122519390823976210256E-0002
   2.26017779838634313323510686326210522         4.52976678162877340332621392854920803E-0002
   2.23017598462097940761563884625796253         2.70488293625719163957583352604737811E-0002
   2.20015215991900594165567117819593872         1.21330261493652632576040574173584894E-0002
   2.17010662060345143544528204238974931         2.68503066108566786403402033462831584E-0003
   2.14003966321165905857526628481568910         7.11717299008174698772627043510020493E-0005
   2.10995158449235974627702010498045900         4.68169801675089548960481992986193432E-0003
   2.07984268140274340925051956747517620         1.58616011845171474647169579755942089E-0002
   2.04971325110552808608636953164156849         3.19930829947317420743427370842531097E-0002
   2.01956359096602706720820536269291253         5.07208082306310017136902677689776268E-0002
   1.98939399854921401928175006282002402         6.92896856584891877499948269107667809E-0002
   1.95920477161678613905656404767925985         8.49473949291715999203711729235373687E-0002
   1.92899620812422536562597349743295782         9.53530003966699850379363477603066591E-0002
   1.89876860621785768010982584024186134         9.89306316420031622558375867501355454E-0002
   1.86852226423191052178359729066666753         9.51140054193331747191984465983075032E-0002
   1.83825748068556834969596727951966874         8.44427778833092664734225969905298327E-0002
   1.80797455428002637883527789184265930         6.84932927851496274057286601546325357E-0002
   1.77767378389554251992331289522779387         4.96511203532560779813216296298363576E-0002
   1.74735546858848755193256041382878970         3.07571402311370288465944792113570465E-0002
   1.71701990758839355644056560914781424         1.46790321900370442748203626393382349E-0002
   1.68666740029500064295213469488034514         3.87265588449684301481703422684214594E-0003
   1.65629824627530199433701907044339671         7.43662531156178645020070871167292802E-0007
   1.62591274526058726154728813982692853         3.66886119572123807684232315017078603E-0003
   1.59551119714348433679489132545817237         1.43215854013577075121125146837942099E-0002
   1.56509390197499953438591373005916341         3.03177149630530044073289684541122805E-0002
   1.53466115996155620842374568505644874         4.91756746457038266845591881769860204E-0002
   1.50421327146203183660881389686033121         6.79533769625718099037298773443242061E-0002
   1.47375053698479359937766091000620000         8.37049463666477311415615275525858681E-0002
   1.44327325718473248363900999932647039         9.39434951025898760595245896701171278E-0002
   1.41278173286029594037901423543123873         9.70368889582521422386179299274884310E-0002
   1.38227626495051912542216119510130574         9.24727836325325824175498739346198073E-0002
   1.35175715453205475264828846987280847         8.09489286290510472212520391242650108E-0002
   1.32122470281620158897985962410500116         6.42719001072350606738562967794441899E-0002
   1.29067921114593162046705543301255476         4.50778308296457661033942747685259026E-0002
   1.26012098099291591881135095920740349         2.64175151984457031476451423162026901E-0002
   1.22955031395454923768107517378577922         1.12707801727298410844954433108535135E-0002
   1.19896751175097336818498626832455954         2.06743963614136897002123354837713465E-0003
   1.16837287622209928288214241358808948         2.92258167805081443343545145063386295E-0004
   1.13776670932462809771830437842284650         6.23887168078955703697186549320239384E-0003
   1.10714931312907088129077301022551195         1.89543366288538817663513146795071902E-0002
   1.07652098981676734085494098136558509         3.63855099798475546576902389053522986E-0002
   1.04588204167690341449692431174616161         5.57056645972242008517692664504924585E-0002
   1.01523277110352779890743487688047461         7.37699707353773786349491993724660078E-0002
  0.984573480592567442202560296898146963         8.76266847622092550337700471472760023E-0002
  0.953904472738842031247332171091716906         9.50008172786522588550183497579317713E-0002
  0.923226050233077502947887474157456631         9.46705675571808002048551951418243827E-0002
  0.892538515858918608987660966230129025         8.66735491837414927579595457688090781E-0002
  0.861842172489940563492388594085137271         7.23072237677456549783343901734688726E-0002
  0.831137323086659803117752983280417765         5.39216140265675374060025936395872916E-0002
  0.800424270693543889062262151203514006         3.45367718839749981916607498665813147E-0002
  0.769703318436020580516421422518582383         1.73469027208078648936578212811734383E-0002
  0.738974769517486109067436117789462198         5.19250819914181333574491619365650811E-0003
  0.708238927216312683586568832378943834         8.80175500424644669087034927716433070E-0005
  0.677496094882855255133869948256780109         2.88393533473962537769907479847731393E-0003
  0.646746575936457571422303351132169339         1.31207782119147013955228644799607954E-0002
  0.615990673862457550390301087279248110         2.91005000063197780622733859292748161E-0002
  0.585228692209192002438500819343461475         4.81649112976687330176941844617945559E-0002
  0.554460934585000730892848361977544973         6.71358304350030623244139744846919911E-0002
  0.523687704655230040262384232912342996         8.28442330821472806413452083829290903E-0002
  0.492909306139235681865877982453487361         9.26602051930789770844510483282943519E-0002
  0.462126042807385266407027006724038665         9.49347754150318951494969464350389096E-0002
  0.431338218478060173083197552440103387         8.92789634937381875814785538949329975E-0002
  0.400546137014656984817654631687443786         7.66323464899378917181061327149386486E-0002
  0.369750102322588479209904535019827946         5.91086508381825053927427085028789022E-0002
  0.338950418346284204803158514064682378         3.96434220225986862594893971836711120E-0002
  0.308147389066190672272018957421413690         2.15023551388283985500121293256734203E-0002
  0.277341318495771190137289965578760073         7.73267273400059315237316043852075348E-0003
  0.246532510678505374618322604349513850         6.49910114960967295536885063652365379E-0004
  0.215721269684888363236521247297664868         1.44684017113728179893951055583911723E-0003
  0.184907899609429761786561274072611900         9.99091492116266790279676822541818340E-0003
  0.154092704567652354294499944610130752         2.48449101005714090153042379673643959E-0002
  0.123275988693090605584301492838145843         4.35077730246075277297889610797340751E-0002
   9.24580561342889860763443547495950053E-0002   6.28353802752945073846069122386147914E-0002
   6.16392110518001484432329442731732841E-0002   7.95703565653993688617297041800511301E-0002
   3.08197576151829857496984989692256334E-0002   9.08915076327837080530268986230860851E-0002
   6.00704543221772133721764985001508439E-0016   9.48899713280822803429767101160274935E-0002
  -3.08197576151817843465407667523240301E-0002   9.08915076327840153306770501406702987E-0002
  -6.16392110517989470578612875243762410E-0002   7.95703565653999316035324319713133029E-0002
  -9.24580561342877847206159620682588071E-0002   6.28353802752952307128507680352557024E-0002
 -0.123275988693089404270073260256577903         4.35077730246082897193766125636552762E-0002
 -0.154092704567651153033628358570812600         2.48449101005720812666610462886661633E-0002
 -0.184907899609428560590902294409464588         9.99091492116313719059939679966411981E-0003
 -0.215721269684887162117930190222511937         1.44684017113746913866379523064598005E-0003
 -0.246532510678504173588654025444894610         6.49910114960841212363239077318506470E-0004
 -0.277341318495769989208397542798259369         7.73267273400017492333793968192325345E-0003
 -0.308147389066189471455755374098634816         2.15023551388277585516311160637998785E-0002
 -0.338950418346283004111375341932055055         3.96434220225979320573316956023966959E-0002
 -0.369750102322587278654452117238378322         5.91086508381817636010930575461280060E-0002
 -0.400546137014655784410381965888691542         7.66323464899372867016237546406770416E-0002
 -0.431338218478058972835952173781238655         8.92789634937378205915185922063962302E-0002
 -0.462126042807384066331654870957533072         9.49347754150318274000176928276786457E-0002
 -0.492909306139234481974223349012293308         9.26602051930792195943112203454179179E-0002
 -0.523687704655228840566289548011832783         8.28442330821477925192602504122960437E-0002
 -0.554460934584999531404154141735355149         6.71358304350037577469364108626319042E-0002
 -0.585228692209190803169045532918367835         4.81649112976694956914211924555766616E-0002
 -0.615990673862456351351921040030261700         2.91005000063204807148646152723066194E-0002
 -0.646746575936456372626832567798979711         1.31207782119152270139214173566221627E-0002
 -0.677496094882854056593140056162708080         2.88393533473988664142015758537154888E-0003
 -0.708238927216311485312408944657556981         8.80175500424181499040088788830920197E-0005
 -0.738974769517484911071672716636003462         5.19250819914146731216023584419527191E-0003
 -0.769703318436019382810878242467363678         1.73469027208072766315008422614137420E-0002
 -0.800424270693542691658760062432437315         3.45367718839742650415912772343498920E-0002
 -0.831137323086658606028109874943747227         5.39216140265667803510589647343705448E-0002
 -0.861842172489939366728419257675711898         7.23072237677449985790258829201975258E-0002
 -0.892538515858917412561176978972139151         8.66735491837410446315870702751413652E-0002
 -0.923226050233076306870697082430944676         9.46705675571806334235061718159995009E-0002
 -0.953904472738840835531240173889952788         9.50008172786524001328648090828073179E-0002
 -0.984573480592566246859367929319027964         8.76266847622096805932683451289278686E-0002
  -1.01523277110352660394893969365309743         7.37699707353780183614150463189813466E-0002
  -1.04588204167690221993492007079372585         5.57056645972249499815045142273600619E-0002
  -1.07652098981676614670121752740575990         3.63855099798482910217361856816549965E-0002
  -1.10714931312906968755711615840942474         1.89543366288544857284700855432895500E-0002
  -1.13776670932462690441649579801385083         6.23887168078993085992985398315687526E-0003
  -1.16837287622209809002395951168144471         2.92258167805164950427356900546460133E-0004
  -1.19896751175097217578220207360917706         2.06743963614114900853148728696380533E-0003
  -1.22955031395454804574545822034918227         1.12707801727293533322333227843567489E-0002
  -1.26012098099291472735466517038504679         2.64175151984450260576308465650475313E-0002
  -1.29067921114593042950106000528264914         4.50778308296450080494894083152940373E-0002
  -1.32122470281620039851630891102999879         6.42719001072343424359082948253585964E-0002
  -1.35175715453205356269893186608866683         8.09489286290504826633127565264747324E-0002
  -1.38227626495051793599874302035571458         9.24727836325322604588638600535068201E-0002
  -1.41278173286029475149327361867192309         9.70368889582521129642904754442167268E-0002
  -1.44327325718473129530268076284072666         9.39434951025901431165062058182057209E-0002
  -1.47375053698479241160247145361280821         8.37049463666482515367304087457828040E-0002
  -1.50421327146203064940648708215498295         6.79533769625725011346447836516072755E-0002
  -1.53466115996155502180599871971183450         4.91756746457045799810050462071342434E-0002
  -1.56509390197499834836445805218087009         3.03177149630537019241455958217937893E-0002
  -1.59551119714348315138143248799750671         1.43215854013582407335745004092022460E-0002
  -1.62591274526058607675352569505184250         3.66886119572152455272642207321631374E-0003
  -1.65629824627530081017464645446862795         7.43662531152023556199603800881943118E-0007
  -1.68666740029499945943283911225792378         3.87265588449654930590979276689992929E-0003
  -1.71701990758839237357602791751907138         1.46790321900365064598322992222576418E-0002
  -1.74735546858848636973445500863900946         3.07571402311363293660797727037966216E-0002
  -1.77767378389554133840330759450464182         4.96511203532553233447879788430750809E-0002
  -1.80797455428002519800503382103952883         6.84932927851489317833462916562235296E-0002
  -1.83825748068556716956713875642508757         8.44427778833087343529425783193748544E-0002
  -1.86852226423190934236783171038087427         9.51140054193328852663326444349455328E-0002
  -1.89876860621785650141876356022172668         9.89306316420031577032133659279699140E-0002
  -1.92899620812422418767124772260635285         9.53530003966702647716020335296161820E-0002
  -1.95920477161678496184980071563002083         8.49473949291721210425250173702268967E-0002
  -1.98939399854921284283456772904464103         6.92896856584898719127653179819959929E-0002
  -2.01956359096602589153221508593007915         5.07208082306317470914390833846825528E-0002
  -2.04971325110552691119317475927571528         3.19930829947324386076160760909745372E-0002
  -2.07984268140274223515171602101513918         1.58616011845176930707065069195044127E-0002
  -2.10995158449235857298419566561437661         4.68169801675121084731307087734246738E-0003
  -2.14003966321165788610000087904330283         7.11717299008572546742055437425530623E-0005
  -2.17010662060345026379914752773319991         2.68503066108542687544769518477183975E-0003
  -2.20015215991900477085023122899020610         1.21330261493647766629833050721869917E-0002
  -2.23017598462097823766244883952206725         2.70488293625712541807149941903834796E-0002
  -2.26017779838634196414571376465220322         4.52976678162869905789090495453703366E-0002
  -2.29015730510930630837347954703089532         6.42897554560108926308558776934195162E-0002
  -2.32011420890424313118376233698301069         8.13526385530911519126181906316337719E-0002
  -2.35004821410860606787501387101590284         9.41084846925239894760717067782840783E-0002
  -2.37995902528584859817494228159938620        0.100803118892223152870721528688767940      
  -2.40984634722833988568210821846135357        0.100541863473308399747779108153061114      
  -2.43970988496027835800213816485003933         9.34015279537223466525119792151401994E-0002
  -2.46954934374060299882269526422374060         8.04059919731853838364649595947120332E-0002
  -2.49936442906590232319393021356446695         6.33720581325691848426713535178342176E-0002
  -2.52915484667332100730400060609596200         4.46499083012225706026773913927920968E-0002
  -2.55892030254346414406239629294229561         2.67961990152986773588140677955366095E-0002
  -2.58866050290329909582724065171764421         1.22258528173596483493706234993010181E-0002
  -2.61837515422905491563645286892345273         2.89007453024394744632983752562271639E-0003
  -2.64806396324911930832665422828628876         2.31111132731044164700959712855794797E-0005
  -2.67772663694693310294798171194882603         3.98972615508788811444254403517624715E-0003
  -2.70736288256388220790753472609076216         1.42509255418664229836412515527203269E-0002
  -2.73697240760218702029902521468394015         2.94492448373972427695175251103433619E-0002
  -2.76655491982778926090132757947193293         4.75991263824667125337604221324018119E-0002
  -2.79611012727323620635403243292371691         6.63546427466505771114516409535579808E-0002
  -2.82563773824056229004379702308110736         8.33176969035519556606799316939122383E-0002
  -2.85513746130416804326125493136200199         9.63458557840906894910486695935319195E-0002
  -2.88460900531369634821449810018532258        0.103820435505962530179843141060858894      
  -2.91405207939690597451167513766714838        0.104841915271595605164501847612228689      
  -2.94346639296254237075206090975206821         9.93301511586687449907628870226184241E-0002
  -2.97285165570320568289204340137459740         8.80196792287620753872476532953485230E-0002
  -3.00220757759821597107984444021580133         7.23538985613387227980366994858108119E-0002
  -3.03153386891647559668044085919313883         5.42943747288296303819572019332434770E-0002
  -3.06083024021932875124008175410274134         3.60713954060074632244027787172468494E-0002
  -3.09009640236341809916800539517426352         1.99081383771647521490500603128749282E-0002
  -3.11933206650353850594144579729828943         7.75279185867963441125504984607688460E-0003
  -3.14853694409548782366878366219558074         1.05067025565648708600952118354992930E-0003
  -3.17771074689891470587473909291985012         5.82294964172645241167152810067183408E-0004
  -3.20685318698016342340082386018191390         6.38449175005982373212790510647292694E-0003
  -3.23596397671511565334386878167253189         1.77610163685793045980847447739293219E-0002
  -3.26504282879202921298531666772593040         3.33784043925492028293548265257743007E-0002
  -3.29408945621437371069412299445271366         5.14329481793791589058226440821122272E-0002
  -3.32310357230366308581653469129453252         6.98670319069117676471279836189837189E-0002
  -3.35208489070228500959672187349901886         8.66082854204137454410286808042169757E-0002
  -3.38103312537632711920321770824190339         9.98035415438682815671336341500790727E-0002
  -3.40994799061840005696737757026996568        0.108021383825806441742270530419717233      
  -3.43882920105045728697159991052003730        0.110401758852825620227320193205186556      
  -3.46767647162661166115685751798463567        0.106737999947594781085129413051734566      
  -3.49648951763594870715116878722905578         9.74847643408235310828895430268645369E-0002
  -3.52526805470533661005299389479213145         8.36938349990475226563416652397996030E-0002
  -3.55401179880223286043617011788960530         6.68875249859321272230036373349813878E-0002
  -3.58272046623748754087590357634689912         4.88857281741389271552511480558875690E-0002
  -3.61139377366814322332851111877726541         3.16068860790574132404224806567963562E-0002
  -3.64003143810023144973105557925363451         1.68649565419906611757173952996578336E-0002
  -3.66863317689156576822073987096500544         6.18383111949699818603203734354016601E-0003
  -3.69719870775453129740792002577593653         6.47777772250423235829546317988885470E-0004
  -3.72572774875887079117086399770724789         8.01830507306557273810426106813281587E-0004
  -3.75422001833446717647492148592881205         6.61021247373131874803793573606428951E-0003
  -3.78267523527412253675357985802092425         1.74745488293874521251913955313745682E-0002
  -3.81109311873633351342396212346019870         3.23074873426531347089947006054518158E-0002
  -3.83947338824806309814467447428526526         4.96520143452901392841261420514379212E-0002
  -3.86781576370750878845953282579109399         6.78327183059437241352783173106881646E-0002
  -3.89611996538686707950658970331447770         8.51228310133317096322833644562850983E-0002
  -3.92438571393509426450804437746854550         9.99101976993917912134379983757794589E-0002
  -3.95261273038066351679304999266106173        0.110846337921779492918548753750149793      
  -3.98080073613431822614213120283203703        0.116965240382714937247069902722567542      
  -4.00894945299182156227889416185893885        0.117762140921473247213677967727995629      
  -4.03705860313670223837194724913999206        0.113226835093259998988609408600826682      
  -4.06512790914299644744745527596814059        0.103830613449824530934835919760604841      
  -4.09315709397798594465052174529735355         9.04702322640203640867717530364386027E-0002
  -4.12114588100493224833163265358622738         7.43760552642421406633618038157181901E-0002
  -4.14909399398580693297270095315279173         5.69943223780589919265954951115032616E-0002
  -4.17700115708401798700582275882762477         3.98552285463203641756946742101117892E-0002
  -4.20486709486713220861669430296046171         2.44390558973226277923630763629970569E-0002
  -4.23269153230959361266374213470359889         1.20520359534515353829004162521944040E-0002
  -4.26047419479543782188338773702783641         3.72206415052450251555719405548915586E-0003
  -4.28821480812100241559150120957090029         1.22062758805915149305956174049128975E-0004
  -4.31591309849763320913099654600718597         1.52595615600453227938520219478226886E-0003
  -4.34356879255438643735568292738610032         7.79917123571504721020756170200136451E-0003
  -4.37118161734072681548091196143173682         1.84225858207369158922957090034222342E-0002
  -4.39875130032922145067224952314645908         3.25461687622501378209787667448676639E-0002
  -4.42627756941822957778435239263317981         4.90663867836531926776485179220106233E-0002
  -4.45376015293458809270344383767108654         6.67199328980196042926921907386179722E-0002
  -4.48119877963629285678825824448195310         8.41855296290394459119025907918359498E-0002
  -4.50859317871517574594606245095790781        0.100185480886001394817682421355309542      
  -4.53594307979957741792236017045437941        0.113579232722062066175687850811304484      
  -4.56324821295701577142514539657251691        0.123442349835989293279986293333459751      
  -4.59050830869685007074709053308043412        0.129125880939777686103068779766423038      
  -4.61772309797294070959183477859740495        0.130292911567825585208265650327842343      
  -4.64489231218630458785357759067121249        0.126931022477207268063668045719616180      
  -4.67201568318776607514248043363534523        0.119341229590072351271014411730439116      
  -4.69909294328060353489193705180201334        0.108105642181869281110998217464856724      
  -4.72612382522319138292758777423924958         9.40374334769066238803235338580572641E-0002
  -4.75310806223163765442202641715578900         7.81176998372846811380051591415473646E-0002
  -4.78004538798241705320347876979366341         6.14243550415516647805368467879169604E-0002
  -4.80693553661499945743131899218121305         4.50583630306688468047988705026933538E-0002
  -4.83377824273447385569613407807032549         3.00723849668502464298772634414973815E-0002
  -4.86057324141416768764714640127987388         1.74063585108786115916006772966804272E-0002
  -4.88732026819826156329515982337580841         7.83371092725786308178607613401025854E-0003
  -4.91401905910439933518480544749663844         1.92091562985204636516519669120721117E-0003
  -4.94066935062629349767572840702284102         2.02004585208192212390139537645137516E-0006
  -4.96727087973632588761847662601847904         2.16868386012917134210889410917994526E-0003
  -4.99382338388814366075722582576095570         8.27524464123830095275528849482754269E-0003
  -5.02032660101925051823810172053501558         1.79574334051995986187046942845390270E-0002
  -5.04678026955359315764873988601274665         3.06626410591552876866938074831158183E-0002
  -5.07318412840414292306185573229094353         4.56891162596239064907770756857417076E-0002
  -5.09953791697547262860298090583678023         6.22311677162094204530823447269963249E-0002
  -5.12584137516632853011015781254311625         7.94273457029760190912521804404050553E-0002
  -5.15209424337219741950127032767354304         9.64086716797122387212789079524187818E-0002
  -5.17829626248786881651282566506545399        0.112344244303416563917656810133133075      
  -5.20444717390999223252238934246540427        0.126481940346469617514768781116921945      
  -5.23054671953962948121551172473450147        0.138182411730722033906281204348847768      
  -5.25659464178480201090687027186005965        0.146945115625811393776844025691881658      
  -5.28259068356303323337448588176112839        0.152425665581393869471212832028250266      
  -5.30853458830388582411525411384486916        0.154444324018956360552605981677855541      
  -5.33442609995149396897966212077354635        0.152985941579233797108279296220977070      
  -5.36026496296709053219343931310960146        0.148192064741979559907633787838093353      
  -5.38605092233152912082401364215145859        0.140346264665005448118918589538414278      
  -5.41178372354780102080001541565248653        0.129853979071723937556131823089673715      
  -5.43746311264354697964268626209877825        0.117218303412225155740554406781770766      
  -5.46308883617356381111891173225086785        0.103013221217928887021666826362877270      
  -5.48866064122230579707670156975453171         8.78557349531115845162293906350761713E-0002
  -5.51417827540638086177529139140478790         7.23782595831206420191796734051701043E-0002
  -5.53964148687704149407363288530467257         5.72024856483073473738818976003025848E-0002
  -5.56505002432267039289287615249036063         4.29157221119079326246951811053577304E-0002
  -5.59040363697126081142052697299117566         3.00505070054845497543049529868761714E-0002
  -5.61570207459289157557628305675710868         1.90680405265276037201547065262805312E-0002
  -5.64094508750219675231211622702718103         1.03457638875483791663066713182105678E-0002
  -5.66613242656082994337197145975551437         4.16918904990621216291866339591964946E-0003
  -5.69126384317992318018949824650367953         7.27888401106250662274407723309579998E-0004
  -5.71633908932254039565551433622029968         1.15385947835661655462421035219243894E-0004
  -5.74135791750612544854042601766388789         2.33255681180305771465822658627857131E-0003
  -5.76632008080494467641059220062177364         7.29404161220895236132836764212067463E-0003
  -5.79122533285252395293162110991631612         1.48371165939743962002423708929004094E-0002
  -5.81607342784408022550582788849587758         2.47324273424241125129371664874875859E-0002
  -5.84086412053894750924555827936076956         3.66959905248143698865104976799042884E-0002
  -5.86559716626299731333879728300823148         5.04018902773127550696986254534725837E-0002
  -5.89027232091105347591843172749384216         6.54951389754593296988314869924118609E-0002
  -5.91488934094930138360172149976404680         8.16042312772713636565610228997950081E-0002
  -5.93944798341769155192195522495483460         9.83529906139351393826586562784317361E-0002
  -5.96394800593233754292992189789101024        0.115371384074426158457090493051616124      
  -5.98838916668790819629871981876014078        0.132305060669137931983999526602267880      
  -6.01277122446001415032154761126445822        0.148823445605807893552534852322468863      
  -6.03709393860758862924847855255732673        0.164626296450556046096128252733210013      
  -6.06135706907526247346480836373311092        0.179448693533232555138605873356458664      
  -6.08556037639573338907038743905020410        0.193064495013833142399385619072370693      
  -6.10970362169212939347640067062848609        0.205288335612210177617543508840293739      
  -6.13378656668036643369334098999201813        0.215976286645528838539911808439499439      
  -6.15780897367150015404143593316614845        0.225025323741140641893559118881382705      
  -6.18177060557407179007252937445316617        0.232371767830125751397762032501551459      
  -6.20567122589644816555039249560364281        0.237988875531313888748331862215042133      
  -6.22951059874915576939463848971258742        0.241883757790696786724570909043439732      
  -6.25328848884720888955184386838513766        0.244093801778476146284022661249528861      
  -6.27700466151243178081613496987193762        0.244682761770960638402314089073369227      
  -6.30065888267577484368038077606062274        0.243736671272248454570757415717809368      
  -6.32425091887962479135824185628097240        0.241359712133307248308106124024066760      
  -6.34778053728010878217665958245755024        0.237670157992025640278294887471894990      
  -6.37124750564939249459792911761976441        0.232796489961896897503562396533787008      
  -6.39465159237797212219028348032806731        0.226873762981394064428178205802682458      
  -6.41799256647696026592592364115450478        0.220040282300505401106393243827893868      
  -6.44127019758036570124566052171508031        0.212434631780620586865119525386068619      
  -6.46448425594736699738978834743496932        0.204193079434444724830494949697730217      
  -6.48763451246457996655548445558381364        0.195447371219002584069851339619496821      
  -6.51072073864831892050192778130224468        0.186322911684995475627180635878698913      
  -6.53374270664685171228544623532308964        0.176937319745874284560192512189781441      
  -6.55670018924264854086834144466090349        0.167399339540804717679184436675483005      
  -6.57959295985462449640659724631823127        0.157808080039530595848949637420097223      
  -6.60242079254037582408345529648419381        0.148252552534022193253394584452478070      
  -6.62518346199840988441783657406683708        0.138811472304609213148038805937113353      
  -6.64788074357036878803880080583582658        0.129553289336363932937183132506209297      
  -6.67051241324324668297966630693620612        0.120536412782404110387055949555653662      
  -6.69307824765160067260805979890437074        0.111809594710297868658234488005427900      
  -6.71557802407975534237102881927202766        0.103412440317840391995120338424955915      
  -6.73801152046400087359742775195053797         9.53760140694656506842791940964521936E-0002
  -6.76037851539478472266308166328764684         8.77235139056113662573779849528954081E-0002
  -6.78267878811889684388773940030343889         8.04709886553836113220908791819568084E-0002
  -6.80491211854164843459654816835160000         7.36280769001406737173474004123923494E-0002
  -6.82707828722904418084271542641684901         6.71987486762597219106470328288137434E-0002
  -6.84917707540994798235216978845160034         6.11820344749407757145015558797732051E-0002
  -6.87120826497824213531539006547991265         5.55727289213730080211556600431668790E-0002
  -6.89317163849497995171613999047350402         5.03620592396291474777901155037902805E-0002
  -6.91506697919053179395162489896808065         4.55383110947799642044930215613119331E-0002
  -6.93689407096672450356357505369925984         4.10874066261474310062644886145404748E-0002
  -6.95865269839897420296495775978607297         3.69934314340608623421476228522504121E-0002
  -6.98034264673841244911242627470385154         3.32391089559972685541000309146162803E-0002
  -7.00196370191400571814022712893825518         2.98062220738903488681583020545378129E-0002
  -7.02351565053466820003710819121768169         2.66759829463431317428236720991242310E-0002
  -7.04499827989136788251379698695926414         2.38293529757575201905736106260302280E-0002
  -7.06641137795922590327485175837168898         2.12473155223827962143291458174227174E-0002
  -7.08775473339960914997512588584420077         1.89111044881721097983780233513107589E-0002
  -7.10902813556221608720772891709712691         1.68023922370323067455772630307619850E-0002
  -7.13023137448715578993721391533981700         1.49034405183187710569513015168722053E-0002
  -7.15136424090702016285877048062911768         1.31972181401912204393499900296533178E-0002
  -7.17242652624894932523145495799246466         1.16674891202949149846983925805652760E-0002
  -7.19341802263669014080094335792300801         1.02988749430526013101821296423849277E-0002
  -7.21433852289264787249494771382556060         9.07689439360966355973827323666272335E-0003
  -7.23518782053993094164229231916261640         7.98798423409157887238472214724504307E-0003
  -7.25596570980438877153470185471014009         7.01950375216353721275005384918799198E-0003
  -7.27667198561664269521860816180272039         6.15972595675526688106598067732779494E-0003
  -7.29730644361410990747273566708008946         5.39781793112666149085546333923033691E-0003
  -7.31786888014302044099587654243576040         4.72381258730032297644048460638303219E-0003
  -7.33835909226042714689811491305576682         4.12857380473389405965298478492147036E-0003
  -7.35877687773620865965780412711624191         3.60375668493840184424332772734946185E-0003
  -7.37912203505506532677584159144026796         3.14176441626918024528957934729260149E-0003
  -7.39939436341850808342822127482069993         2.73570302191042494041636117366117283E-0003
  -7.41959366274684025248747399949579645         2.37933506078704062020886354888029641E-0003
  -7.43971973368113225035342939419780500         2.06703316662870326299608416034260046E-0003
  -7.45977237758518917910375018014924125         1.79373414490482489528280127644018996E-0003
  -7.47975139654751128554489861331982837         1.55489420056476157747169163234708407E-0003
  -7.49965659338324726781459571924276681         1.34644574078707807577657768115579681E-0003
  -7.51948777163614041025742573589504156         1.16475608531116912655846990639207816E-0003
  -7.53924473558046752736602022885979972         1.00658832124138387551705166044153803E-0003
  -7.55892729022297069765122796262001308         8.69064458199384551244153116620650146E-0004
  -7.57853524130478176837583710191959453         7.49630972010141850353120045796954080E-0004
  -7.59806839530333961215776497534637447         6.46026769378277030403299927975758785E-0004
  -7.61752655943430011652016675545768496         5.56253560901972452514309450000840143E-0004
  -7.63690954165343888753763728985164421         4.78548593987701973824537985152460474E-0004
  -7.65621715065854664879958924770947542         4.11359669546558512000295445703397164E-0004
  -7.67544919589131731698398501678405495         3.53322345631951310076696950968107256E-0004
  -7.69460548753922873540687868504656509         3.03239216371747044771924662166374949E-0004
  -7.71368583653741604698568725586230333         2.60061144705671221379935769270065418E-0004
  -7.73269005457053768812675626047046271         2.22870321709309862353266571947747766E-0004
  -7.75161795407463398512061342970346227         1.90865022914087538359015041792360630E-0004
  -7.77046934823897833470131434951189613         1.63345932355415845956558363157224836E-0004
  -7.78924405100792095049947533137920134         1.39703907523308265491358023263301870E-0004
  -7.80794187708272515719196035674713054         1.19409062456602258966245471379174350E-0004
  -7.82656264192339621422474017998095055         1.02001051493087704300451809063259796E-0004
  -7.84510616175050265105917177126063795         8.70804423098922425810841919542397752E-0005
  -7.86357225354699009596585452140540409         7.43010735679010524670425442834973396E-0005
  -7.88196073505998758046430528557869128         6.33632994702502606906087519025986326E-0005
  -7.90027142480260630158095668088428082         5.40080306638609337256406809038228962E-0005
  -7.91850414205573082417242134111161408         4.60114880005882120532510253241318893E-0005
  -7.93665870686980270563557833564436873         3.91805926113312042748198679640213101E-0005
  -7.95473494006659652540082594240537406         3.33489224421338393128880120331446722E-0005
  -7.97273266324098830167980668854589679         2.83731717902391458484295984432921433E-0005
  -7.99065169876271627801404529755642379         2.41300564149902131882160644883567479E-0005
  -8.00849186977813406224624716602960764         2.05136124548972755057130632612404540E-0005
  -8.02625300021195610061148349419483015         1.74328426431540675034127195992134462E-0005
  -8.04393491476899546972113846662516918         1.48096681752111307936359102104945716E-0005
  -8.06153743893589396928831317656410335         1.25771490479399201421157265769296972E-0005
  -8.07906039898284449851936956082464591         1.06779397711063040885724362770189232E-0005
  -8.09650362196530569917245471220183073         9.06295106371116309704973408769997862E-0006
  -8.11386693572570884836017081117024088         7.69019150899349833453602650047609857E-0006
  -8.13115016889515698425004781501611539         6.52376617348143618078079888717754116E-0006
  -8.14835315089511624789313420553443265         5.53301191966095246389416062860935434E-0006
  -8.16547571193909942448784476941979087         4.69175158140845007528458646151899892E-0006
  -8.18251768303434166746319281027776948         3.97765134908046232895385032939054717E-0006
  -8.19947889598346838884268660793546349         3.37166764939328915313016545846675088E-0006
  -8.21635918338615529942748558797345927         2.85757152549501960572363532576402642E-0006
  -8.23315837864078058241488977906190406         2.42154004545250660027412046983433265E-0006
  -8.24987631594606918414587595308321859         2.05180561209185455665771801685523027E-0006
  -8.26651283030272920575319459688942900         1.73835523181700913833864622350490402E-0006
  -8.28306775751508037955950278701126011         1.47267284144235128692632044604889027E-0006
  -8.29954093419267461415312836026611306         1.24751870563856422325408247267043549E-0006
  -8.31593219775190859214733972298670330         1.05674069742428841546788837306066643E-0006
  -8.33224138641762840470743244693013824         8.95112973089326654365209117522198631E-0007
  -8.34846833922472620700853768668849680         7.58198162647649295310394870027466481E-0007
  -8.36461289601972887886580764591712604         6.42229727885978863192960830585368300E-0007
  -8.38067489746237867485753904069287766         5.44011601722728156624844291013231552E-0007
  -8.39665418502720584834085597904388902         4.60832623357096607461904081952422880E-0007
  -8.41255060100509323383878811586054759         3.90393631090424115237132544348659095E-0007
  -8.42836398850483277235694757018892323         3.30745375426969243019866030778659343E-0007
  -8.44409419145467396426752812399746542         2.80235675034243676466054646794975511E-0007
  -8.45974105460386423447802187306371882         2.37464462600676299519464879367648671E-0007
  -8.47530442352418119468187098532401607         2.01245561187194675618990143297850541E-0007
  -8.49078414461145678756824475204904496         1.70574198389169619745178082014534484E-0007
  -8.50618006508709329794825390325599019         1.44599409068338015826476855451040007E-0007
  -8.52149203299957121583518441007345551         1.22600600699786397088356126304183999E-0007
  -8.53671989722594893659675092110374022         1.03967661232213430681899735908729828E-0007
  -8.55186350747335428337793478348601421         8.81840801573950667000952683311816385E-0008
  -8.56692271428046783707368248721103119         7.48126312963125352870913798153332984E-0008
  -8.58189736901899805921159654668988269         6.34832324331399091873573209015485692E-0008
  -8.59678732389514819318575149861747103         5.38826539246411799964397445801031790E-0008
  -8.61159243195107492936391205035274714         4.57457971333701179237442695999803500E-0008
  -8.62631254706633881967171765749954548         3.88483051478954303167232467017348097E-0008
  -8.64094752395934642733882714084241096         3.30003037724109675201235634230468313E-0008
  -8.65549721818878419757358756759607223         2.80411010631995364987865278264244218E-0008
  -8.66996148615504403501450271499634075         2.38346995115920425554158658941595971E-0008
  -8.68434018510164057388862719913876030         2.02659969687289627291564261314481494E-0008
  -8.69863317311662012688900198082499951         1.72375711323045887130041224948367002E-0008
  -8.71284030913396129886537464380171840         1.46669583467729138363348190101527450E-0008
  -8.72696145293496725150471276860476981         1.24843510156014403910682928958601487E-0008
  -8.74099646514964960526042008533208201         1.06306494379237710174391257052150994E-0008
  -8.75494520725810396487170206779281639         9.05581366276459133070876170439099263E-0009
  -8.76880754159187705489719941501190031         7.71746925886974348944060974219816068E-0009
  -8.78258333133532545176981363807084735         6.57972794671514875667945271549731117E-0009
  -8.79627244052696589896258791347786626         5.61219001907622947748800103265695343E-0009
  -8.80987473406081719193857766010946226         4.78910054769491352000833347702555041E-0009
  -8.82339007768773361964084812537106726         4.08863567259361812541726316488931793E-0009
  -8.83681833801672994936206980640818887         3.49229891378262047330722466130342588E-0009
  -8.85015938251629794191664596149299886         2.98441053155333563305904880456522208E-0009
  -8.86341307951571438412189896136448417         2.55167557555523718513395356279835962E-0009
  -8.87657929820634062567856296528859728         2.18281847612882617483274336414010747E-0009
  -8.88965790864291360762467855563865784         1.86827390487041560749563025855407154E-0009
  -8.90264878174482836962095970032819179         1.59992521692883307048076329382380890E-0009
  -8.91555178929741202340980390566156305         1.37088312906106222709672454954345349E-0009
  -8.92836680395318917987434184306443695         1.17529842233436943264003836528809140E-0009
  -8.94109369923313881720827225044521076         1.00820341822843332034609835472531801E-0009
  -8.95373234952794257779170069012458073         8.65377788621589353321863331704873163E-0010
  -8.96628263009922448145279595664090836         7.43234946509273214839969529091067657E-0010
  -8.97874441708078204287979473437368777         6.38725844594167480287088122800670122E-0010
  -8.99111758747980878103272267070521907         5.49257499450372318950923687818960893E-0010
  -9.00340201917810810848915751804932539         4.72623973638535492774827189351233150E-0010
  -9.01559759093329858874343656901931333         4.06947898652092440533884176399797329E-0010
  -9.02770418238001054956390542361395939         3.50630917822841588626083695557871748E-0010
  -9.03972167403107404059811734473195084         3.02311678697249613364654326752105359E-0010
  -9.05164994727869812350132123658426936         2.60830216010516194543112059749879040E-0010
  -9.06348888439564148294912077651353432         2.25197745235949338576380007701149140E-0010
  -9.07523836853637434698084660005914198         1.94571037848007763115704514082339153E-0010
  -9.08689828373823170520595683640407999         1.68230677199239303549108983581967576E-0010
  -9.09846851492255781349166787005471437         1.45562601901173875204966436839567634E-0010
  -9.10994894789584197383601611707259779         1.26042434882306307404433493001547106E-0010
  -9.12133946935084557821666200162316765         1.09222173462964039345201320053697994E-0010
  -9.13263996686772040529196835115493951         9.47188810258439151018455622724866491E-0011
  -9.14385032891511815891721624520798702         8.22050760215790227227221216809251739E-0011
  -9.15497044485129123752526110162145985         7.14005606931783884094934434054567023E-0011
  -9.16600020492518472350747961164156702         6.20654713514003521339881517115852094E-0011
  -9.17693950027751958181751318793151121         5.39943654000144459106349004619072397E-0011
  -9.18778822294186705710707501150286216         4.70111885373131773983966747847047015E-0011
  -9.19854626584571425878995469882388948         4.09649894437592243325281203988945395E-0011
  -9.20921352281152092351732620147245024         3.57262694773794358690403784086034833E-0011
  -9.21978988855776734463453993931508238         3.11838720061994959458992146515104496E-0011
  -9.23027525869999345827675849491062704         2.72423304902916924082178444543967016E-0011
  -9.24066952975182907584807560124150005         2.38196066901044748100007352090715842E-0011
  -9.25097259912601525271613977554600686         2.08451607650292631290336944606903951E-0011
  -9.26118436513541678304178592653966149         1.82583038259326850174230755916033066E-0011
  -9.27130472699402581075075972726058555         1.60067909621106173877261211626923145E-0011
  -9.28133358481795654674229963675990120         1.40456190834157309420557245746705931E-0011
  -9.29127083962643108251711930551559921         1.23359992768100424757418980587729001E-0011
  -9.30111639334275629049520784544571397         1.08444779209291867642390864964704965E-0011
  -9.31087014879529180138183621844537496         9.54218465723470587270493843610339167E-0012
  -9.32053200971840904902822392923655120         8.40418858752317669849863285787918213E-0012
  -9.33010188075344137332148042982384572         7.40894684422480348217723708636421868E-0012
  -9.33957966744962517172668928388862065         6.53783203757209978869506714234378339E-0012
  -9.34896527626503209019234932899937123         5.77472708624080839708560256122969891E-0012
  -9.35825861456749224421882494062741381         5.10567763952620282026033693673115602E-0012
  -9.36745959063550846097798617178728742         4.51859374528114354780736104984505734E-0012
  -9.37656811365916153346083814192908772         4.00299364745117637737765011680251970E-0012
  -9.38558409374100647771864670386477814         3.54978364290507105858891784895026336E-0012
  -9.39450744189695978435186325250436326         3.15106881716604657487869023061483626E-0012
  -9.40333807005717765549003467763085223         2.79999023614388990166350418361077122E-0012
  -9.41207589106692521859485402761516390         2.49058481600424779399692634868492841E-0012
  -9.42072081868743670850756256376942425         2.21766464280264585687839923859648020E-0012
  -9.42927276759676660925105366702155920         1.97671298179935975287178775408898849E-0012
  -9.43773165339063174718625262999223287         1.76379461562190256404768249698532405E-0012
  -9.44609739258324432721165284776599124         1.57547849097572085017370014975440647E-0012
  -9.45436990260813590378427742825358119         1.40877094418032440843837691788554893E-0012
  -9.46254910181897227862980489581270878         1.26105802386424379180223009672342535E-0012
  -9.47063490949035931709914757670128408         1.13005564100362351848655475203498169E-0012
  -9.47862724581863967521840054815836486         1.01376645750139380728732040599197336E-0012
  -9.48652603192268042956878681983907005         9.10442579236604338486965240267504860E-0013
  -9.49433118984465160222300981159084068         8.18553251843095752212415405483853398E-0013
  -9.50204264255079557305428630900386965         7.36756870699930975194783067743144792E-0013
  -9.50966031393218737182427103089588641         6.63876713537605188813776544696458468E-0013
  -9.51718412880548584254609684324888768         5.98879887071015018735494666895233197E-0013
  -9.52461401291367567270884161371252647         5.40859050194808059943934879575184716E-0013
  -9.53194989292680028003989283050313563         4.89016537250048407913851403784671724E-0013
  -9.53919169644268554957191351951529581         4.42650557168059550639153534929801091E-0013
  -9.54633935198765441387141679316648718         4.01143189175107045193341172413362208E-0013
  -9.55339278901723226937633066265297562         3.63949934272415823969578125504379087E-0013
  -9.56035193791684322188037864994877512         3.30590614804563545419929604584202479E-0013
  -9.56721673000249715429261435438426622         3.00641442876221149630054469588408819E-0013
  -9.57398709752146760989102856767423370         2.73728102839101154219502336769408177E-0013
  -9.58066297365296048437979489683384940         2.49519714117229425355362049201742031E-0013
  -9.58724429250877352015043325187312256         2.27723558755892932829396339887327625E-0013
  -9.59373098913394659623794908919035010         2.08080473683883253432979135531963523E-0013
  -9.60012299950740280755384907624626645         1.90360821125829802495155165067056574E-0013
  -9.60642026054258032706883996181089518         1.74360962196044182644730291445082356E-0013
  -9.61262271008805504470898600162808619         1.59900168708118164824440731912475111E-0013
  -9.61873028692815397682013040391545661         1.46817916868873133147296571840062275E-0013
  -9.62474293078355944014647702427915706         1.34971513982544007877641697059943202E-0013
  -9.63066058231190398436037905634479963         1.24234015735394252278440502172360451E-0013
  -9.63648318310835607727159083306903968         1.14492397203063179806693453800306230E-0013
  -9.64221067570619653693550617410102520         1.05645945543646570503141622168589716E-0013
  -9.64784300357738570497123108593775476         9.76048465125332497086962800451111092E-0014
  -9.65338011113312135549171914262748492         9.02889405494713950607700274123282332E-0014
  -9.65882194372438733413963364353199934         8.36266273208062463748122074643780993E-0014
  -9.66416844764249292181409075872747574         7.75539003161751059710465421577718811E-0014
  -9.66941957011960291776498142903463474         7.20134954558292575840790903642648201E-0014
  -9.67457525932925843682316588292361392         6.69541397109517885242775364026253338E-0014
  -9.67963546438688841562648236262130502         6.23298875168637739712863791345040621E-0014
  -9.68460013535031182279321011213247657         5.80995343040576201465488159726380040E-0014
  -9.68946922322023056808637496554425785         5.42260978157743952739875507486177644E-0014
  -9.69424267994071310570408307939774535         5.06763590502726662222358829757916575E-0014
  -9.69892045839966872692291357207940812         4.74204556842542519580362506161217851E-0014
  -9.70350251242931253741329315963336122         4.44315217211810450283345202905338066E-0014
  -9.70798879680662111463771440418314430         4.16853678817714306038755861901762944E-0014
  -9.71237926725377884083464301088250046         3.91601979287900312020948129714632570E-0014
  -9.71667388043861490718298781414528809         3.68363567073016058446834903847028566E-0014
  -9.72087259397503098483407877555428073         3.46961061960654392433527086792644029E-0014
  -9.72497536642341955859021256560637032         3.27234263154125444464166813341109653E-0014
  -9.72898215729107291910098121018769022         3.09038376301885368903883770886964497E-0014
  -9.73289292703258280954079594084429205         2.92242434304536911970937103790236788E-0014
  -9.73670763705023072282325488557882199         2.76727889739342766067380859773574298E-0014
  -9.74042624969436884550027866372394739         2.62387359382053110127211530359920515E-0014
  -9.74404872826379164458625139369796140         2.49123503620208551487929847608228978E-0014
  -9.74757503700609809363975517504056225         2.36848025582348861644040888782458164E-0014
  -9.75100514111804453452787285459460432         2.25480776589732801057281261202485342E-0014
  -9.75433900674588817139045591922281846         2.14948956102563255558053589640725644E-0014
  -9.75757660098572119341421076185877236         2.05186395708561238157838119771932677E-0014
  -9.76071789188379552311894643148149203         1.96132917911767142494519028735751635E-0014
  -9.76376284843683818695084938793548878         1.87733761544338828555739701726083764E-0014
  -9.76671144059235730507020482623355830         1.79939066561883984368351226036570233E-0014
  -9.76956363924893869731356889860767082         1.72703411809227588862479110654667863E-0014
  -9.77231941625653310240301073233929386         1.65985400072193647642386335120243308E-0014
  -9.77497874441673400756768660323615183         1.59747285373955216357878866909225253E-0014
  -9.77754159748304608583568006417407913         1.53954638042248174916529176727083356E-0014
  -9.78000795016114423834674033076085875         1.48576043575407244510352899028089767E-0014
  -9.78237777810912323912927587700651840         1.43582831778777393168087951234133276E-0014
  -9.78465105793773797987771007774704890         1.38948833035592839859283147187726776E-0014
  -9.78682776721063431235907993606169589         1.34650158924043061432635150603329960E-0014
  -9.78890788444457048617055653740410351         1.30665004700346533782213752105312924E-0014
  -9.79089138910962917966238596175969170         1.26973471440953462878345567162962368E-0014
  -9.79277826162942012193359104474903089         1.23557405879646773648053414575902034E-0014
  -9.79456848338127330390063669190971265         1.20400256190950887026298210930863438E-0014
  -9.79626203669642277653214350089410584         1.17486942163095344492248641151224672E-0014
  -9.79785890486018103443563531730868516         1.14803738374635992440100863172087457E-0014
  -9.79935907211210398307522512449863321         1.12338169141195393557572636813818541E-0014
  -9.80076252364614648799207942867803508         1.10078914134838205112384768701512429E-0014
  -9.80206924561080850449245313118293523         1.08015723700281883601221748712706651E-0014
  -9.80327922510927178636105386188477804         1.06139343001169623221432462305629479E-0014
  -9.80439245019952717225047596439857994         1.04441444227516566847844045773466587E-0014
  -9.80540890989449244849043885696668985         1.02914566183526805696946956962088256E-0014
  -9.80632859416212078715357142497658421         1.01552060654463193341994690822368981E-0014
  -9.80715149392549975830750251403889953         1.00348045023200347541109515178003935E-0014
  -9.80787760106294091547604656835583769         9.92973606724562608685187012842957038E-0015
  -9.80850690840805995342531207959146039         9.83955367683345841924091531372079010E-0015
  -9.80903940974984743748360785836092974         9.76387590754881102640478233079118259E-0015
  -9.80947509983273010369707729544537610         9.70238435046316688190741302819293742E-0015
  -9.80981397435662272921605282449625126         9.65482141399247362991491075703887416E-0015
  -9.81005602997697057240019081383274653         9.62098855374930935252360857047303977E-0015
  -9.81020126430478238222352018341447562         9.60074491276033815613162258877382277E-0015
  -9.81024967590665397665361524559550042         9.59400635922469116504913355919758123E-0015
