   9.81024967590665397665361524559557438         5.06844800428577082649045979526791031E-0009
   9.81020126430478238599785193480758503         5.07142737411217888127596835946823338E-0009
   9.81005602997697057994881706548826813         5.08037573825262379880193292630195103E-0009
   9.80981397435662274053889907452058163         5.09532391798036544620985931268596448E-0009
   9.80947509983273011879403179191724706         5.11632347348481272188248043528264781E-0009
   9.80903940974984745635452160043434837         5.14344699250021646611682941169869107E-0009
   9.80850690840805997606999881896628908         5.17678849745617381865481636506468391E-0009
   9.80787760106294094189428281111598639         5.21646397425515772355027913368079626E-0009
   9.80715149392549978849902752285812723         5.26261202671975411541870019813938261E-0009
   9.80632859416212082111808722169186334         5.31539466172822791052927152497642034E-0009
   9.80540890989449248622761022551913984         5.37499821108086494090262255357232789E-0009
   9.80439245019952721375993045414190364         5.44163439722120650873221798727605004E-0009
   9.80327922510927183164238179126120869         5.51554155108641462433906007092299438E-0009
   9.80206924561080855354520759176662008         5.59698599159096189665768620588127820E-0009
   9.80076252364614654081577628958584481         5.68626357756991954462200773560489030E-0009
   9.79935907211210403966934303716834176         5.78370144443565926373934669765432292E-0009
   9.79785890486018109479961572064446291         5.88965993934933622624808479917796380E-0009
   9.79626203669642284066539062677929835         6.00453477039200802890091652872571099E-0009
   9.79456848338127337180251757108682500         6.12875938705716563592911863191642628E-0009
   9.79277826162942019360343551306688357         6.26280761139608727440878736737746344E-0009
   9.79089138910962925509948666678767112         6.40719654135107169371818261674186461E-0009
   9.78890788444457056537416894541343767         6.56248975023283810247856011645471190E-0009
   9.78682776721063439532842233937371380         6.72930080896334061617142590358876724E-0009
   9.78465105793773806661196360244830489         6.90829716064297395109682292002358643E-0009
   9.78237777810912332962758449103075997         7.10020438024394165140564270231867703E-0009
   9.78000795016114433260821085233771140         7.30581085581538164358106505900005256E-0009
   9.77754159748304618385938217064438832         7.52597293155078258562035982234627963E-0009
   9.77497874441673410935265284023389705         7.76162055745900000613127059136806850E-0009
   9.77231941625653320794823652333996881         8.01376349524672630397711871677846504E-0009
   9.76956363924893880661801255484304927         8.28349813541837360136535593823112935E-0009
   9.76671144059235741813278755697274420         8.57201498659136799482634104155386080E-0009
   9.76376284843683830377045531113213956         8.88060690468060471561091117376670511E-0009
   9.76071789188379564369442258478712724         9.21067813700337476382501043370273386E-0009
   9.75757660098572131774436711400205063         9.56375426458290074683321565631206728E-0009
   9.75433900674588829947406538175465795         9.94149313508269233866790079629799171E-0009
   9.75100514111804466636367129399905575         1.03456968889950662398801648946004031E-0008
   9.74757503700609822922644142521129279         1.07783251930585048911611884530459676E-0008
   9.74404872826379178392248726878023995         1.12415098075281706818063830561432730E-0008
   9.74042624969436898858468897132200193         1.17375706280268320488996779922001337E-0008
   9.73670763705023086965442744032843184         1.22690333584336655961119439770768662E-0008
   9.73289292703258296011728157835048243         1.28386489888212244290649761585229326E-0008
   9.72898215729107307342129380132740605         1.34494152720457362357688263481709811E-0008
   9.72497536642341971665282903119596579         1.41046004144793690019051882608821337E-0008
   9.72087259397503114663743910138170138         1.48077692208222945111175200097420452E-0008
   9.71667388043861507272549506636677912         1.55628119602588514874410930488584309E-0008
   9.71237926725377901011466335178369324         1.63739762517762504460214877220338958E-0008
   9.70798879680662128765357710830438706         1.72459023006402372468419219055588029E-0008
   9.70350251242931271416329063025908907         1.81836618562634760480738858928667386E-0008
   9.69892045839966890740530135809145061         1.91928013045083423730980515856461780E-0008
   9.69424267994071328991707989249233898         2.02793893553983700014292495619238302E-0008
   9.68946922322023075602816269781265416         2.14500698409046902620196101667198245E-0008
   9.68460013535031201446193385400492693         2.27121201976383523839404953096204790E-0008
   9.67963546438688861102025042117427276         2.40735162767196255471356890231551196E-0008
   9.67457525932925863594004980055001655         2.55430041987163985528610162970813574E-0008
   9.66941957011960312060301600247694060         2.71301800563658474419994105187140352E-0008
   9.66416844764249312837127405847347487         2.88455783629668426800802420038903853E-0008
   9.65882194372438754441392703357303276         3.07007702511521157035606589646847483E-0008
   9.65338011113312156948104730057895525         3.27084725466818098776111137872328286E-0008
   9.64784300357738592267348202352173167         3.48826689765938271131756632043541446E-0008
   9.64221067570619675834853125799071001         3.72387449223631005374302877092956169E-0008
   9.63648318310835630239320480609490728         3.97936372987624491449400890720130085E-0008
   9.63066058231190421318836005906220967         4.25660013302530847927087303004567110E-0008
   9.62474293078355967267856661689720648         4.55763962116395882214540879997691319E-0008
   9.61873028692815421305403358858686697         4.88474918814237975871425781241072389E-0008
   9.61262271008805528464237124509991015         5.24042994081961517394658140279539324E-0008
   9.60642026054258057069933921843580633         5.62744277963640400780075568844993158E-0008
   9.60012299950740305487905781135421531         6.04883703618853511073237828619821552E-0008
   9.59373098913394684725542630282034435         6.50798242163656050586309041145607292E-0008
   9.58724429250877377485770150286492049         7.00860468344393042808301169830894576E-0008
   9.58066297365296074277434032727929679         7.55482541710604447772366307625715783E-0008
   9.57398709752146787197030092772802866         8.15120653492567129601734523114366612E-0008
   9.56721673000249742005402702743390215         8.80279995630590133819048514296219772E-0008
   9.56035193791684349132130867814338925         9.51520315437435356252866811241271469E-0008
   9.55339278901723254249411877279089352         1.02946212730432131625971474864276862E-0007
   9.54633935198765469066336742294117358         1.11479366180029013982608439692598362E-0007
   9.53919169644268583003529484411946675         1.20827864259466578030476926323415429E-0007
   9.53194989292680056417193678959076235         1.31076499300021763193275192255646008E-0007
   9.52461401291367596050674393871848136         1.42319458675689527680207986133716572E-0007
   9.51718412880548613400701708506593812         1.54661417214062948082969611296286783E-0007
   9.50966031393218766694533258790877601         1.68218761480108421901749488032152393E-0007
   9.50204264255079587183257645548022500         1.83120962314628567158496575873662824E-0007
   9.49433118984465190465557972642859086         1.99512114087168207901966749802897479E-0007
   9.48652603192268073565265161567012468         2.17552661468236306688608711063389217E-0007
   9.47862724581863998495053930080824248         2.37421337172535304243055120445690070E-0007
   9.47063490949035963047650335500442284         2.59317337112409850776612562505351719E-0007
   9.46254910181897259564928479178312969         2.83462762772970997322294163821722570E-0007
   9.45436990260813622444275258761065433         3.10105364426998504014338458885138441E-0007
   9.44609739258324465150595850081495672         3.39521623104823930132628840053230871E-0007
   9.43773165339063207511318812285920230         3.72020214085175390114074877231516530E-0007
   9.42927276759676694080738249324267873         4.07945900148719122717744873420711648E-0007
   9.42072081868743704369001239623388178         4.47683909017141637242686244368289012E-0007
   9.41207589106692555740011675086174619         4.91664856377665786260263054562107834E-0007
   9.40333807005717799791476642049769599         5.40370283767941086105382750313938856E-0007
   9.39450744189696013039268442113162441         5.94338889484228874909850875459282856E-0007
   9.38558409374100682737214201504985105         6.54173540706105586933491032079446701E-0007
   9.37656811365916188672355665683407854         7.20549166349129827462346235078654787E-0007
   9.36745959063550881784644132999838568         7.94221642926821359438545557781169046E-0007
   9.35825861456749260468949459456582940         8.76037800108980691142357986706935836E-0007
   9.34896527626503245426167577868351938         9.66946688911689021160806131426383663E-0007
   9.33957966744962553939107931204717133         1.06801227377755740781032154692262715E-0006
   9.33010188075344174457730533735934465         1.18042773046363409005615381950782405E-0006
   9.32053200971840942387181957103919651         1.30553155494121324591717836852073421E-0006
   9.31087014879529217980950303955666597         1.44482571475431803733742767325451276E-0006
   9.30111639334275667250321091757155768         1.59999610384887119403562529958226280E-0006
   9.29127083962643146810168836388854159         1.77293559518324401174184291919838850E-0006
   9.28133358481795693589962911735012448         1.96577002292225054161102174634915440E-0006
   9.27130472699402620347700880433528611         2.18088746821380444131402717562908103E-0006
   9.26118436513541717933307855057044794         2.42097127002303909496910155728844732E-0006
   9.25097259912601565256856471146395005         2.68903723589122297037018110724215014E-0006
   9.24066952975182947925768646703943446         2.98847558750746769150339586809992378E-0006
   9.23027525869999386523957380059235673         3.32309824342124878252642181896557610E-0006
   9.21978988855776775514654312619107568         3.69719211696233389128383584377238224E-0006
   9.20921352281152133757446568180165333         4.11557919244751989312752190048236970E-0006
   9.19854626584571467638814389580125976         4.58368423812186604883975940047517640E-0006
   9.18778822294186747824219239959223628         5.10761112120233230310168956450224462E-0006
   9.17693950027752000648540233354339178         5.69422881018572404911587062483753164E-0006
   9.16600020492518515170394921415545040         6.35126828370846204989873645384928789E-0006
   9.15497044485129166924608503475227846         7.08743171530785858383951337099891064E-0006
   9.14385032891511859415813359871626833         7.91251547119661496956596575727050835E-0006
   9.13263996686772084404868347290026915         8.83754864555739471172182485466101083E-0006
   9.12133946935084602048484453996054650         9.87494906700718670653633960504119966E-0006
   9.10994894789584241961130106359126186         1.10386989430789737632080216574746646E-0005
   9.09846851492255826276965560265900440         1.23445425693314590707820629657171276E-0005
   9.08689828373823215798221316273593715         1.38102088187498128209891244955082925E-0005
   9.07523836853637480325090280126179360         1.54556614483865674740803921436422319E-0005
   9.06348888439564194270847365133594911         1.73033806168848613957775844736280156E-0005
   9.05164994727869858674543314582593048         1.93786794020310890506242964460918513E-0005
   9.03972167403107450732241625602753109         2.17100595454381256536668021624534996E-0005
   9.02770418238001101976378495655742376         2.43296111357301034377898265972568703E-0005
   9.01559759093329906241425604062704222         2.72734614762717269154485286004236762E-0005
   9.00340201917810858562624198856178248         3.05822789728503408066481937874118990E-0005
   8.99111758747980926163136298972671075         3.43018385252493030944657838050884729E-0005
   8.97874441708078252693524758734978894         3.84836556189660010207601230059272058E-0005
   8.96628263009922496896028391167305077         4.31856970941486188702720939867066456E-0005
   8.95373234952794306874641224512138324         4.84731774229169832786408955757157744E-0005
   8.94109369923313931160536188061006160         5.44194502583259471491490495886664476E-0005
   8.92836680395318967770893004871886407         6.11070060329278702752954502409261652E-0005
   8.91555178929741252467697726040393368         6.86285874865501850128661263691998607E-0005
   8.90264878174482887431577089952723555         7.70884361954898108083259753660446635E-0005
   8.88965790864291411574214646526137911         8.66036844622367821515781999627371296E-0005
   8.87657929820634113721367267106204833         9.73059083086967320217362916941137410E-0005
   8.86341307951571489906960181827094753         1.09342858798281188198008199790302447E-0004
   8.85015938251629846027185964359807512         1.22880390493450008827161975539655597E-0004
   8.83681833801673047111967835702130167         1.38104607533928942339109599056552013E-0004
   8.82339007768773414479570200753788749         1.55224249593425788437123098778292402E-0004
   8.80987473406081772048549380743576489         1.74473341833236284540208923833400002E-0004
   8.79627244052696643089634978128430199         1.96114134910604332582886727674914864E-0004
   8.78258333133532598708517125487812674         2.20440363105343986676369027800842299E-0004
   8.76880754159187759358886943435589900         2.47780850682941165363216746659680008E-0004
   8.75494520725810450693436782036906671         2.78503498693887929634755394804644485E-0004
   8.74099646514965015068873163146916106         3.13019686489107444684313505107831648E-0004
   8.72696145293496780029328695106603083         3.51789124274774383149164756096535737E-0004
   8.71284030913396185100879514091489248         3.95325194993356505827325121272956814E-0004
   8.69863317311662068238181935993909596         4.44200825648831806926191272258915317E-0004
   8.68434018510164113272535897040776967         4.99054929829847374987550054113759872E-0004
   8.66996148615504459718963338548919800         5.60599464550349192872232193378294717E-0004
   8.65549721818878476308156869573233942         6.29627145534956655284727059649552122E-0004
   8.64094752395934699617407739115316469         7.07019865623376375022069580528621847E-0004
   8.62631254706633939182862285571289449         7.93757860935463201697912901414015703E-0004
   8.61159243195107550483682523880347161         8.90929668689319987996659393849220187E-0004
   8.59678732389514877196899299198021349         9.99742918942880412829301558097340533E-0004
   8.58189736901899864129945398803535277         1.12153599985768848692112576613978484E-0003
   8.56692271428046842246041090438465734         1.25779063216282399457059328872189648E-0003
   8.55186350747335487205775664580850141         1.41014538310453043032821460388051920E-0003
   8.53671989722594952856385619639296847         1.58041014305628218074890982244801134E-0003
   8.52149203299957181108373062198714260         1.77058157886330970274944082278245508E-0003
   8.50618006508709389647236618895458736         1.98285956660888839234578441275574285E-0003
   8.49078414461145738936201592017824912         2.21966459249697008993091609771198698E-0003
   8.47530442352418179973936157431637472         2.48365609360458095175963154221752586E-0003
   8.45974105460386484279326020975870670         2.77775169000554801920610639702671429E-0003
   8.44409419145467457583451038257949529         3.10514723582615771110884214298735495E-0003
   8.42836398850483338716963783144268664         3.46933758877398251853389840038396638E-0003
   8.41255060100509385189111842674308494         3.87413796519000068515127200099598712E-0003
   8.39665418502720646962672641257285565         4.32370571032277192935816370051782046E-0003
   8.38067489746237929937081775615034355         4.82256227093925168830463889770747454E-0003
   8.36461289601972950660033094936838521         5.37561510922684104689630278226513879E-0003
   8.34846833922472683795811009181522087         5.98817924290855334937907916313840757E-0003
   8.33224138641762903886582673617733634         6.66599803635645569698694609058614110E-0003
   8.31593219775190922950829700902283977         7.41526280110515205273064587475434429E-0003
   8.29954093419267525471035814775580360         8.24263069150952286378440913662258795E-0003
   8.28306775751508102330668303469991917         9.15524030247721460700995468417333333E-0003
   8.26651283030272985268397177999926163         1.01607242915341011502373090557292022E-0002
   8.24987631594606983425386512601994783         1.12672182574653179473817335355092916E-0002
   8.23315837864078123569367463843160398         1.24833650131898675281087779358408630E-0002
   8.21635918338615595587061853590888487         1.38183132924516176251415260560439566E-0002
   8.19947889598346904844368881573123359         1.52817098297738026887312423407728114E-0002
   8.18251768303434233021555428233378770         1.68836836527590635834748505323949407E-0002
   8.16547571193910009038502440749228233         1.86348213275051773482099706400184121E-0002
   8.14835315089511691692855987329393537         2.05461318044314410941804656201487280E-0002
   8.13115016889515765641711640291181940         2.26289994265035922759031503894665558E-0002
   8.11386693572570952365224830160000313         2.48951235886275472026597794902938203E-0002
   8.09650362196530637758287624498726669         2.73564434803998048286656046411164464E-0002
   8.07906039898284518004143949899059034         3.00250463096484030455433579862459817E-0002
   8.06153743893589465391530517242185818         3.29130573971222091709932226231851099E-0002
   8.04393491476899615744629552815883259         3.60325105597827195422009814074610601E-0002
   8.02625300021195679142801805175008137         3.93951972685264058957718177225672675E-0002
   8.00849186977813475614734113930428505         4.30124931834678599292219337343162272E-0002
   7.99065169876271697499285016289221362         4.68951608442417382692502742117030261E-0002
   7.97273266324098900172944354652050546         5.10531275325375399705009130827268514E-0002
   7.95473494006659722851438558572448382         5.54952376377859499254316980126742325E-0002
   7.93665870686980341180612131733273027         6.02289792529659995910698948557459972E-0002
   7.91850414205573153339297804300257664         6.52601852138732847449072441451301763E-0002
   7.90027142480260701384452738240712114         7.05927093790710014586481840864119042E-0002
   7.88196073505998829576386023284301877         7.62280796351149235426831377828024358E-0002
   7.86357225354699081429433399658200363         8.21651299067695663266690913589569026E-0002
   7.84510616175050337240948616225802919         8.83996143568140881473435036144211851E-0002
   7.82656264192339693858977005041699658         9.49238079737763716186583677457322719E-0002
   7.80794187708272588456455651621500343        0.101726098864061410315645095792277423      
   7.78924405100792168087245890600700496        0.108790578778689100942913010473507236      
   7.77046934823897906806747685281525068        0.116096639700418211028824487971381098      
   7.75161795407463472147271683373035482        0.123618585674809131222909260383478302      
   7.73269005457053842745753306723766892        0.131325270462660220372696872907407870      
   7.71368583653741678928784056908264919        0.139179772987970108513903128039579275      
   7.69460548753922948067308228214635011        0.147139123914152813795921086859561533      
   7.67544919589131806520688342120991639        0.155154097952595080515170512370866221      
   7.65621715065854739997179780152396325        0.163169087634473221849721128767573814      
   7.63690954165343964165174222661682360        0.171122075193584033142633572667971856      
   7.61752655943430087356872527340600885        0.178944719841675820941205577562565577      
   7.59806839530334037213330531083814154        0.186562577988515624172313330219674365      
   7.57853524130478253127085860318622662        0.193895473781456581217069743515585536      
   7.55892729022297146345820116379247359        0.200858036624929060936182762387884342      
   7.53924473558046829607738692428137854        0.207360420999602866950055896877536346      
   7.51948777163614118186559905471778491        0.213309221846919823236385087211602941      
   7.49965659338324804231196020030684222        0.218608595936623078785099439913179321      
   7.47975139654751206292381028031504011        0.223161595923187963923437611754938561      
   7.45977237758518995935653661705800333        0.226871719168405975865423838948197304      
   7.43971973368113303347238982101877309        0.229644667830744827334257051299758469      
   7.41959366274684103846487934824747605        0.231390310195063636016266866685087559      
   7.39939436341850887225631426582421195        0.232024825771617214251396694317867346      
   7.37912203505506611844683680988057754        0.231473008405799637064750099706149291      
   7.35877687773620945416388809988105243        0.229670692632899573201166079369652430      
   7.33835909226042794423144618585134805        0.226567258962594129896916030306484873      
   7.31786888014302124114858575717894103        0.222128163922227633349810402977192061      
   7.29730644361411071043692563956563537        0.216337430824405350377345806593325105      
   7.27667198561664350098635395964536203        0.209200027714488363593132423860872643      
   7.25596570980438958009805087556044863        0.200744050220083554949218383535164404      
   7.23518782053993175299326436919598907        0.191022619547027808002069252464623296      
   7.21433852289264868662553508650349862        0.180115400171962260653579889979785827      
   7.19341802263669095770311091302595990        0.168129638432500918790385603521465389      
   7.17242652624895014489714020092340907        0.155200622791459618245020772777056769      
   7.15136424090702098527988364198712846        0.141491469625382367912372270217773957      
   7.13023137448715661510563803076283016        0.127192145500440700994486241017700382      
   7.10902813556221691511531990737309131        0.112517648526296003905629154261056642      
   7.08775473339960998061371263728985906         9.77052878949654429400541937339767220E-0002
   7.06641137795922673663623620347816541         8.30110223507588114888270667247345905E-0002
   7.04499827989136871858975418530368872         6.87048451510129559398110504953704194E-0002
   7.02351565053466903881938641064002800         5.50652348952907417671719835931050071E-0002
   7.00196370191400655962054792698259835         4.23727279917537734632491823414702648E-0002
   6.98034264673841329328248458032326758         3.09027087682279845210848769177764832E-0002
   6.95865269839897504981642195531032119         2.09175562773744843278920167888694664E-0002
   6.93689407096672535308808705706450192         1.26583313125588977967044285275699492E-0002
   6.91506697919053264614080024620775966         6.33623133366103490956102472235205523E-0003
   6.89317163849498080656156791846963383         2.12408287762012999811230228664118927E-0003
   6.87120826497824299280863359497390101         1.48178302178855387978823745530975553E-0004
   6.84917707540994884248476580731383995         4.80793880271906569871382410067784676E-0004
   6.82707828722904504360617477317421368         3.13374670550069562636428792629876135E-0003
   6.80491211854164929998235571597203322         8.05335596152914016641529915913711132E-0003
   6.78267878811889771188735414023683206         1.51171673618311426109678247500735071E-0002
   6.76037851539478559326793678976213355         2.41327757905681311167383343305712256E-0002
   6.73801152046400174679893074652342472         3.48390386556644292033876456101184938E-0002
   6.71557802407975621816056153563446126         4.69099101494121456236305432638812858E-0002
   6.69307824765160155097697854793898116         5.99610442980258153669501216301650973E-0002
   6.67051241324324756391930194202681746         7.35592131921715160464053057469231978E-0002
   6.64788074357036967154045880842843787         8.72344681226114129791656768970924753E-0002
   6.62518346199841077047279713948101562        0.100494838778928589093612975610502188      
   6.60242079254037671268297341997401355        0.112843223820873621065923629678744072      
   6.57959295985462538754190280938195428        0.123795980934099449234274509456097914      
   6.55670018924264943453063930159849782        0.132902583080069407286162642524372555      
   6.53374270664685260846591630004077464        0.139765578199754795934137634294027745      
   6.51072073864831981919172511436317170        0.144059980994212231942593708644726605      
   6.48763451246458086774573935150405401        0.145551146739946895129339301126859408      
   6.46448425594736790107160642222392745        0.144110137347856599552471484160037870      
   6.44127019758036660741012280065946450        0.139725597179856531655606156637589621      
   6.41799256647696117456408664684501688        0.132511217174467471651010730703288258      
   6.39465159237797303329317932092790438        0.122707985135721304669379558682791098      
   6.37124750564939340815656557537410434        0.110680599330728504233130609542543715      
   6.34778053728010969818202020244309138         9.69076601257967749814498297643990780E-0002
   6.32425091887962570980128603539472459         8.19655446739097885309650726495979965E-0002
   6.30065888267577576455204385224699210         6.65062028459450324151392882001982434E-0002
   6.27700466151243270410732831158729157         5.12294745963483770443950959334992323E-0002
   6.25328848884720981525345496429893193         3.68509016349544543516203137811185159E-0002
   6.22951059874915669749753103864416143         2.40663679911779804298683875766297320E-0002
   6.20567122589644909604540649669383593         1.35152305383484529030029718328984103E-0002
   6.18177060557407272295048121756981975         5.74386615601282645586244354393333545E-0003
   6.15780897367150108929311848954263915         1.17174150407123127053757402294945100E-0003
   6.13378656668036737130952370309789050         6.21809495554765199930263175797773718E-0005
   6.10970362169213033344782964727133153         2.49994864013189665241829965029130563E-0003
   6.08556037639573433138778554070783714         8.37755875458560930526458648799668012E-0003
   6.06135706907526341811887529811519158         1.73918783030746259991991601446206544E-0002
   6.03709393860758957622989096539549056         2.90520939161088532628788336466181912E-0002
   6.01277122446001509962095917833005125         4.26994931656370023516201817817168250E-0002
   5.98838916668790914790676133810867489         5.75387888746820130529768948217686796E-0002
   5.96394800593233849683720138233239691         7.26799295707968161716832660898151992E-0002
   5.93944798341769250811905799474851096         8.71885387262705524376041071363525894E-0002
   5.91488934094930234207921027553805970        0.100142365552522540726308679827649850      
   5.89027232091105443666684672338699022        0.110690471395041102405243320621513933      
   5.86559716626299827634865630003433558        0.118111379319285534080308716412636143      
   5.84086412053894847450735679899413629        0.121866137204102051493103282069798683      
   5.81607342784408119301003916647707522        0.121642234081744387792243261838716289      
   5.79122533285252492266869627027727786        0.117384598443299282702333047025084637      
   5.76632008080494564837096032992936672        0.109310509131987773372209652841359979      
   5.74135791750612642271449425948094798         9.79061542148648695284038538764343185E-0002
   5.71633908932254137203366798578326223         8.39037448489913888316265179288742437E-0002
   5.69126384317992415876210084561582984         6.82394670401575779468004613914747013E-0002
   5.66613242656083092412936489189494023         5.19940467321620230797215137481869662E-0002
   5.64094508750219773524462081266848906         3.63192043296900371639379337758678297E-0002
   5.61570207459289256067419764890593887         2.23546606382134462960264480124974377E-0002
   5.59040363697126179867412905293062608         1.11414988577736810675637649091834309E-0002
   5.56505002432267138229242192573830139         3.53846338725302496794241759416924051E-0003
   5.53964148687704248560935737778107941         1.48079381269293543586233758671680389E-0004
   5.51417827540638185543740854580808460         1.25922968066120979986081009185602668E-0003
   5.48866064122230679285540434214603156         6.81199011097066415953601591899642977E-0003
   5.46308883617356480900437218884633041         1.63891109380941758113646957120905650E-0002
   5.43746311264354797962505567626615535         2.92366060967386313162545584716225598E-0002
   5.41178372354780202286942436511487769         4.43135920723136542152889159261433268E-0002
   5.38605092233153012497057210639431591         6.03689749225927840237722367468014151E-0002
   5.36026496296709153840723677099125036         7.60400273997376253934072788082945496E-0002
   5.33442609995149497725076764833802054         8.99655643600133079772672046215789041E-0002
   5.30853458830388683443371648233612631        0.100904554960724857263200330183031658      
   5.28259068356303424573033365583765186        0.107849828154167688781503500161834201      
   5.25659464178480302529011190800891107        0.110126215096495687519235208876301427      
   5.23054671953963049761613566988381263        0.107463144051979048807571951210879582      
   5.20444717390999325093036413279436855        0.100033390574645048691269873608056251      
   5.17829626248786983691810002501082500         8.84523198149050067669593021720314099E-0002
   5.15209424337219844189377326913166147         7.37353668924151523326341867702190142E-0002
   5.12584137516632955447979873426650324         5.72154158172484209564059363685625357E-0002
   5.09953791697547365493964969302428918         4.04258070639086551134054829720285804E-0002
   5.07318412840414395135542285637052327         2.49585253385463109699405019330978565E-0002
   5.04678026955359418788905650461578775         1.23102733489675966859434642517214826E-0002
   5.02032660101925155041499977766133356         3.73123338006106731648169085189967899E-0003
   4.99382338388814469486051815213340297         9.20388465423881518433727836719048586E-0005
   4.96727087973632692363795703962617769         1.78362241675635801150120501234367874E-0003
   4.94066935062629453560117181385209756         8.66212777071073089898114199457343108E-0003
   4.91401905910440037500596794244847803         2.00470950632792501958634394398779287E-0002
   4.88732026819826260500177879136919338         3.47759614449849044455249200025175339E-0002
   4.86057324141416873122894061853956351         5.13120270334141228287548580165004134E-0002
   4.83377824273447490114280381359841322         6.78970202739633582222196646292228591E-0002
   4.80693553661500050473254610941129966         8.27339229103756727456772288630042018E-0002
   4.78004538798241810234892682842671239         9.41814527751459005646432130127772875E-0002
   4.75310806223163870540134077517661726        0.100939143060928490270253113120469757      
   4.72612382522319243573039569011265571        0.102201733694838633197079001356248688      
   4.69909294328060458950784778684755828         9.77638130153657225294193809552830534E-0002
   4.67201568318776713156108535457973835         8.80602520957864798982727726538682693E-0002
   4.64489231218630564606445027237733086         7.41346028443358616437530259468103226E-0002
   4.61772309797294176958453110696888805         5.75356493410818947133696993792534114E-0002
   4.59050830869685113251114880814089035         4.01508477908018173610375321130051107E-0002
   4.56324821295701683495008643571825789         2.39934608166843049310330190285997556E-0002
   4.53594307979957848319768741187973687         1.09667550846005432199599988951812041E-0002
   4.50859317871517681296126205725206072         2.63275606986343325301429336139950295E-0003
   4.48119877963629392553279920639624811         1.40379257202058796043556682076478445E-0005
   4.45376015293458916316677807805585799         3.45450921653415761985924442060548562E-0003
   4.42627756941823064995591487054300233         1.25591966300525134927388787483862246E-0002
   4.39875130032922252454145833811284976         2.62241403316813276695454985245630326E-0002
   4.37118161734072789103716845790222772         4.27566336605830399455599177864301745E-0002
   4.34356879255438751458837179932869749         6.00744431807071853304971682196615584E-0002
   4.31591309849763428802948594167915652         7.59618081280129149059897524752039835E-0002
   4.28821480812100349614514283645084752         8.83514332017114915208157244117515538E-0002
   4.26047419479543890408151696691005994         9.55966623144762387106266797924336144E-0002
   4.23269153230959469649567810895365513         9.66974791144799893939828128147922347E-0002
   4.20486709486713329407174003793094170         9.14483061769215863403999164071907283E-0002
   4.17700115708401907407326525143305078         8.04845094648511959247438177431728644E-0002
   4.14909399398580802164181128660264578         6.52171376194452410452342751786016082E-0002
   4.12114588100493333859166610327501553         4.76602296883010467665758556196349983E-0002
   4.09315709397798703649071788485070980         3.01700816366106841158878863425560437E-0002
   4.06512790914299754085703808344388947         1.51290635514482292227934667178063806E-0002
   4.03705860313670333334012521338312781         4.61592840214760679263296269798184113E-0003
   4.00894945299182265879486038900949329         1.08462225911278215299117890050612355E-0004
   3.98080073613431932419506352298474973         2.26188313977497207426688857840116183E-0003
   3.95261273038066461637211106667583610         1.07975554036051463903951655529557571E-0002
   3.92438571393509536560238180393060676         2.45222373196232364604131256327841396E-0002
   3.89611996538686818210533612564319410         4.14800002942818742247148688201676975E-0002
   3.86781576370750989255180603949639901         5.92195943113414968026467597292090103E-0002
   3.83947338824806420371957753437062304         7.51422073256059619840204709358725480E-0002
   3.81109311873633462047058345197104958         8.68810471167661738885648094130225501E-0002
   3.78267523527412364526099335173756044         9.26572686207019812106063359740150197E-0002
   3.75422001833446828643218662420259410         9.15579212443537790444508511117651597E-0002
   3.72572774875887190256702595043913893         8.36910933959851455723560764733358124E-0002
   3.69719870775453241023200976153624485         7.01903002053783363300971462888180792E-0002
   3.66863317689156688246177426525329903         5.30621931597541488118634330858881707E-0002
   3.64003143810023256537803752289774584         3.48957103658881874614444226122240756E-0002
   3.61139377366814434037042962647031760         1.84731578487546776087428126640695744E-0002
   3.58272046623748865930173389532128729         6.34077518034094110139687592443526516E-0003
   3.55401179880223398023487383672685805         4.05077803395975903001508399789089610E-0004
   3.52526805470533773121351905236756704         1.61982727053631119782833935137689485E-0003
   3.49648951763594982966244998179018260         9.81654387483346508723212242915965192E-0003
   3.46767647162661278500781601636220225         2.37104251729714879617993686385336330E-0002
   3.43882920105045841215114375747065148         4.10863314528750170093408113657056622E-0002
   3.40994799061840118346440169794921634         5.91403007641140004563270181884236871E-0002
   3.38103312537632824700660404580689772         7.49255923181309210398248638425453418E-0002
   3.35208489070228613869533945683925090         8.58330744512677522580315768819449627E-0002
   3.32310357230366421619923977289000791         9.00274530159005023527078646996526404E-0002
   3.29408945621437484234975915335823859         8.67653228918499635744385169337172509E-0002
   3.26504282879203034590271491968047583         7.65381925735849764167887316668438381E-0002
   3.23596397671511678751184768933260919         6.10111747011087223493716520639969640E-0002
   3.20685318698016455880818964347784099         4.27617365536343049246162969170368720E-0002
   3.17771074689891584251028573953384387         2.48572518110494304479862913744853263E-0002
   3.14853694409548896152129303816057238         1.03391681404678955089730786935082155E-0002
   3.11933206650353964499968775771637993         1.70009304955349847739178357119016330E-0003
   3.09009640236341923942073789505371921         4.44275067399612139922587434253406898E-0004
   3.06083024021932989267605095931244113         6.81042841925063423892646497234306565E-0003
   3.03153386891647673928838125753336618         1.97099466710891878919485440044410502E-0002
   3.00220757759821711484847895260431462         3.68972395157687546801788719402527516E-0002
   2.97285165570320682781008349314683631         5.53482399757939665099954237260646669E-0002
   2.94346639296254351680820670207443958         7.17851884759225510056334773773418670E-0002
   2.91405207939690712169461551906226477         8.32575779640329391267340012085537155E-0002
   2.88460900531369749651291083816810936         8.76761792865796669060587271712589807E-0002
   2.85513746130416919266380678418555852         8.42023678351425779296515996619218126E-0002
   2.82563773824056344053914385159122835         7.34183313034526894644136931967356307E-0002
   2.79611012727323735793081931252096932         5.72415959110443111942441743236863388E-0002
   2.76655491982779041354818891218016781         3.85932486453640469757033027607548707E-0002
   2.73697240760218817400458484132416826         2.08750387709883318502569113417601272E-0002
   2.70736288256388336266040603855924589         7.34765076523065765118486347243625357E-0003
   2.67772663694693425873676776559830603         5.23547404872447011849434984409483659E-0004
   2.64806396324912046513994785440922326         1.68828643166789371123836900940306504E-0003
   2.61837515422905607346283678733617320         1.06432324257929200111461895979930871E-0002
   2.58866050290330025465528758344429662         2.57232951705177958490432921008694690E-0002
   2.55892030254346530388066907299747397         4.40925485204258140664130052856358463E-0002
   2.52915484667332216810105229636490341         6.22676374041123398274758634066463556E-0002
   2.49936442906590348495830421577971798         7.67738867304762106903655655832180656E-0002
   2.46954934374060416154292543303715144         8.48109750683629513968864135431329188E-0002
   2.43970988496027952166674892099899098         8.47999780037349008553478842610557521E-0002
   2.40984634722834105027961466202809068         7.67033119626224470542085399015288806E-0002
   2.37995902528584976369385030536234540         6.20506111819457068190327252533648087E-0002
   2.35004821410860723430382027389190759         4.36594295952040322792212469596706836E-0002
   2.32011420890424429851095493755922641         2.50993315753804706169985522821142887E-0002
   2.29015730510930747658753729718540466         9.99972251818406771690662268978049048E-0003
   2.26017779838634313323510686326210522         1.33511342307771008122988407297015954E-0003
   2.23017598462097940761563884625796253         8.29161537453403989131605684682176225E-0004
   2.20015215991900594165567117819593872         8.59843321436644304962255839791388951E-0003
   2.17010662060345143544528204238974931         2.31116199317774109544447703493960697E-0002
   2.14003966321165905857526628481568910         4.14782653068847709111729504408716518E-0002
   2.10995158449235974627702010498045900         6.00149228845600824304070328463494262E-0002
   2.07984268140274340925051956747517620         7.49793722435649686377752956899913450E-0002
   2.04971325110552808608636953164156849         8.33270218365421848293128623791352606E-0002
   2.01956359096602706720820536269291253         8.33359952811327770104219976440952567E-0002
   1.98939399854921401928175006282002402         7.49710265837600791396857059513575042E-0002
   1.95920477161678613905656404767925985         5.99071913935700082791906157027187034E-0002
   1.92899620812422536562597349743295782         4.12029111871846467498416941836584978E-0002
   1.89876860621785768010982584024186134         2.26838785566394438809566964136037271E-0002
   1.86852226423191052178359729066666753         8.16064718543290214862339089634170565E-0003
   1.83825748068556834969596727951966874         6.39569716695997787211479334241341381E-0004
   1.80797455428002637883527789184265930         1.69119315357717884992783442582838780E-0003
   1.77767378389554251992331289522779387         1.11103753304786409507223011085579323E-0002
   1.74735546858848755193256041382878970         2.69436893223040355450784927971776306E-0002
   1.71701990758839355644056560914781424         4.58838141572415749159749478343440465E-0002
   1.68666740029500064295213469488034514         6.39532140537865480291456649660580602E-0002
   1.65629824627530199433701907044339671         7.73368773029993730128793601149546683E-0002
   1.62591274526058726154728813982692853         8.31898770556245726755969713114451775E-0002
   1.59551119714348433679489132545817237         8.02479424024475508971115182990021672E-0002
   1.56509390197499953438591373005916341         6.91083911389308775901496058867720589E-0002
   1.53466115996155620842374568505644874         5.21170866511582359806895325348510456E-0002
   1.50421327146203183660881389686033121         3.28804821478853063279665432546191581E-0002
   1.47375053698479359937766091000620000         1.55026474205243969478807597468254127E-0002
   1.44327325718473248363900999932647039         3.70791542090667881054517229851706998E-0003
   1.41278173286029594037901423543123873         3.68709399350159743521333194461164572E-0005
   1.38227626495051912542216119510130574         5.29027807755394474330191684262257599E-0003
   1.35175715453205475264828846987280847         1.83442754493896092716523382984383656E-0002
   1.32122470281620158897985962410500116         3.63812068830522876220234630517181194E-0002
   1.29067921114593162046705543301255476         5.54905372568632444161476566568068124E-0002
   1.26012098099291591881135095920740349         7.15129187586901280285913054470270118E-0002
   1.22955031395454923768107517378577922         8.09456343577793702919410911866718407E-0002
   1.19896751175097336818498626832455954         8.17118754793451548091082809768932800E-0002
   1.16837287622209928288214241358808948         7.36237520494641945223381816678983524E-0002
   1.13776670932462809771830437842284650         5.84342494061676839389929307653559101E-0002
   1.10714931312907088129077301022551195         3.94627109988319561814468634726071190E-0002
   1.07652098981676734085494098136558509         2.08724230187139002716608341968730697E-0002
   1.04588204167690341449692431174616161         6.75671915581290330627777196306326811E-0003
   1.01523277110352779890743487688047461         2.34163591417814148645752100342917571E-0004
  0.984573480592567442202560296898146963         2.75348631912574892763933027637944295E-0003
  0.953904472738842031247332171091716906         1.37643841331478801843789816487782521E-0002
  0.923226050233077502947887474157456631         3.08303980661118221001015679789122137E-0002
  0.892538515858918608987660966230129025         5.01622327235548939116707951743714753E-0002
  0.861842172489940563492388594085137271         6.74557801697700126048403158453886987E-0002
  0.831137323086659803117752983280417765         7.88499081544732431345679959290621383E-0002
  0.800424270693543889062262151203514006         8.17906191121748811359815859573074527E-0002
  0.769703318436020580516421422518582383         7.56073640605898930678762682106641489E-0002
  0.738974769517486109067436117789462198         6.16703292679015724114715292916157419E-0002
  0.708238927216312683586568832378943834         4.30906740140286306925872929497778361E-0002
  0.677496094882855255133869948256780109         2.40282752534177389818440893725156098E-0002
  0.646746575936457571422303351132169339         8.76044486783933356552223592978730427E-0003
  0.615990673862457550390301087279248110         7.20079881795862574734510195368362915E-0004
  0.585228692209192002438500819343461475         1.72001241180428365861496316977551926E-0003
  0.554460934585000730892848361977544973         1.15396400341695497181927869347193689E-0002
  0.523687704655230040262384232912342996         2.79690463385984123997841618046756711E-0002
  0.492909306139235681865877982453487361         4.73027976976178777583092109880831682E-0002
  0.462126042807385266407027006724038665         6.51736639415379847651596429096503513E-0002
  0.431338218478060173083197552440103387         7.75388484996498837874630974378951536E-0002
  0.400546137014656984817654631687443786         8.15957731061968841698817955257995753E-0002
  0.369750102322588479209904535019827946         7.64194172487639614885200687669044997E-0002
  0.338950418346284204803158514064682378         6.31755713919461165807707138052460238E-0002
  0.308147389066190672272018957421413690         4.48601860059139034921313919533919670E-0002
  0.277341318495771190137289965578760073         2.56226100666106470101391128091889162E-0002
  0.246532510678505374618322604349513850         9.82541367870124401491728596260548370E-0003
  0.215721269684888363236521247297664868         1.05395289865752598225652616149126095E-0003
  0.184907899609429761786561274072611900         1.30090302974745171079216308877615613E-0003
  0.154092704567652354294499944610130752         1.05117135023966074049908416478627354E-0002
  0.123275988693090605584301492838145843         2.65951178592617625513434412333446450E-0002
   9.24580561342889860763443547495950053E-0002   4.58970361429589989188845780431247361E-0002
   6.16392110518001484432329442731732841E-0002   6.40305560495347332452122037181569145E-0002
   3.08197576151829857496984989692256334E-0002   7.68733310009769435415815671381960971E-0002
   6.00704543221772133721764985001508439E-0016   8.15053368078179270974830000605575338E-0002
  -3.08197576151817843465407667523240301E-0002   7.68733310009772976647979539514317710E-0002
  -6.16392110517989470578612875243762410E-0002   6.40305560495353609712947809004460533E-0002
  -9.24580561342877847206159620682588071E-0002   4.58970361429597575317663126452233213E-0002
 -0.123275988693089404270073260256577903         2.65951178592624796108666579636584407E-0002
 -0.154092704567651153033628358570812600         1.05117135023971199651198797500506466E-0002
 -0.184907899609428560590902294409464588         1.30090302974764335199744915378807988E-0003
 -0.215721269684887162117930190222511937         1.05395289865735323273491082770623122E-0003
 -0.246532510678504173588654025444894610         9.82541367870074616289802400509340612E-0003
 -0.277341318495769989208397542798259369         2.56226100666099371000793048074173927E-0002
 -0.308147389066189471455755374098634816         4.48601860059131425832852107668618177E-0002
 -0.338950418346283004111375341932055055         6.31755713919454771487479432777382907E-0002
 -0.369750102322587278654452117238378322         7.64194172487635883037714006656658188E-0002
 -0.400546137014655784410381965888691542         8.15957731061968615371369202921136672E-0002
 -0.431338218478058972835952173781238655         7.75388484996502165588135942087581383E-0002
 -0.462126042807384066331654870957533072         6.51736639415385973897383436403544641E-0002
 -0.492909306139234481974223349012293308         4.73027976976186315269678278634263408E-0002
 -0.523687704655228840566289548011832783         2.79690463385991369208782653601255971E-0002
 -0.554460934584999531404154141735355149         1.15396400341700814563095345985993271E-0002
 -0.585228692209190803169045532918367835         1.72001241180450280329593534994116589E-0003
 -0.615990673862456351351921040030261700         7.20079881795719925579349904419404610E-0004
 -0.646746575936456372626832567798979711         8.76044486783886141583541425398323342E-0003
 -0.677496094882854056593140056162708080         2.40282752534170436233023148191189505E-0002
 -0.708238927216311485312408944657556981         4.30906740140278683163241299256203572E-0002
 -0.738974769517484911071672716636003462         6.16703292679009139056355889475886703E-0002
 -0.769703318436019382810878242467363678         7.56073640605894856721841721992330676E-0002
 -0.800424270693542691658760062432437315         8.17906191121748155668615374170670423E-0002
 -0.831137323086658606028109874943747227         7.88499081544735335092252085334113093E-0002
 -0.861842172489939366728419257675711898         6.74557801697705935752656327846062910E-0002
 -0.892538515858917412561176978972139151         5.01622327235556355398676819101249505E-0002
 -0.923226050233076306870697082430944676         3.08303980661125590417396634409494236E-0002
 -0.953904472738840835531240173889952788         1.37643841331484485866808932322156116E-0002
 -0.984573480592566246859367929319027964         2.75348631912602278557427160559757185E-0003
  -1.01523277110352660394893969365309743         2.34163591417733055071283464291262806E-0004
  -1.04588204167690221993492007079372585         6.75671915581248551257810499012305616E-0003
  -1.07652098981676614670121752740575990         2.08724230187132382843818270933030678E-0002
  -1.10714931312906968755711615840942474         3.94627109988311960073845519622858562E-0002
  -1.13776670932462690441649579801385083         5.84342494061669926884747696674903672E-0002
  -1.16837287622209809002395951168144471         7.36237520494637235970579621358885380E-0002
  -1.19896751175097217578220207360917706         8.17118754793450067964277404281085332E-0002
  -1.22955031395454804574545822034918227         8.09456343577795767874365816821401387E-0002
  -1.26012098099291472735466517038504679         7.15129187586906431361636177591933465E-0002
  -1.29067921114593042950106000528264914         5.54905372568639551953177238219576012E-0002
  -1.32122470281620039851630891102999879         3.63812068830530390415406354247611847E-0002
  -1.35175715453205356269893186608866683         1.83442754493902381008474103528533906E-0002
  -1.38227626495051793599874302035571458         5.29027807755431493980392683402093417E-0003
  -1.41278173286029475149327361867192309         3.68709399350478955164418124296111017E-0005
  -1.44327325718473129530268076284072666         3.70791542090636600902616985008949676E-0003
  -1.47375053698479241160247145361280821         1.55026474205238070707900262122227045E-0002
  -1.50421327146203064940648708215498295         3.28804821478845661053387024424377105E-0002
  -1.53466115996155502180599871971183450         5.21170866511575037035524729225525028E-0002
  -1.56509390197499834836445805218087009         6.91083911389303091089034600476547388E-0002
  -1.59551119714348315138143248799750671         8.02479424024472664682392259814618752E-0002
  -1.62591274526058607675352569505184250         8.31898770556246316971319603313270165E-0002
  -1.65629824627530081017464645446862795         7.73368773029997619086749125593640966E-0002
  -1.68666740029499945943283911225792378         6.39532140537871836769091439398459555E-0002
  -1.71701990758839237357602791751907138         4.58838141572423226935672954991100001E-0002
  -1.74735546858848636973445500863900946         2.69436893223047380050615316604696432E-0002
  -1.77767378389554133840330759450464182         1.11103753304791509651461924719997380E-0002
  -1.80797455428002519800503382103952883         1.69119315357739023231075152958527650E-0003
  -1.83825748068556716956713875642508757         6.39569716695867042400122694327373041E-0004
  -1.86852226423190934236783171038087427         8.16064718543245695626979529133267979E-0003
  -1.89876860621785650141876356022172668         2.26838785566387767476899967334621775E-0002
  -1.92899620812422418767124772260635285         4.12029111871838953611022485370515018E-0002
  -1.95920477161678496184980071563002083         5.99071913935693267969814170667766471E-0002
  -1.98939399854921284283456772904464103         7.49710265837596064759955538100608304E-0002
  -2.01956359096602589153221508593007915         8.33359952811326086136397074721710862E-0002
  -2.04971325110552691119317475927571528         8.33270218365423536801133292237080918E-0002
  -2.07984268140274223515171602101513918         7.49793722435654391674418217821661096E-0002
  -2.10995158449235857298419566561437661         6.00149228845607583814631846845508842E-0002
  -2.14003966321165788610000087904330283         4.14782653068855153224343550535493461E-0002
  -2.17010662060345026379914752773319991         2.31116199317780740477790739175252922E-0002
  -2.20015215991900477085023122899020610         8.59843321436689229672782539756592426E-0003
  -2.23017598462097823766244883952206725         8.29161537453550319747858746572321001E-0004
  -2.26017779838634196414571376465220322         1.33511342307752509006687484484585429E-0003
  -2.29015730510930630837347954703089532         9.99972251818358862262728325426163575E-0003
  -2.32011420890424313118376233698301069         2.50993315753797922179384621186796732E-0002
  -2.35004821410860606787501387101590284         4.36594295952032877272604343145635239E-0002
  -2.37995902528584859817494228159938620         6.20506111819450411850847756679514810E-0002
  -2.40984634722833988568210821846135357         7.67033119626219889765496466752235167E-0002
  -2.43970988496027835800213816485003933         8.47999780037347378131499455523574202E-0002
  -2.46954934374060299882269526422374060         8.48109750683631133196311287541505327E-0002
  -2.49936442906590232319393021356446695         7.67738867304766648941377937664681463E-0002
  -2.52915484667332100730400060609596200         6.22676374041129980213684663219366190E-0002
  -2.55892030254346414406239629294229561         4.40925485204265498453295423182125805E-0002
  -2.58866050290329909582724065171764421         2.57232951705184691309844751644060159E-0002
  -2.61837515422905491563645286892345273         1.06432324257934036486914537805463261E-0002
  -2.64806396324911930832665422828628876         1.68828643166809721720714483200698686E-0003
  -2.67772663694693310294798171194882603         5.23547404872333011189303784351391755E-0004
  -2.70736288256388220790753472609076216         7.34765076523024814582488086405706241E-0003
  -2.73697240760218702029902521468394015         2.08750387709877033572283527105736670E-0002
  -2.76655491982778926090132757947193293         3.85932486453633156860957512801456354E-0002
  -2.79611012727323620635403243292371691         5.72415959110436111104039257893901939E-0002
  -2.82563773824056229004379702308110736         7.34183313034521476810800497158417601E-0002
  -2.85513746130416804326125493136200199         8.42023678351422916313284545005640686E-0002
  -2.88460900531369634821449810018532258         8.76761792865796862129522594020574827E-0002
  -2.91405207939690597451167513766714838         8.32575779640332587465730375416653646E-0002
  -2.94346639296254237075206090975206821         7.17851884759231119789982618918328971E-0002
  -2.97285165570320568289204340137459740         5.53482399757946674919998616977890532E-0002
  -3.00220757759821597107984444021580133         3.68972395157694705188332973870660407E-0002
  -3.03153386891647559668044085919313883         1.97099466710897920369327432275414295E-0002
  -3.06083024021932875124008175410274134         6.81042841925102094340812022517630270E-0003
  -3.09009640236341809916800539517426352         4.44275067399714577076569811859228306E-0004
  -3.11933206650353850594144579729828943         1.70009304955329972503357812379049186E-0003
  -3.14853694409548782366878366219558074         1.03391681404674306875496989096929765E-0002
  -3.17771074689891470587473909291985012         2.48572518110487798771779035625413050E-0002
  -3.20685318698016342340082386018191390         4.27617365536335797087886056821237493E-0002
  -3.23596397671511565334386878167253189         6.10111747011080450482393575773600779E-0002
  -3.26504282879202921298531666772593040         7.65381925735844602048557392408223233E-0002
  -3.29408945621437371069412299445271366         8.67653228918496934357150947129882541E-0002
  -3.32310357230366308581653469129453252         9.00274530159005213980927114882060941E-0002
  -3.35208489070228500959672187349901886         8.58330744512680552952045175034805053E-0002
  -3.38103312537632711920321770824190339         7.49255923181314562515451980715515384E-0002
  -3.40994799061840005696737757026996568         5.91403007641146786782909937971559810E-0002
  -3.43882920105045728697159991052003730         4.10863314528757268724367745617748074E-0002
  -3.46767647162661166115685751798463567         2.37104251729721142703836673912493490E-0002
  -3.49648951763594870715116878722905578         9.81654387483390737499379554354903075E-0003
  -3.52526805470533661005299389479213145         1.61982727053649948380713447097495502E-0003
  -3.55401179880223286043617011788960530         4.05077803395881225081040082701821020E-0004
  -3.58272046623748754087590357634689912         6.34077518034057932166610818669036720E-0003
  -3.61139377366814322332851111877726541         1.84731578487541061011980600278992601E-0002
  -3.64003143810023144973105557925363451         3.48957103658874954215961847459092873E-0002
  -3.66863317689156576822073987096500544         5.30621931597534428921091040645735761E-0002
  -3.69719870775453129740792002577593653         7.01903002053777239621247088243665665E-0002
  -3.72572774875887079117086399770724789         8.36910933959847186020200596058974574E-0002
  -3.75422001833446717647492148592881205         9.15579212443536001548967377637210089E-0002
  -3.78267523527412253675357985802092425         9.26572686207020750900733995491052284E-0002
  -3.81109311873633351342396212346019870         8.68810471167665243083060508794470371E-0002
  -3.83947338824806309814467447428526526         7.51422073256065150226400574643361692E-0002
  -3.86781576370750878845953282579109399         5.92195943113421695323009227342990155E-0002
  -3.89611996538686707950658970331447770         4.14800002942825673985256826318289024E-0002
  -3.92438571393509426450804437746854550         2.45222373196238492158749190987223843E-0002
  -3.95261273038066351679304999266106173         1.07975554036055907736987938903824081E-0002
  -3.98080073613431822614213120283203703         2.26188313977518530854815158701794840E-0003
  -4.00894945299182156227889416185893885         1.08462225911231046543507787259245739E-0004
  -4.03705860313670223837194724913999206         4.61592840214730687499450895370851966E-0003
  -4.06512790914299644744745527596814059         1.51290635514477192486612846387934315E-0002
  -4.09315709397798594465052174529735355         3.01700816366100351434371571982089737E-0002
  -4.12114588100493224833163265358622738         4.76602296883003478436786511691619549E-0002
  -4.14909399398580693297270095315279173         6.52171376194445866893977354478715729E-0002
  -4.17700115708401798700582275882762477         8.04845094648506732414028761751781755E-0002
  -4.20486709486713220861669430296046171         9.14483061769212635300132760009930574E-0002
  -4.23269153230959361266374213470359889         9.66974791144799071315478570241207424E-0002
  -4.26047419479543782188338773702783641         9.55966623144764054296751126629367922E-0002
  -4.28821480812100241559150120957090029         8.83514332017118830694423732616386205E-0002
  -4.31591309849763320913099654600718597         7.59618081280134784469880397612414013E-0002
  -4.34356879255438643735568292738610032         6.00744431807078468116676483771793837E-0002
  -4.37118161734072681548091196143173682         4.27566336605837140380370202761579004E-0002
  -4.39875130032922145067224952314645908         2.62241403316819288096566900792369579E-0002
  -4.42627756941822957778435239263317981         1.25591966300529665896363487488120419E-0002
  -4.45376015293458809270344383767108654         3.45450921653440710412134849857685863E-0003
  -4.48119877963629285678825824448195310         1.40379257202220407950927041339910703E-0005
  -4.50859317871517574594606245095790781         2.63275606986321520210076388146741611E-0003
  -4.53594307979957741792236017045437941         1.09667550846001182596354421907521290E-0002
  -4.56324821295701577142514539657251691         2.39934608166837245642568938843322476E-0002
  -4.59050830869685007074709053308043412         4.01508477908011505607694987097828289E-0002
  -4.61772309797294070959183477859740495         5.75356493410812193706371951020677483E-0002
  -4.64489231218630458785357759067121249         7.41346028443352552782451548462971058E-0002
  -4.67201568318776607514248043363534523         8.80602520957860107444815469215574583E-0002
  -4.69909294328060353489193705180201334         9.77638130153654420081894682859068814E-0002
  -4.72612382522319138292758777423924958        0.102201733694838570568638724984942936      
  -4.75310806223163765442202641715578900        0.100939143060928649973029602395377112      
  -4.78004538798241705320347876979366341         9.41814527751462624135291370134954620E-0002
  -4.80693553661499945743131899218121305         8.27339229103761948343746957113379631E-0002
  -4.83377824273447385569613407807032549         6.78970202739639820838485598026383969E-0002
  -4.86057324141416768764714640127987388         5.13120270334147801867079961134228050E-0002
  -4.88732026819826156329515982337580841         3.47759614449855247521306323867051550E-0002
  -4.91401905910439933518480544749663844         2.00470950632797681179609253783519673E-0002
  -4.94066935062629349767572840702284102         8.66212777071109296396741657285215022E-0003
  -4.96727087973632588761847662601847904         1.78362241675652776184460964032122434E-0003
  -4.99382338388814366075722582576095570         9.20388465423493500134417292001378452E-0005
  -5.02032660101925051823810172053501558         3.73123338006082497064182855364562071E-0003
  -5.04678026955359315764873988601274665         1.23102733489671759030316210263268372E-0002
  -5.07318412840414292306185573229094353         2.49585253385457538618500700530063445E-0002
  -5.09953791697547262860298090583678023         4.04258070639080161627885717305880233E-0002
  -5.12584137516632853011015781254311625         5.72154158172477613758748913903476520E-0002
  -5.15209424337219741950127032767354304         7.37353668924145340163777876919648807E-0002
  -5.17829626248786881651282566506545399         8.84523198149044864355800224304943131E-0002
  -5.20444717390999223252238934246540427        0.100033390574644672774021084854031961      
  -5.23054671953962948121551172473450147        0.107463144051978849501481039811714332      
  -5.25659464178480201090687027186005965        0.110126215096495680325945119538456268      
  -5.28259068356303323337448588176112839        0.107849828154167871666137195901036148      
  -5.30853458830388582411525411384486916        0.100904554960725211421443381931803282      
  -5.33442609995149396897966212077354635         8.99655643600138000520765165724719238E-0002
  -5.36026496296709053219343931310960146         7.60400273997382108635190069445647594E-0002
  -5.38605092233152912082401364215145859         6.03689749225934114011761435936516549E-0002
  -5.41178372354780102080001541565248653         4.43135920723142696427431980641884808E-0002
  -5.43746311264354697964268626209877825         2.92366060967391831494135519447918722E-0002
  -5.46308883617356381111891173225086785         1.63891109380946188002224900857067855E-0002
  -5.48866064122230579707670156975453171         6.81199011097096290471634663420031690E-0003
  -5.51417827540638086177529139140478790         1.25922968066134124275460864858356769E-0003
  -5.53964148687704149407363288530467257         1.48079381269248346233025427990714627E-0004
  -5.56505002432267039289287615249036063         3.53846338725280773942689014845388551E-0003
  -5.59040363697126081142052697299117566         1.11414988577733094897376777608486104E-0002
  -5.61570207459289157557628305675710868         2.23546606382129492850714450186153542E-0002
  -5.64094508750219675231211622702718103         3.63192043296894522699719972385247482E-0002
  -5.66613242656082994337197145975551437         5.19940467321613933707238555055465412E-0002
  -5.69126384317992318018949824650367953         6.82394670401569486441397969977824394E-0002
  -5.71633908932254039565551433622029968         8.39037448489908039630009035885676902E-0002
  -5.74135791750612544854042601766388789         9.79061542148643688423508572227929533E-0002
  -5.76632008080494467641059220062177364        0.109310509131987389720185205418302456      
  -5.79122533285252395293162110991631612        0.117384598443299040044241415278992887      
  -5.81607342784408022550582788849587758        0.121642234081744299924209969130326809      
  -5.84086412053894750924555827936076956        0.121866137204102121537180742985353780      
  -5.86559716626299731333879728300823148        0.118111379319285754719252285669131753      
  -5.89027232091105347591843172749384216        0.110690471395041456795350788512155060      
  -5.91488934094930138360172149976404680        0.100142365552523003980524693987905766      
  -5.93944798341769155192195522495483460         8.71885387262710935415772055209937703E-0002
  -5.96394800593233754292992189789101024         7.26799295707974001781141972709585667E-0002
  -5.98838916668790819629871981876014078         5.75387888746826033943266134768255274E-0002
  -6.01277122446001415032154761126445822         4.26994931656375631171241642423004868E-0002
  -6.03709393860758862924847855255732673         2.90520939161093513012411725665826215E-0002
  -6.06135706907526247346480836373311092         1.73918783030750327312452880319107920E-0002
  -6.08556037639573338907038743905020410         8.37755875458590215888207584741087400E-0003
  -6.10970362169212939347640067062848609         2.49994864013206006291124851605528873E-0003
  -6.13378656668036643369334098999201813         6.21809495555024702252565897771574952E-0005
  -6.15780897367150015404143593316614845         1.17174150407111937490163848517244700E-0003
  -6.18177060557407179007252937445316617         5.74386615601258361849855224408585473E-0003
  -6.20567122589644816555039249560364281         1.35152305383480926025379105747774866E-0002
  -6.22951059874915576939463848971258742         2.40663679911775216994302346209927620E-0002
  -6.25328848884720888955184386838513766         3.68509016349539205336316255941217103E-0002
  -6.27700466151243178081613496987193762         5.12294745963477944046815437655081325E-0002
  -6.30065888267577484368038077606062274         6.65062028459444287005865960460804806E-0002
  -6.32425091887962479135824185628097240         8.19655446739091915499648475350270705E-0002
  -6.34778053728010878217665958245755024         9.69076601257962112775420390786496967E-0002
  -6.37124750564939249459792911761976441        0.110680599330727997910541921138570062      
  -6.39465159237797212219028348032806731        0.122707985135720876415579271331772209      
  -6.41799256647696026592592364115450478        0.132511217174467137986941472692960218      
  -6.44127019758036570124566052171508031        0.139725597179856304429796825465944676      
  -6.46448425594736699738978834743496932        0.144110137347856485681585152294767085      
  -6.48763451246457996655548445558381364        0.145551146739946896575479337591398519      
  -6.51072073864831892050192778130224468        0.144059980994212345907353018643316066      
  -6.53374270664685171228544623532308964        0.139765578199755015241227506622288354      
  -6.55670018924264854086834144466090349        0.132902583080069720918638653157256447      
  -6.57959295985462449640659724631823127        0.123795980934099842988883107757538318      
  -6.60242079254037582408345529648419381        0.112843223820874078285798290809923870      
  -6.62518346199840988441783657406683708        0.100494838778929091441230168356712549      
  -6.64788074357036878803880080583582658         8.72344681226119412138352050797133636E-0002
  -6.67051241324324668297966630693620612         7.35592131921720507742797793240946277E-0002
  -6.69307824765160067260805979890437074         5.99610442980263377362379635256808770E-0002
  -6.71557802407975534237102881927202766         4.69099101494126379430318262794114864E-0002
  -6.73801152046400087359742775195053797         3.48390386556648754674081625543214379E-0002
  -6.76037851539478472266308166328764684         2.41327757905685174271747614105264412E-0002
  -6.78267878811889684388773940030343889         1.51171673618314574892397592847188657E-0002
  -6.80491211854164843459654816835160000         8.05335596152937475634234507755005470E-0003
  -6.82707828722904418084271542641684901         3.13374670550084379129445052357623269E-0003
  -6.84917707540994798235216978845160034         4.80793880271964891658505712118839735E-0004
  -6.87120826497824213531539006547991265         1.48178302178823078127560899640154562E-0004
  -6.89317163849497995171613999047350402         2.12408287762000873344812961273890697E-0003
  -6.91506697919053179395162489896808065         6.33623133366082860606572975475469249E-0003
  -6.93689407096672450356357505369925984         1.26583313125586123357394777942844185E-0002
  -6.95865269839897420296495775978607297         2.09175562773741272489905540300511052E-0002
  -6.98034264673841244911242627470385154         3.09027087682275646949201176521523792E-0002
  -7.00196370191400571814022712893825518         4.23727279917533007573832923370201552E-0002
  -7.02351565053466820003710819121768169         5.50652348952902267158582349975985946E-0002
  -7.04499827989136788251379698695926414         6.87048451510124094275636786175277552E-0002
  -7.06641137795922590327485175837168898         8.30110223507582444557818098805211183E-0002
  -7.08775473339960914997512588584420077         9.77052878949648661154024746093254002E-0002
  -7.10902813556221608720772891709712691        0.112517648526295427573693191827753318      
  -7.13023137448715578993721391533981700        0.127192145500440134796371309401447098      
  -7.15136424090702016285877048062911768        0.141491469625381820684633015652487395      
  -7.17242652624894932523145495799246466        0.155200622791459097895445330112674094      
  -7.19341802263669014080094335792300801        0.168129638432500432209856566859101623      
  -7.21433852289264787249494771382556060        0.180115400171961813662026475426493926      
  -7.23518782053993094164229231916261640        0.191022619547027405325782289750110874      
  -7.25596570980438877153470185471014009        0.200744050220083200226253250499774472      
  -7.27667198561664269521860816180272039        0.209200027714488059403162582382160009      
  -7.29730644361410990747273566708008946        0.216337430824405098292134399008408531      
  -7.31786888014302044099587654243576040        0.222128163922227434000419391590185271      
  -7.33835909226042714689811491305576682        0.226567258962593983053849691939168325      
  -7.35877687773620865965780412711624191        0.229670692632899477863825666238857624      
  -7.37912203505506532677584159144026796        0.231473008405799591556836770285239353      
  -7.39939436341850808342822127482069993        0.232024825771617216319219070227898295      
  -7.41959366274684025248747399949579645        0.231390310195063682927268091787532354      
  -7.43971973368113225035342939419780500        0.229644667830744915973456386378623215      
  -7.45977237758518917910375018014924125        0.226871719168406102827854312723915410      
  -7.47975139654751128554489861331982837        0.223161595923188125601041207028002720      
  -7.49965659338324726781459571924276681        0.218608595936623271446904318288248803      
  -7.51948777163614041025742573589504156        0.213309221846920043101127412766693611      
  -7.53924473558046752736602022885979972        0.207360420999603110250716086688458775      
  -7.55892729022297069765122796262001308        0.200858036624929323976178652875988978      
  -7.57853524130478176837583710191959453        0.193895473781456860418085162486497814      
  -7.59806839530333961215776497534637447        0.186562577988515916113939356889225075      
  -7.61752655943430011652016675545768496        0.178944719841676122392734051992857657      
  -7.63690954165343888753763728985164421        0.171122075193584341087469865496826854      
  -7.65621715065854664879958924770947542        0.163169087634473533502978234009037663      
  -7.67544919589131731698398501678405495        0.155154097952595393335072141834113915      
  -7.69460548753922873540687868504656509        0.147139123914153125489680920729746663      
  -7.71368583653741604698568725586230333        0.139179772987970417038764175974667836      
  -7.73269005457053768812675626047046271        0.131325270462660523932812514134647383      
  -7.75161795407463398512061342970346227        0.123618585674809428262729363619083499      
  -7.77046934823897833470131434951189613        0.116096639700418500223619291611581948      
  -7.78924405100792095049947533137920134        0.108790578778689381187027159698510500      
  -7.80794187708272515719196035674713054        0.101726098864061680709027091222762553      
  -7.82656264192339621422474017998095055         9.49238079737766314521590749947902506E-0002
  -7.84510616175050265105917177126063795         8.83996143568143368872233779242941475E-0002
  -7.86357225354699009596585452140540409         8.21651299067698035986991397453247589E-0002
  -7.88196073505998758046430528557869128         7.62280796351151491161708168312176074E-0002
  -7.90027142480260630158095668088428082         7.05927093790712152306675681452885657E-0002
  -7.91850414205573082417242134111161408         6.52601852138734867249637824796049848E-0002
  -7.93665870686980270563557833564436873         6.02289792529661898863845536907165690E-0002
  -7.95473494006659652540082594240537406         5.54952376377861287269876894209668831E-0002
  -7.97273266324098830167980668854589679         5.10531275325377075399588005770903283E-0002
  -7.99065169876271627801404529755642379         4.68951608442418949268041147229621199E-0002
  -8.00849186977813406224624716602960764         4.30124931834680060424402416792265908E-0002
  -8.02625300021195610061148349419483015         3.93951972685265418694423930654621156E-0002
  -8.04393491476899546972113846662516918         3.60325105597828458091778268528426784E-0002
  -8.06153743893589396928831317656410335         3.29130573971223261840266256980738187E-0002
  -8.07906039898284449851936956082464591         3.00250463096485112700604336440753836E-0002
  -8.09650362196530569917245471220183073         2.73564434803999047364578618995320235E-0002
  -8.11386693572570884836017081117024088         2.48951235886276392664262600179916214E-0002
  -8.13115016889515698425004781501611539         2.26289994265036769645920566501255739E-0002
  -8.14835315089511624789313420553443265         2.05461318044315188690686285069564014E-0002
  -8.16547571193909942448784476941979087         1.86348213275052486596576937759576355E-0002
  -8.18251768303434166746319281027776948         1.68836836527591288682933224398702191E-0002
  -8.19947889598346838884268660793546349         1.52817098297738623681005631156446927E-0002
  -8.21635918338615529942748558797345927         1.38183132924516721030192112780923914E-0002
  -8.23315837864078058241488977906190406         1.24833650131899171900711640769993733E-0002
  -8.24987631594606918414587595308321859         1.12672182574653631598438263760517286E-0002
  -8.26651283030272920575319459688942900         1.01607242915341422600001247486464874E-0002
  -8.28306775751508037955950278701126011         9.15524030247725194108816100837057056E-0003
  -8.29954093419267461415312836026611306         8.24263069150955672947096325787536587E-0003
  -8.31593219775190859214733972298670330         7.41526280110518273785904616398629319E-0003
  -8.33224138641762840470743244693013824         6.66599803635648347035558937831760953E-0003
  -8.34846833922472620700853768668849680         5.98817924290857846130597799887558891E-0003
  -8.36461289601972887886580764591712604         5.37561510922686372987602124298605915E-0003
  -8.38067489746237867485753904069287766         4.82256227093927215774271443954385761E-0003
  -8.39665418502720584834085597904388902         4.32370571032279038436147161888217910E-0003
  -8.41255060100509323383878811586054759         3.87413796519001730935574267288701629E-0003
  -8.42836398850483277235694757018892323         3.46933758877399748095370776216509000E-0003
  -8.44409419145467396426752812399746542         3.10514723582617116699366125300638070E-0003
  -8.45974105460386423447802187306371882         2.77775169000556011089521994605561211E-0003
  -8.47530442352418119468187098532401607         2.48365609360459180952372525481052169E-0003
  -8.49078414461145678756824475204904496         2.21966459249697983279409954724385024E-0003
  -8.50618006508709329794825390325599019         1.98285956660889712888197144134594088E-0003
  -8.52149203299957121583518441007345551         1.77058157886331753184856855878847025E-0003
  -8.53671989722594893659675092110374022         1.58041014305628919234965413673905182E-0003
  -8.55186350747335428337793478348601421         1.41014538310453670611487004493288034E-0003
  -8.56692271428046783707368248721103119         1.25779063216282960863264439097812783E-0003
  -8.58189736901899805921159654668988269         1.12153599985769350637475913813040851E-0003
  -8.59678732389514819318575149861747103         9.99742918942884898400708791564078434E-0004
  -8.61159243195107492936391205035274714         8.90929668689323994567473347713339987E-0004
  -8.62631254706633881967171765749954548         7.93757860935466778813517229230584674E-0004
  -8.64094752395934642733882714084241096         7.07019865623379567363835502691440080E-0004
  -8.65549721818878419757358756759607223         6.29627145534959503107473396688685547E-0004
  -8.66996148615504403501450271499634075         5.60599464550351732408384674206003175E-0004
  -8.68434018510164057388862719913876030         4.99054929829849638819603037444141260E-0004
  -8.69863317311662012688900198082499951         4.44200825648833824329157486129114905E-0004
  -8.71284030913396129886537464380171840         3.95325194993358303082904160892422433E-0004
  -8.72696145293496725150471276860476981         3.51789124274775983833375370305434928E-0004
  -8.74099646514964960526042008533208201         3.13019686489108869930323847957577960E-0004
  -8.75494520725810396487170206779281639         2.78503498693889198372614396934977318E-0004
  -8.76880754159187705489719941501190031         2.47780850682942294538142882022592723E-0004
  -8.78258333133532545176981363807084735         2.20440363105344991447193721383988544E-0004
  -8.79627244052696589896258791347786626         1.96114134910605226502181630866090970E-0004
  -8.80987473406081719193857766010946226         1.74473341833237079717551949936545566E-0004
  -8.82339007768773361964084812537106726         1.55224249593426495686879702534623721E-0004
  -8.83681833801672994936206980640818887         1.38104607533929571314025158907579413E-0004
  -8.85015938251629794191664596149299886         1.22880390493450568138979818520606231E-0004
  -8.86341307951571438412189896136448417         1.09342858798281685526247027116215954E-0004
  -8.87657929820634062567856296528859728         9.73059083086971742116814965821584070E-0005
  -8.88965790864291360762467855563865784         8.66036844622371753024645795511435659E-0005
  -8.90264878174482836962095970032819179         7.70884361954901603526152025555873233E-0005
  -8.91555178929741202340980390566156305         6.86285874865504957874514856757828052E-0005
  -8.92836680395318917987434184306443695         6.11070060329281465853990440602143645E-0005
  -8.94109369923313881720827225044521076         5.44194502583261928256131287103325872E-0005
  -8.95373234952794257779170069012458073         4.84731774229172017292552521521276001E-0005
  -8.96628263009922448145279595664090836         4.31856970941488131257235958443884759E-0005
  -8.97874441708078204287979473437368777         3.84836556189661737757384266794007274E-0005
  -8.99111758747980878103272267070521907         3.43018385252494567444109560124207620E-0005
  -9.00340201917810810848915751804932539         3.05822789728504774805812784257265260E-0005
  -9.01559759093329858874343656901931333         2.72734614762718485052848739515857560E-0005
  -9.02770418238001054956390542361395939         2.43296111357302116244970720744332844E-0005
  -9.03972167403107404059811734473195084         2.17100595454382219305946401213999645E-0005
  -9.05164994727869812350132123658426936         1.93786794020311747443012897035215716E-0005
  -9.06348888439564148294912077651353432         1.73033806168849376844412485822865686E-0005
  -9.07523836853637434698084660005914198         1.54556614483866354041802578438926873E-0005
  -9.08689828373823170520595683640407999         1.38102088187498733218783976982980355E-0005
  -9.09846851492255781349166787005471437         1.23445425693315129677916196730009031E-0005
  -9.10994894789584197383601611707259779         1.10386989430790217892766424138470377E-0005
  -9.12133946935084557821666200162316765         9.87494906700722951255313898829176689E-0006
  -9.13263996686772040529196835115493951         8.83754864555743287572061106569851492E-0006
  -9.14385032891511815891721624520798702         7.91251547119664900489662726448437945E-0006
  -9.15497044485129123752526110162145985         7.08743171530788894642833653098490130E-0006
  -9.16600020492518472350747961164156702         6.35126828370848914469768187805306621E-0006
  -9.17693950027751958181751318793151121         5.69422881018574823583015758127964666E-0006
  -9.18778822294186705710707501150286216         5.10761112120235390127544646026606804E-0006
  -9.19854626584571425878995469882388948         4.58368423812188534237089242796088534E-0006
  -9.20921352281152092351732620147245024         4.11557919244753713427523941404835239E-0006
  -9.21978988855776734463453993931508238         3.69719211696234930422535684946659060E-0006
  -9.23027525869999345827675849491062704         3.32309824342126256651321428660269191E-0006
  -9.24066952975182907584807560124150005         2.98847558750748002366176243773464761E-0006
  -9.25097259912601525271613977554600686         2.68903723589123400818607058551422434E-0006
  -9.26118436513541678304178592653966149         2.42097127002304897849261475993504772E-0006
  -9.27130472699402581075075972726058555         2.18088746821381329511515106272004156E-0006
  -9.28133358481795654674229963675990120         1.96577002292225847651461740052010698E-0006
  -9.29127083962643108251711930551559921         1.77293559518325112636678640432854450E-0006
  -9.30111639334275629049520784544571397         1.59999610384887757616021577757064030E-0006
  -9.31087014879529180138183621844537496         1.44482571475432376511069825385899007E-0006
  -9.32053200971840904902822392923655120         1.30553155494121838893353951717853774E-0006
  -9.33010188075344137332148042982384572         1.18042773046363871030883751710885725E-0006
  -9.33957966744962517172668928388862065         1.06801227377756156053735052285226584E-0006
  -9.34896527626503209019234932899937123         9.66946688911692755595662812510964891E-0007
  -9.35825861456749224421882494062741381         8.76037800108984051180151197177228887E-0007
  -9.36745959063550846097798617178728742         7.94221642926824384227250553174932986E-0007
  -9.37656811365916153346083814192908772         7.20549166349132551927608432111542113E-0007
  -9.38558409374100647771864670386477814         6.54173540706108042244520677983969754E-0007
  -9.39450744189695978435186325250436326         5.94338889484231088893081370723223117E-0007
  -9.40333807005717765549003467763085223         5.40370283767943083611807336902016221E-0007
  -9.41207589106692521859485402761516390         4.91664856377667589491692350062996678E-0007
  -9.42072081868743670850756256376942425         4.47683909017143266041573052745929544E-0007
  -9.42927276759676660925105366702155920         4.07945900148720594824694294276514081E-0007
  -9.43773165339063174718625262999223287         3.72020214085176721396689364268416655E-0007
  -9.44609739258324432721165284776599124         3.39521623104825134788922760600652859E-0007
  -9.45436990260813590378427742825358119         3.10105364426999594753588863636940919E-0007
  -9.46254910181897227862980489581270878         2.83462762772971985525868541662868955E-0007
  -9.47063490949035931709914757670128408         2.59317337112410746641025578141443995E-0007
  -9.47862724581863967521840054815836486         2.37421337172536116907250492806258100E-0007
  -9.48652603192268042956878681983907005         2.17552661468237044347235742004351685E-0007
  -9.49433118984465160222300981159084068         1.99512114087168877906220230975847656E-0007
  -9.50204264255079557305428630900386965         1.83120962314629176105910937381733606E-0007
  -9.50966031393218737182427103089588641         1.68218761480108975716180489870539313E-0007
  -9.51718412880548584254609684324888768         1.54661417214063452085857298306886473E-0007
  -9.52461401291367567270884161371252647         1.42319458675689986654090973435707553E-0007
  -9.53194989292680028003989283050313563         1.31076499300022181438416798920572313E-0007
  -9.53919169644268554957191351951529581         1.20827864259466959415366616163409745E-0007
  -9.54633935198765441387141679316648718         1.11479366180029361989016029392914668E-0007
  -9.55339278901723226937633066265297562         1.02946212730432449389155364717852412E-0007
  -9.56035193791684322188037864994877512         9.51520315437438259698898306388622832E-0008
  -9.56721673000249715429261435438426622         8.80279995630592788540123678689283469E-0008
  -9.57398709752146760989102856767423370         8.15120653492569558559526054367695791E-0008
  -9.58066297365296048437979489683384940         7.55482541710606671685330731884125116E-0008
  -9.58724429250877352015043325187312256         7.00860468344395080380523874992762869E-0008
  -9.59373098913394659623794908919035010         6.50798242163657918712183110819997763E-0008
  -9.60012299950740280755384907624626645         6.04883703618855225020599664200874290E-0008
  -9.60642026054258032706883996181089518         5.62744277963641974354129343321677283E-0008
  -9.61262271008805504470898600162808619         5.24042994081962963084762993775158882E-0008
  -9.61873028692815397682013040391545661         4.88474918814239304982590601050769514E-0008
  -9.62474293078355944014647702427915706         4.55763962116397104985268193451981792E-0008
  -9.63066058231190398436037905634479963         4.25660013302531973635027316842871497E-0008
  -9.63648318310835607727159083306903968         3.97936372987625528506116439618465706E-0008
  -9.64221067570619653693550617410102520         3.72387449223631961410303698355597790E-0008
  -9.64784300357738570497123108593775476         3.48826689765939153072834928696542897E-0008
  -9.65338011113312135549171914262748492         3.27084725466818912911898027207676213E-0008
  -9.65882194372438733413963364353199934         3.07007702511521909081169163756431526E-0008
  -9.66416844764249292181409075872747574         2.88455783629669121952012356731454940E-0008
  -9.66941957011960291776498142903463474         2.71301800563659117403319811125233993E-0008
  -9.67457525932925843682316588292361392         2.55430041987164580645914198053643925E-0008
  -9.67963546438688841562648236262130502         2.40735162767196806640217931802826814E-0008
  -9.68460013535031182279321011213247657         2.27121201976384034629427940997398992E-0008
  -9.68946922322023056808637496554425785         2.14500698409047376285724690031841154E-0008
  -9.69424267994071310570408307939774535         2.02793893553984139523893841797494976E-0008
  -9.69892045839966872692291357207940812         1.91928013045083831794033155717086029E-0008
  -9.70350251242931253741329315963336122         1.81836618562635139571419414408913992E-0008
  -9.70798879680662111463771440418314430         1.72459023006402724847352482398086415E-0008
  -9.71237926725377884083464301088250046         1.63739762517762832194023994837335110E-0008
  -9.71667388043861490718298781414528809         1.55628119602588819853379593464374165E-0008
  -9.72087259397503098483407877555428073         1.48077692208223229065211605809984226E-0008
  -9.72497536642341955859021256560637032         1.41046004144793954532124468028209591E-0008
  -9.72898215729107291910098121018769022         1.34494152720457608880885563699271096E-0008
  -9.73289292703258280954079594084429205         1.28386489888212474154000984694058974E-0008
  -9.73670763705023072282325488557882199         1.22690333584336870384298264998102540E-0008
  -9.74042624969436884550027866372394739         1.17375706280268520591018296594057476E-0008
  -9.74404872826379164458625139369796140         1.12415098075281893626073278171153695E-0008
  -9.74757503700609809363975517504056225         1.07783251930585223368853784099661163E-0008
  -9.75100514111804453452787285459460432         1.03456968889950825371848904308275094E-0008
  -9.75433900674588817139045591922281846         9.94149313508270756719934880712155190E-0009
  -9.75757660098572119341421076185877236         9.56375426458291497982210446151379283E-0009
  -9.76071789188379552311894643148149203         9.21067813700338806862758258002745479E-0009
  -9.76376284843683818695084938793548878         8.88060690468061715420048505816461554E-0009
  -9.76671144059235730507020482623355830         8.57201498659137962424010192092156058E-0009
  -9.76956363924893869731356889860767082         8.28349813541838447411060004136316898E-0009
  -9.77231941625653310240301073233929386         8.01376349524673646840074513948232304E-0009
  -9.77497874441673400756768660323615183         7.76162055745900950675593935567668421E-0009
  -9.77754159748304608583568006417407913         7.52597293155079146345039638530487606E-0009
  -9.78000795016114423834674033076085875         7.30581085581538993638088762452799228E-0009
  -9.78237777810912323912927587700651840         7.10020438024394939395321531489696472E-0009
  -9.78465105793773797987771007774704890         6.90829716064298117541439128175952040E-0009
  -9.78682776721063431235907993606169589         6.72930080896334735173557128067041149E-0009
  -9.78890788444457048617055653740410351         6.56248975023284437641140701702026434E-0009
  -9.79089138910962917966238596175969170         6.40719654135107753096141583160462589E-0009
  -9.79277826162942012193359104474903089         6.26280761139609269788197141168627537E-0009
  -9.79456848338127330390063669190971265         6.12875938705717066667366576876878234E-0009
  -9.79626203669642277653214350089410584         6.00453477039201268621091674551060089E-0009
  -9.79785890486018103443563531730868516         5.88965993934934052778909086489962597E-0009
  -9.79935907211210398307522512449863321         5.78370144443566322565609842700703882E-0009
  -9.80076252364614648799207942867803508         5.68626357756992318163598063013897276E-0009
  -9.80206924561080850449245313118293523         5.59698599159096522215525966090246204E-0009
  -9.80327922510927178636105386188477804         5.51554155108641765045101836171734804E-0009
  -9.80439245019952717225047596439857994         5.44163439722120924640522240706202126E-0009
  -9.80540890989449244849043885696668985         5.37499821108086739996322457897246520E-0009
  -9.80632859416212078715357142497658421         5.31539466172823009974097401738900527E-0009
  -9.80715149392549975830750251403889953         5.26261202671975604253251576101768625E-0009
  -9.80787760106294091547604656835583769         5.21646397425515939534918124360077843E-0009
  -9.80850690840805995342531207959146039         5.17678849745617524099242923616610797E-0009
  -9.80903940974984743748360785836092974         5.14344699250021764395065624004432717E-0009
  -9.80947509983273010369707729544537610         5.11632347348481365930192624143518232E-0009
  -9.80981397435662272921605282449625126         5.09532391798036614645926362953224377E-0009
  -9.81005602997697057240019081383274653         5.08037573825262426429878866481723130E-0009
  -9.81020126430478238222352018341447562         5.07142737411217911362446595080821288E-0009
  -9.81024967590665397665361524559550042         5.06844800428577082649045979527247841E-0009
