   9.81024967590665397665361524559557438         3.58933551384000920058535991238856683E-0022
   9.81020126430478238599785193480758503         3.59221139243910266828671335124206985E-0022
   9.81005602997697057994881706548826813         3.60085271276195968622613847783851743E-0022
   9.80981397435662274053889907452058163         3.61530063577029054964759893588957159E-0022
   9.80947509983273011879403179191724706         3.63562412218378615703476133049378622E-0022
   9.80903940974984745635452160043434837         3.66192047525566778685782577449046414E-0022
   9.80850690840805997606999881896628908         3.69431610891733491840432673400943278E-0022
   9.80787760106294094189428281111598639         3.73296754968801362167893600172480367E-0022
   9.80715149392549978849902752285812723         3.77806268334245568678701382323983132E-0022
   9.80632859416212082111808722169186334         3.82982226008017549769670556315316225E-0022
   9.80540890989449248622761022551913984         3.88850167488266782308812301515400138E-0022
   9.80439245019952721375993045414190364         3.95439304292301151236361017021087558E-0022
   9.80327922510927183164238179126120869         4.02782759335171320474840293561385134E-0022
   9.80206924561080855354520759176662008         4.10917840857487700561775662373301778E-0022
   9.80076252364614654081577628958584481         4.19886354032282428561082511739794059E-0022
   9.79935907211210403966934303716834176         4.29734953844291356311197869011885034E-0022
   9.79785890486018109479961572064446291         4.40515543351122866642658927631710996E-0022
   9.79626203669642284066539062677929835         4.52285722012496966500564255374625327E-0022
   9.79456848338127337180251757108682500         4.65109289420251876378363881162062101E-0022
   9.79277826162942019360343551306688357         4.79056810488549305700699659805614072E-0022
   9.79089138910962925509948666678767112         4.94206248982537572744705513351890434E-0022
   9.78890788444457056537416894541343767         5.10643677188208744790382964186375112E-0022
   9.78682776721063439532842233937371380         5.28464070571814495470294529736264896E-0022
   9.78465105793773806661196360244830489         5.47772197461743076505197213530676252E-0022
   9.78237777810912332962758449103075997         5.68683615129576061214003812886882919E-0022
   9.78000795016114433260821085233771140         5.91325785173532796456953390467026713E-0022
   9.77754159748304618385938217064438832         6.15839322843572201292280990037686569E-0022
   9.77497874441673410935265284023389705         6.42379396924017644910532050902191500E-0022
   9.77231941625653320794823652333996881         6.71117299042374250545507455122925721E-0022
   9.76956363924893880661801255484304927         7.02242203843158455673583791307060852E-0022
   9.76671144059235741813278755697274420         7.35963144400542346903297894256693797E-0022
   9.76376284843683830377045531113213956         7.72511230598287387015312571302917525E-0022
   9.76071789188379564369442258478712724         8.12142142043229961212698845692683104E-0022
   9.75757660098572131774436711400205063         8.55138931472878329115519125495901006E-0022
   9.75433900674588829947406538175465795         9.01815179653482316323825362218719388E-0022
   9.75100514111804466636367129399905575         9.52518548540751780935655909171005554E-0022
   9.74757503700609822922644142521129279         1.00763478610548653106581545767104452E-0021
   9.74404872826379178392248726878023995         1.06759224384336949880558325643410223E-0021
   9.74042624969436898858468897132200193         1.13286697674614105600477624902865111E-0021
   9.73670763705023086965442744032843184         1.20398850558943785527480984197587692E-0021
   9.73289292703258296011728157835048243         1.28154633299914588288492138771345450E-0021
   9.72898215729107307342129380132740605         1.36619731813583513940469903155890532E-0021
   9.72497536642341971665282903119596579         1.45867403026845548483954604203026263E-0021
   9.72087259397503114663743910138170138         1.55979421932368909092732894024472179E-0021
   9.71667388043861507272549506636677912         1.67047156208094318305640399924319013E-0021
   9.71237926725377901011466335178369324         1.79172786648428923529166392228586106E-0021
   9.70798879680662128765357710830438706         1.92470694408690719392306398167238943E-0021
   9.70350251242931271416329063025908907         2.07069039254506652182111334603360167E-0021
   9.69892045839966890740530135809145061         2.23111556705641278281892506519540548E-0021
   9.69424267994071328991707989249233898         2.40759606253362214840483199632286866E-0021
   9.68946922322023075602816269781265416         2.60194507810675015970172405539278378E-0021
   9.68460013535031201446193385400492693         2.81620209341424518725680118537673636E-0021
   9.67963546438688861102025042117427276         3.05266335343366384488472671069706658E-0021
   9.67457525932925863594004980055001655         3.31391673691658867293111604484547315E-0021
   9.66941957011960312060301600247694060         3.60288167470704920903013311651051354E-0021
   9.66416844764249312837127405847347487         3.92285489054985802436256414307733517E-0021
   9.65882194372438754441392703357303276         4.27756286103832279068146486939535906E-0021
   9.65338011113312156948104730057895525         4.67122203617810435930181572401033049E-0021
   9.64784300357738592267348202352173167         5.10860803127421657177138460231976631E-0021
   9.64221067570619675834853125799071001         5.59513519875220218083694219020781795E-0021
   9.63648318310835630239320480609490728         6.13694822014683280323138632515523110E-0021
   9.63066058231190421318836005906220967         6.74102762979485298783130705931337463E-0021
   9.62474293078355967267856661689720648         7.41531149980537588746041974031980523E-0021
   9.61873028692815421305403358858686697         8.16883588900170280515020056824615037E-0021
   9.61262271008805528464237124509991015         9.01189709662235843018047167742005687E-0021
   9.60642026054258057069933921843580633         9.95623927636272163296106007358133888E-0021
   9.60012299950740305487905781135421531         1.10152715717431215025455349990266917E-0020
   9.59373098913394684725542630282034435         1.22043196463211613905190614462632791E-0020
   9.58724429250877377485770150286492049         1.35409173215492787174165280851938939E-0020
   9.58066297365296074277434032727929679         1.50451450244462705072150359681279992E-0020
   9.57398709752146787197030092772802866         1.67400229144673733903596031834376870E-0020
   9.56721673000249742005402702743390215         1.86519679370810245236548915093219036E-0020
   9.56035193791684349132130867814338925         2.08113256799858493658096081173559476E-0020
   9.55339278901723254249411877279089352         2.32529898336053810166416281450660266E-0020
   9.54633935198765469066336742294117358         2.60171243365394879910185696919559314E-0020
   9.53919169644268583003529484411946675         2.91500059859758038384831119237168097E-0020
   9.53194989292680056417193678959076235         3.27050084926746334381568457961315998E-0020
   9.52461401291367596050674393871848136         3.67437527557126791413525100032624716E-0020
   9.51718412880548613400701708506593812         4.13374526382047484957493993159157421E-0020
   9.50966031393218766694533258790877601         4.65684908788437791366156479576688604E-0020
   9.50204264255079587183257645548022500         5.25322661396449721265364716100962894E-0020
   9.49433118984465190465557972642859086         5.93393597648360243554870591926732166E-0020
   9.48652603192268073565265161567012468         6.71180798459297456290306011287266017E-0020
   9.47862724581863998495053930080824248         7.60174509377059776101650627284527043E-0020
   9.47063490949035963047650335500442284         8.62107305904929603750511842020672994E-0020
   9.46254910181897259564928479178312969         9.78995491663160737297878432610884890E-0020
   9.45436990260813622444275258761065433         1.11318787684232789620237314566675081E-0019
   9.44609739258324465150595850081495672         1.26742330288465670801078169553302056E-0019
   9.43773165339063207511318812285920230         1.44489854068754351882173227740779874E-0019
   9.42927276759676694080738249324267873         1.64934850250250217115377841875103381E-0019
   9.42072081868743704369001239623388178         1.88514108253537728594263520319114674E-0019
   9.41207589106692555740011675086174619         2.15738939063698252705156693035467473E-0019
   9.40333807005717799791476642049769599         2.47208468262809569306336410789509045E-0019
   9.39450744189696013039268442113162441         2.83625393813174034103051006506011159E-0019
   9.38558409374100682737214201504985105         3.25814681455338152010864768786563766E-0019
   9.37656811365916188672355665683407854         3.74745764100994981820621085841862612E-0019
   9.36745959063550881784644132999838568         4.31558924121334545926005074117130770E-0019
   9.35825861456749260468949459456582940         4.97596672914272182097781359923802705E-0019
   9.34896527626503245426167577868351938         5.74441105379944253448352357695662149E-0019
   9.33957966744962553939107931204717133         6.63958403769455900133190070345679133E-0019
   9.33010188075344174457730533735934465         7.68351902873054647055797845196705498E-0019
   9.32053200971840942387181957103919651         8.90225415279248835489676454239163657E-0019
   9.31087014879529217980950303955666597         1.03265886192103769375506910479557032E-0018
   9.30111639334275667250321091757155768         1.19929867204962046550625779760820734E-0018
   9.29127083962643146810168836388854159         1.39446592362501367408316178925574485E-0018
   9.28133358481795693589962911735012448         1.62328580874946786189698801914849469E-0018
   9.27130472699402620347700880433528611         1.89184275218317116841353326975087182E-0018
   9.26118436513541717933307855057044794         2.20736641220861284255808650889993269E-0018
   9.25097259912601565256856471146395005         2.57845488635999417213128587990584026E-0018
   9.24066952975182947925768646703943446         3.01534277157378855911358217269033260E-0018
   9.23027525869999386523957380059235673         3.53022334016697076653038749617801396E-0018
   9.21978988855776775514654312619107568         4.13763605207092518350356999933627922E-0018
   9.20921352281152133757446568180165333         4.85493300620301992483824106880026632E-0018
   9.19854626584571467638814389580125976         5.70284083305567263259765541617846586E-0018
   9.18778822294186747824219239959223628         6.70613806075827775862723597519206357E-0018
   9.17693950027752000648540233354339178         7.89447228794143519521496465472993350E-0018
   9.16600020492518515170394921415545040         9.30334674017786755752849905843063979E-0018
   9.15497044485129166924608503475227846         1.09753121828358019027502793279958311E-0017
   9.14385032891511859415813359871626833         1.29614079697738297076794410862560686E-0017
   9.13263996686772084404868347290026915         1.53229055409812040195972363973363353E-0017
   9.12133946935084602048484453996054650         1.81334193317272477534388655591700794E-0017
   9.10994894789584241961130106359126186         2.14814642985588199282093284252135686E-0017
   9.09846851492255826276965560265900440         2.54735566905090892175213674623280662E-0017
   9.08689828373823215798221316273593715         3.02379760188877920342557082205954143E-0017
   9.07523836853637480325090280126179360         3.59293322939083212037193813849905331E-0017
   9.06348888439564194270847365133594911         4.27341145939691639096310059347687756E-0017
   9.05164994727869858674543314582593048         5.08774362592218569589190581514612755E-0017
   9.03972167403107450732241625602753109         6.06312401126560974742589241386423750E-0017
   9.02770418238001101976378495655742376         7.23242861519812953679649889185460338E-0017
   9.01559759093329906241425604062704222         8.63543166424045925125523281962194250E-0017
   9.00340201917810858562624198856178248         1.03202882579982386177602265056408314E-0016
   8.99111758747980926163136298972671075         1.23453424919837434414497960907663264E-0016
   8.97874441708078252693524758734978894         1.47813338503411368339827190586626324E-0016
   8.96628263009922496896028391167305077         1.77140912114806571345615365381153514E-0016
   8.95373234952794306874641224512138324         2.12478241762764281272481889177464641E-0016
   8.94109369923313931160536188061006160         2.55091465036700718127857131697226895E-0016
   8.92836680395318967770893004871886407         3.06519973241870522484587445528151047E-0016
   8.91555178929741252467697726040393368         3.68636638605565836925626242314306810E-0016
   8.90264878174482887431577089952723555         4.43721563016505805379102319265492689E-0016
   8.88965790864291411574214646526137911         5.34552433365423860026914394145222797E-0016
   8.87657929820634113721367267106204833         6.44515282404212684113519010600465100E-0016
   8.86341307951571489906960181827094753         7.77740335084534687507415201792879903E-0016
   8.85015938251629846027185964359807512         9.39268708141307462999098036195332677E-0016
   8.83681833801673047111967835702130167         1.13525707426346475214034798209932652E-0015
   8.82339007768773414479570200753788749         1.37322906227048803606377694328358280E-0015
   8.80987473406081772048549380743576489         1.66238421654904065516966381267477698E-0015
   8.79627244052696643089634978128430199         2.01397787589494552024458345672761246E-0015
   8.78258333133532598708517125487812674         2.44178846952955521171260542644649627E-0015
   8.76880754159187759358886943435589900         2.96269260987715420328900841505181654E-0015
   8.75494520725810450693436782036906671         3.59737316565426320608555379235538742E-0015
   8.74099646514965015068873163146916106         4.37119144571238026715137911574824640E-0015
   8.72696145293496780029328695106603083         5.31526198785544195395230377046788584E-0015
   8.71284030913396185100879514091489248         6.46777756753530215101024949257065791E-0015
   8.69863317311662068238181935993909596         7.87564334096594850649729058491692066E-0015
   8.68434018510164113272535897040776967         9.59649303975233908872907582800488534E-0015
   8.66996148615504459718963338548919800         1.17011774901651333372970459029605902E-0014
   8.65549721818878476308156869573233942         1.42768372475538881713252965843028222E-0014
   8.64094752395934699617407739115316469         1.74306978183363276382509838994420632E-0014
   8.62631254706633939182862285571289449         2.12947590345808619943060927625012104E-0014
   8.61159243195107550483682523880347161         2.60315911971327270038888359050119228E-0014
   8.59678732389514877196899299198021349         3.18415015350630271323600806465416388E-0014
   8.58189736901899864129945398803535277         3.89713977302008169289500756703074593E-0014
   8.56692271428046842246041090438465734         4.77257536925299530517172743450719152E-0014
   8.55186350747335487205775664580850141         5.84801801310864386134020408597183935E-0014
   8.53671989722594952856385619639296847         7.16982233246002071151672799463803286E-0014
   8.52149203299957181108373062198714260         8.79521655449164317897422873912147141E-0014
   8.50618006508709389647236618895458736         1.07948786890824069018195276684381710E-0013
   8.49078414461145738936201592017824912         1.32561279628701060969494550780708273E-0013
   8.47530442352418179973936157431637472         1.62868793413587800162400544064817893E-0013
   8.45974105460386484279326020975870670         2.00205446523890654095575874929552068E-0013
   8.44409419145467457583451038257949529         2.46221081306233679150099337584416608E-0013
   8.42836398850483338716963783144268664         3.02956592283714887456314345338410992E-0013
   8.41255060100509385189111842674308494         3.72937338770010526160414199355959970E-0013
   8.39665418502720646962672641257285565         4.59289002558027437413928845391894800E-0013
   8.38067489746237929937081775615034355         5.65881305292892304341356985906205541E-0013
   8.36461289601972950660033094936838521         6.97506309113908162328231440145104251E-0013
   8.34846833922472683795811009181522087         8.60099649632694379491720145340499847E-0013
   8.33224138641762903886582673617733634         1.06101506869936177752455715807918113E-0012
   8.31593219775190922950829700902283977         1.30936512045650496614909715025600072E-0012
   8.29954093419267525471035814775580360         1.61644403540853710317296194311935867E-0012
   8.28306775751508102330668303469991917         1.99625258934079954018776937046027517E-0012
   8.26651283030272985268397177999926163         2.46614961750111922894442632367772516E-0012
   8.24987631594606983425386512601994783         3.04766076328268306037779457660645447E-0012
   8.23315837864078123569367463843160398         3.76748243192353244677084007648717379E-0012
   8.21635918338615595587061853590888487         4.65872807673541626378444651828166195E-0012
   8.19947889598346904844368881573123359         5.76247530303184931261624400243284120E-0012
   8.18251768303434233021555428233378770         7.12968635908547466617008542212844201E-0012
   8.16547571193910009038502440749228233         8.82359204456537399945671222104901022E-0012
   8.14835315089511691692855987329393537         1.09226507092596307802443037775747666E-0011
   8.13115016889515765641711640291181940         1.35242208325154426337492193193083445E-0011
   8.11386693572570952365224830160000313         1.67491188947523904162362970038743210E-0011
   8.09650362196530637758287624498726669         2.07472753929961715856237190673452670E-0011
   8.07906039898284518004143949899059034         2.57047527841418236183626809392065109E-0011
   8.06153743893589465391530517242185818         3.18524521711958106711981803961879732E-0011
   8.04393491476899615744629552815883259         3.94769135253349834824450411009273484E-0011
   8.02625300021195679142801805175008137         4.89337106674301187213611676635994446E-0011
   8.00849186977813475614734113930428505         6.06640614357124650946779609916620108E-0011
   7.99065169876271697499285016289221362         7.52154207570055420734302169113377998E-0011
   7.97273266324098900172944354652050546         9.32670062551325092899211890724064885E-0011
   7.95473494006659722851438558572448382         1.15661430607424365089980945598836345E-0010
   7.93665870686980341180612131733273027         1.43443891968742407099835619345160780E-0010
   7.91850414205573153339297804300257664         1.77910715536564931372846104524318613E-0010
   7.90027142480260701384452738240712114         2.20669460588700767590663256349861273E-0010
   7.88196073505998829576386023284301877         2.73713326296417182271284304021098598E-0010
   7.86357225354699081429433399658200363         3.39513228598586400286157184531868709E-0010
   7.84510616175050337240948616225802919         4.21131706699831627558828495809400981E-0010
   7.82656264192339693858977005041699658         5.22363784680654747543820447963594501E-0010
   7.80794187708272588456455651621500343         6.47911102017431883512365851986642540E-0010
   7.78924405100792168087245890600700496         8.03597086215261618918806279337897379E-0010
   7.77046934823897906806747685281525068         9.96632731858552556500343129412205328E-0010
   7.75161795407463472147271683373035482         1.23594474698875491662146864475903328E-0009
   7.73269005457053842745753306723766892         1.53258051962035377432632092160345889E-0009
   7.71368583653741678928784056908264919         1.90020765353582684407617913414496308E-0009
   7.69460548753922948067308228214635011         2.35572985574198399837118053068286045E-0009
   7.67544919589131806520688342120991639         2.92004588877563973896671816293685060E-0009
   7.65621715065854739997179780152396325         3.61898432399324788093454951133303318E-0009
   7.63690954165343964165174222661682360         4.48445418244538499028511220680689836E-0009
   7.61752655943430087356872527340600885         5.55586051229657220027291768238413281E-0009
   7.59806839530334037213330531083814154         6.88184486911983376547955193543295458E-0009
   7.57853524130478253127085860318622662         8.52242395120181959449847231802944433E-0009
   7.55892729022297146345820116379247359         1.05516157936837234041537213539295123E-0008
   7.53924473558046829607738692428137854         1.30606625405958364212185040853375284E-0008
   7.51948777163614118186559905471778491         1.61619826095928340650658245653520136E-0008
   7.49965659338324804231196020030684222         1.99940138992127575344816826501152570E-0008
   7.47975139654751206292381028031504011         2.47271445896438646623983824655850620E-0008
   7.45977237758518995935653661705800333         3.05709702811272908460715446638628915E-0008
   7.43971973368113303347238982101877309         3.77831671600085871410928980247182422E-0008
   7.41959366274684103846487934824747605         4.66803323185803386584012659050387396E-0008
   7.39939436341850887225631426582421195         5.76512163439544807663705997208530211E-0008
   7.37912203505506611844683680988057754         7.11728622772045665802036045421831615E-0008
   7.35877687773620945416388809988105243         8.78302719165132271084349857021503831E-0008
   7.33835909226042794423144618585134805         1.08340348606138811849367566960845651E-0007
   7.31786888014302124114858575717894103         1.33581019129548751714618389845720913E-0007
   7.29730644361411071043692563956563537         1.64626620822432317349237002297445361E-0007
   7.27667198561664350098635395964536203         2.02790859059554409966653166449523529E-0007
   7.25596570980438958009805087556044863         2.49678901297817795220195344312481574E-0007
   7.23518782053993175299326436919598907         3.07250484390682937468258787922839705E-0007
   7.21433852289264868662553508650349862         3.77896280655926308615620588603379258E-0007
   7.19341802263669095770311091302595990         4.64530205290325461835613083395644874E-0007
   7.17242652624895014489714020092340907         5.70700864853592179277534371979604017E-0007
   7.15136424090702098527988364198712846         7.00725957118577430641850258270151739E-0007
   7.13023137448715661510563803076283016         8.59854151998524859190675333367788662E-0007
   7.10902813556221691511531990737309131         1.05445982909050353121747860747205291E-0006
   7.08775473339960998061371263728985906         1.29227703960024242601986792300370451E-0006
   7.06641137795922673663623620347816541         1.58268022165501871371689878350011060E-0006
   7.04499827989136871858975418530368872         1.93702055374172428497659834030533965E-0006
   7.02351565053466903881938641064002800         2.36902840976369539574822250018079988E-0006
   7.00196370191400655962054792698259835         2.89529421277315180299275750243436727E-0006
   6.98034264673841329328248458032326758         3.53584210796971515166234459530565874E-0006
   6.95865269839897504981642195531032119         4.31481332768386094703765553186566709E-0006
   6.93689407096672535308808705706450192         5.26127894386640061378986596674285654E-0006
   6.91506697919053264614080024620775966         6.41020494249612554102361163950875405E-0006
   6.89317163849498080656156791846963383         7.80359625778259631745746361950169004E-0006
   6.87120826497824299280863359497390101         9.49185062318167183838070144690943890E-0006
   6.84917707540994884248476580731383995         1.15353578840885638908985724607495758E-0005
   6.82707828722904504360617477317421368         1.40063858276087962457040919442918351E-0005
   6.80491211854164929998235571597203322         1.69912996716337639823420052446741952E-0005
   6.78267878811889771188735414023683206         2.05931691700334425298259488827427677E-0005
   6.76037851539478559326793678976213355         2.49348248802031729674456118194304847E-0005
   6.73801152046400174679893074652342472         3.01624335433085914392459531592576825E-0005
   6.71557802407975621816056153563446126         3.64496717754459071747270021789199770E-0005
   6.69307824765160155097697854793898116         4.40025873735908998834155448955108624E-0005
   6.67051241324324756391930194202681746         5.30652484974159740081634866909418756E-0005
   6.64788074357036967154045880842843787         6.39262927641650175861396850196943752E-0005
   6.62518346199841077047279713948101562         7.69265008225002312415435968678459203E-0005
   6.60242079254037671268297341997401355         9.24675321442522574310160611182786300E-0005
   6.57959295985462538754190280938195428         1.11021974430361628035453939145330394E-0004
   6.55670018924264943453063930159849782         1.33144871946559845913802233859298661E-0004
   6.53374270664685260846591630004077464         1.59486911988488845825502008899637954E-0004
   6.51072073864831981919172511436317170         1.90809462140126495627460470492566693E-0004
   6.48763451246458086774573935150405401         2.28001663546503927215187195983483127E-0004
   6.46448425594736790107160642222392745         2.72099796467315647116195255096072926E-0004
   6.44127019758036660741012280065946450         3.24309143174588275002170941270534867E-0004
   6.41799256647696117456408664684501688         3.86028578918653176395622049064075546E-0004
   6.39465159237797303329317932092790438         4.58878123161662230882684020544240581E-0004
   6.37124750564939340815656557537410434         5.44729679338039382351004221172031312E-0004
   6.34778053728010969818202020244309138         6.45741180627926564357259919050187501E-0004
   6.32425091887962570980128603539472459         7.64394340006025668293190202880257564E-0004
   6.30065888267577576455204385224699210         9.03536173335800433182247876293325360E-0004
   6.27700466151243270410732831158729157         1.06642442250080417146326365533454678E-0003
   6.25328848884720981525345496429893193         1.25677694929700428315387847648765568E-0003
   6.22951059874915669749753103864416143         1.47882509768369043076985666727754776E-0003
   6.20567122589644909604540649669383593         1.73737092950767723371497743352105570E-0003
   6.18177060557407272295048121756981975         2.03784812439921128296753182475318422E-0003
   6.15780897367150108929311848954263915         2.38638619560204055890582448974781958E-0003
   6.13378656668036737130952370309789050         2.78987750753924069250489283088981675E-0003
   6.10970362169213033344782964727133153         3.25604638562047830980763841543876649E-0003
   6.08556037639573433138778554070783714         3.79351938219081880953462442356423735E-0003
   6.06135706907526341811887529811519158         4.41189550313555423012037281638498810E-0003
   6.03709393860758957622989096539549056         5.12181490672194783982653188933682777E-0003
   6.01277122446001509962095917833005125         5.93502425994023293535026477463710410E-0003
   5.98838916668790914790676133810867489         6.86443657925402444458131383492179006E-0003
   5.96394800593233849683720138233239691         7.92418299510852086039378925199924510E-0003
   5.93944798341769250811905799474851096         9.12965346737668154992052639531851810E-0003
   5.91488934094930234207921027553805970         1.04975230488532031393006168042308749E-0002
   5.89027232091105443666684672338699022         1.20457598550664099938757982912805019E-0002
   5.86559716626299827634865630003433558         1.37936104629507660645872446206700589E-0002
   5.84086412053894847450735679899413629         1.57615580432345687251214971117739331E-0002
   5.81607342784408119301003916647707522         1.79712481499731986102401163730983662E-0002
   5.79122533285252492266869627027727786         2.04453767672046389320838332481711850E-0002
   5.76632008080494564837096032992936672         2.32075349724969632889680071722092468E-0002
   5.74135791750612642271449425948094798         2.62820044490022642482376892731410731E-0002
   5.71633908932254137203366798578326223         2.96934980936586079480409560965144253E-0002
   5.69126384317992415876210084561582984         3.34668401644432759747192980306759544E-0002
   5.66613242656083092412936489189494023         3.76265808214088778506480278747906379E-0002
   5.64094508750219773524462081266848906         4.21965405833238408865419197383320226E-0002
   5.61570207459289256067419764890593887         4.71992811829219369090799378802665583E-0002
   5.59040363697126179867412905293062608         5.26555005964465352205488284035565551E-0002
   5.56505002432267138229242192573830139         5.85833516814115204331827269260189200E-0002
   5.53964148687704248560935737778107941         6.49976859087188130485223036979980686E-0002
   5.51417827540638185543740854580808460         7.19092261416314776060579510548846693E-0002
   5.48866064122230679285540434214603156         7.93236753035355862734378392170166353E-0002
   5.46308883617356480900437218884633041         8.72407710834195003138016002485807779E-0002
   5.43746311264354797962505567626615535         9.56533005291933626258722482419414205E-0002
   5.41178372354780202286942436511487769        0.104546092429693513417212136579055655      
   5.38605092233153012497057210639431591        0.113895009717125544785953561430378565      
   5.36026496296709153840723677099125036        0.123665968635714896669768767694692533      
   5.33442609995149497725076764833802054        0.133814015992086237300674177003825132      
   5.30853458830388683443371648233612631        0.144282500268965535841789493178062940      
   5.28259068356303424573033365583765186        0.155002376554050828593545743472431737      
   5.25659464178480302529011190800891107        0.165891688886187098638333687503493928      
   5.23054671953963049761613566988381263        0.176855276497609853193137101925487089      
   5.20444717390999325093036413279436855        0.187784752255221760730605522048419210      
   5.17829626248786983691810002501082500        0.198558802078604741996253106727739811      
   5.15209424337219844189377326913166147        0.209043852931815886018753937666066567      
   5.12584137516632955447979873426650324        0.219095153847214215275437209832157908      
   5.09953791697547365493964969302428918        0.228558309057855345789401898312649099      
   5.07318412840414395135542285637052327        0.237271294441063460845902694330042917      
   5.04678026955359418788905650461578775        0.245066977915602609256790355580440376      
   5.02032660101925155041499977766133356        0.251776151071328609933028598724037969      
   4.99382338388814469486051815213340297        0.257231063125993234835254652396150677      
   4.96727087973632692363795703962617769        0.261269429404467557298523926460008473      
   4.94066935062629453560117181385209756        0.263738865171290763827958074200405609      
   4.91401905910440037500596794244847803        0.264501672232623443228336778287021961      
   4.88732026819826260500177879136919338        0.263439880852451401486558430328685207      
   4.86057324141416873122894061853956351        0.260460423983208690295963409126644634      
   4.83377824273447490114280381359841322        0.255500295566141966745961734414671880      
   4.80693553661500050473254610941129966        0.248531520866898536493199607709472377      
   4.78004538798241810234892682842671239        0.239565745794044081976006537573666177      
   4.75310806223163870540134077517661726        0.228658235348308900137961440287454100      
   4.72612382522319243573039569011265571        0.215911060295571238426151063652303615      
   4.69909294328060458950784778684755828        0.201475247393669647090035357250223394      
   4.67201568318776713156108535457973835        0.185551673522140129883320751381490686      
   4.64489231218630564606445027237733086        0.168390499209030392406872647077178607      
   4.61772309797294176958453110696888805        0.150288963418477691408129850020660616      
   4.59050830869685113251114880814089035        0.131587399802690639186951602469921320      
   4.56324821295701683495008643571825789        0.112663385216899719106085053626644780      
   4.53594307979957848319768741187973687         9.39239938639258486959284491993210441E-0002
   4.50859317871517681296126205725206072         7.57962040342224607860683727006392259E-0002
   4.48119877963629392553279920639624811         5.87155873605772607918958333326207420E-0002
   4.45376015293458916316677807805585799         4.31135003551261840833704618445614162E-0002
   4.42627756941823064995591487054300233         2.94030914882435488996657131551872668E-0002
   4.39875130032922252454145833811284976         1.79645301935749722800796362904033050E-0002
   4.37118161734072789103716845790222772         9.12995225649868659422040441196740270E-0003
   4.34356879255438751458837179932869749         3.16869384794367558525501871371567828E-0003
   4.31591309849763428802948594167915652         2.73448453301057590941970713653371122E-0004
   4.28821480812100349614514283645084752         5.48021495200758359141512643483443509E-0004
   4.26047419479543890408151696691005994         3.99737117481002083640412068486062314E-0003
   4.23269153230959469649567810895365513         1.05206061663549195164210086813199838E-0002
   4.20486709486713329407174003793094170         1.99075574754761254323578101709031622E-0002
   4.17700115708401907407326525143305078         3.18394505618120503942637008019159397E-0002
   4.14909399398580802164181128660264578         4.58940740214245647759877451100875578E-0002
   4.12114588100493333859166610327501553         6.15556740955492552196278537231436755E-0002
   4.09315709397798703649071788485070980         7.82296037303866631778474290230137038E-0002
   4.06512790914299754085703808344388947         9.52615270713891060990916896403317818E-0002
   4.03705860313670333334012521338312781        0.111960733876689461024267591041056241      
   4.00894945299182265879486038900949329        0.127626864517833551009677170782473275      
   3.98080073613431932419506352298474973        0.141579098230946478439229644054135483      
   3.95261273038066461637211106667583610        0.153186629909383717104733531279888429      
   3.92438571393509536560238180393060676        0.161899069719590214364927445965805529      
   3.89611996538686818210533612564319410        0.167275260956884330780621387695518048      
   3.86781576370750989255180603949639901        0.169008939671381544582740311580852858      
   3.83947338824806420371957753437062304        0.166949667476868476989771588103851536      
   3.81109311873633462047058345197104958        0.161117566221645933692238807472925836      
   3.78267523527412364526099335173756044        0.151710575193971035889463157702939991      
   3.75422001833446828643218662420259410        0.139103238356236625621250562030939077      
   3.72572774875887190256702595043913893        0.123836404847794146574359155143369618      
   3.69719870775453241023200976153624485        0.106597678298610886549373998205245565      
   3.66863317689156688246177426525329903         8.81929604453025200826783907807382399E-0002
   3.64003143810023256537803752289774584         6.95099770572994986315894697527687146E-0002
   3.61139377366814434037042962647031760         5.14752188755461662189641143742517599E-0002
   3.58272046623748865930173389532128729         3.50062428088968388545957213277412519E-0002
   3.55401179880223398023487383672685805         2.09617225979373742897592678075135681E-0002
   3.52526805470533773121351905236756704         1.00919772796874052103013468221189101E-0002
   3.49648951763594982966244998179018260         2.99290653600461071744062758813569241E-0003
   3.46767647162661278500781601636220225         6.62963011164317348022011618486832352E-0005
   3.43882920105045841215114375747065148         1.48930590224469057203907318695128768E-0003
   3.40994799061840118346440169794921634         7.19560017478168665248346401465900592E-0003
   3.38103312537632824700660404580689772         1.68700496860239047562260769037501968E-0002
   3.35208489070228613869533945683925090         2.99582065783637036588195001691294428E-0002
   3.32310357230366421619923977289000791         4.56909040961488871894057831594500132E-0002
   3.29408945621437484234975915335823859         6.31233698085371020480395137554631956E-0002
   3.26504282879203034590271491968047583         8.11872430922038286663660280752281940E-0002
   3.23596397671511678751184768933260919         9.87529129113394047851985867518728140E-0002
   3.20685318698016455880818964347784099        0.114698713810223622533351015679878838      
   3.17771074689891584251028573953384387        0.127982808126148795987067974314111088      
   3.14853694409548896152129303816057238        0.137713107427349430698536356635863559      
   3.11933206650353964499968775771637993        0.143210401954193118970999463691125115      
   3.09009640236341923942073789505371921        0.144060012937279454040453725789764533      
   3.06083024021932989267605095931244113        0.140147777456248863243723783206690958      
   3.03153386891647673928838125753336618        0.131677012492973810725789919718745883      
   3.00220757759821711484847895260431462        0.119164250561355378875103247079307545      
   2.97285165570320682781008349314683631        0.103412933205266920329769211595517376      
   2.94346639296254351680820670207443958         8.54658051735153883620337262818111788E-0002
   2.91405207939690712169461551906226477         6.65383649974775335911227736143407527E-0002
   2.88460900531369749651291083816810936         4.79372767385490312809577492396994024E-0002
   2.85513746130416919266380678418555852         3.09690069455828395694785976680578012E-0002
   2.82563773824056344053914385159122835         1.68449986654484388245537472615768278E-0002
   2.79611012727323735793081931252096932         6.59032364543926236810640572136258080E-0003
   2.76655491982779041354818891218016781         9.62882576644286083058590600213890059E-0004
   2.73697240760218817400458484132416826         3.89803428641501552364413698306881955E-0004
   2.70736288256388336266040603855924589         4.92671301228924066275789761917571569E-0003
   2.67772663694693425873676776559830603         1.42440658750078521623307539452432942E-0002
   2.64806396324912046513994785440922326         2.76427927986663938704442032179874189E-0002
   2.61837515422905607346283678733617320         4.40993068946158601709180162909719730E-0002
   2.58866050290330025465528758344429662         6.23375425931456262821118670148153608E-0002
   2.55892030254346530388066907299747397         8.09233901492787566169487824238649027E-0002
   2.52915484667332216810105229636490341         9.83748240582263354636762141712377993E-0002
   2.49936442906590348495830421577971798        0.113279399757355758393373786813044214      
   2.46954934374060416154292543303715144        0.124409776774544947875709515739866968      
   2.43970988496027952166674892099899098        0.130827644615789298815479261667525797      
   2.40984634722834105027961466202809068        0.131966951111436433502116528324125196      
   2.37995902528584976369385030536234540        0.127688666287762085651244303758169616      
   2.35004821410860723430382027389190759        0.118301390917270224739861280083984617      
   2.32011420890424429851095493755922641        0.104544799445357031289122549414290229      
   2.29015730510930747658753729718540466         8.75359899993452657228677443845725229E-0002
   2.26017779838634313323510686326210522         6.86820478970178612411265756844742380E-0002
   2.23017598462097940761563884625796253         4.95652316807753791246263985467577245E-0002
   2.20015215991900594165567117819593872         3.18098744561377849456568121788768995E-0002
   2.17010662060345143544528204238974931         1.69420910037578046436586859233766646E-0002
   2.14003966321165905857526628481568910         6.25447263101457226138461834340659859E-0003
   2.10995158449235974627702010498045900         6.87987945348549557416613408860087715E-0004
   2.07984268140274340925051956747517620         7.42229488063331442115742991586112918E-0004
   2.04971325110552808608636953164156849         6.42299570082541701464629603387570395E-0003
   2.01956359096602706720820536269291253         1.72331211086266508211933104780068273E-0002
   1.98939399854921401928175006282002402         3.22087073260862539591798855533654848E-0002
   1.95920477161678613905656404767925985         4.99987847928695516028015504238383159E-0002
   1.92899620812422536562597349743295782         6.89823236678205066851931413196932397E-0002
   1.89876860621785768010982584024186134         8.74128047215851600682516601488582167E-0002
   1.86852226423191052178359729066666753        0.103577631617603367781745778671437090      
   1.83825748068556834969596727951966874        0.115957832549373469263034070306783563      
   1.80797455428002637883527789184265930        0.123372988658093579512658226878681526      
   1.77767378389554251992331289522779387        0.125097247173230119129798617620874966      
   1.74735546858848755193256041382878970        0.120934601025158262739041224376858276      
   1.71701990758839355644056560914781424        0.111245175529700056321389019118032420      
   1.68666740029500064295213469488034514         9.69187574670604741886578663430932271E-0002
   1.65629824627530199433701907044339671         7.92968258511362015730269441784602719E-0002
   1.62591274526058726154728813982692853         6.00494186624110944537653441790908854E-0002
   1.59551119714348433679489132545817237         4.10177910929412778644827082887042947E-0002
   1.56509390197499953438591373005916341         2.40375075904178728529180771935440624E-0002
   1.53466115996155620842374568505644874         1.07589557271610933528097051738498103E-0002
   1.50421327146203183660881389686033121         2.48298792784286191146399832376165279E-0003
   1.47375053698479359937766091000620000         2.83555042679616088372645654968899546E-0005
   1.44327325718473248363900999932647039         3.64484190772628410090817381491213588E-0003
   1.41278173286029594037901423543123873         1.29817509319125469870141689909683734E-0002
   1.38227626495051912542216119510130574         2.71160462236965505086114602816788357E-0002
   1.35175715453205475264828846987280847         4.46384859161513194359810983683184404E-0002
   1.32122470281620158897985962410500116         6.37901462803923568987151778387546008E-0002
   1.29067921114593162046705543301255476         8.26363979512690472051856223288281779E-0002
   1.26012098099291591881135095920740349         9.92612611762927208072066735252929307E-0002
   1.22955031395454923768107517378577922        0.111962590489302595753327051127343507      
   1.19896751175097336818498626832455954        0.119428032441363556462007226703098927      
   1.16837287622209928288214241358808948        0.120873272412503613319316533588444047      
   1.13776670932462809771830437842284650        0.116127630782899923316076233625539575      
   1.10714931312907088129077301022551195        0.105657264351209752688247379658033787      
   1.07652098981676734085494098136558509         9.05225693956667795769292508465866383E-0002
   1.04588204167690341449692431174616161         7.22732242880162433401542815057440563E-0002
   1.01523277110352779890743487688047461         5.27909359947586106057029092793895339E-0002
  0.984573480592567442202560296898146963         3.40956532227092964924853528658567651E-0002
  0.953904472738842031247332171091716906         1.81351472374147998201859485993056147E-0002
  0.923226050233077502947887474157456631         6.57995935946119648563129373437378778E-0003
  0.892538515858918608987660966230129025         6.45500456025135261524772096321138645E-0004
  0.861842172489940563492388594085137271         9.60535285402232560053962783606143297E-0004
  0.831137323086659803117752983280417765         7.49662002006383687097326465682738296E-0003
  0.800424270693543889062262151203514006         1.95667468877224998857732136297544527E-0002
  0.769703318436020580516421422518582383         3.58941384355869425776565797228871493E-0002
  0.738974769517486109067436117789462198         5.47446014996321613217496769093450374E-0002
  0.708238927216312683586568832378943834         7.41089140428482474297241195722635930E-0002
  0.677496094882855255133869948256780109         9.19161441258782055949653548297509505E-0002
  0.646746575936457571422303351132169339        0.106255221796980898070012737557313792      
  0.615990673862457550390301087279248110        0.115580925911507033551610699309571482      
  0.585228692209192002438500819343461475        0.118881873603183402140124567092152901      
  0.554460934585000730892848361977544973        0.115791992274054535190690046197138943      
  0.523687704655230040262384232912342996        0.106632919568212172066069726258066641      
  0.492909306139235681865877982453487361         9.23821869379200971124748392930456501E-0002
  0.462126042807385266407027006724038665         7.45700985478387443193936280643925201E-0002
  0.431338218478060173083197552440103387         5.51160377944088236035272008754360634E-0002
  0.400546137014656984817654631687443786         3.61216514384308179539150324215137772E-0002
  0.369750102322588479209904535019827946         1.96432208448965748199842684364228164E-0002
  0.338950418346284204803158514064682378         7.46797372463234752290694944488592439E-0003
  0.308147389066190672272018957421413690         9.18823852570519501243380841392514127E-0004
  0.277341318495771190137289965578760073         7.09055622763831212772034023774263697E-0004
  0.246532510678505374618322604349513850         6.86310223110771727894326472394458871E-0003
  0.215721269684888363236521247297664868         1.87123786775733212816031825569251384E-0002
  0.184907899609429761786561274072611900         3.49669098025764182023559975483820481E-0002
  0.154092704567652354294499944610130752         5.38551469021393257334393291427747423E-0002
  0.123275988693090605584301492838145843         7.33168220498457139003330677345804198E-0002
   9.24580561342889860763443547495950053E-0002   9.12277908902613812541350867562176185E-0002
   6.16392110518001484432329442731732841E-0002  0.105632226385504998538279677087707447      
   3.08197576151829857496984989692256334E-0002  0.114956656205330995325243699359766310      
   6.00704543221772133721764985001508439E-0016  0.118182290694329810458125791989507424      
  -3.08197576151817843465407667523240301E-0002  0.114956656205331244491287612953508295      
  -6.16392110517989470578612875243762410E-0002  0.105632226385505469644109189519408097      
  -9.24580561342877847206159620682588071E-0002   9.12277908902620228310678527071293333E-0002
 -0.123275988693089404270073260256577903         7.33168220498464558758819855490378168E-0002
 -0.154092704567651153033628358570812600         5.38551469021400871032345363449806997E-0002
 -0.184907899609428560590902294409464588         3.49669098025771158905644152298017079E-0002
 -0.215721269684887162117930190222511937         1.87123786775738792155469753782754691E-0002
 -0.246532510678504173588654025444894610         6.86310223110807468213462101150084574E-0003
 -0.277341318495769989208397542798259369         7.09055622763949209183179865379651018E-0004
 -0.308147389066189471455755374098634816         9.18823852570385312099449856859878929E-0004
 -0.338950418346283004111375341932055055         7.46797372463197580431303704210176871E-0003
 -0.369750102322587278654452117238378322         1.96432208448960060053176431517186153E-0002
 -0.400546137014655784410381965888691542         3.61216514384301137939311258024840508E-0002
 -0.431338218478058972835952173781238655         5.51160377944080604030819145839274231E-0002
 -0.462126042807384066331654870957533072         7.45700985478380046189356803284615908E-0002
 -0.492909306139234481974223349012293308         9.23821869379194607279278412250666090E-0002
 -0.523687704655228840566289548011832783        0.106632919568211707464840194121281104      
 -0.554460934584999531404154141735355149        0.115791992274054292138121627560230849      
 -0.585228692209190803169045532918367835        0.118881873603183406405535321520488121      
 -0.615990673862456351351921040030261700        0.115580925911507284233034941900511314      
 -0.646746575936456372626832567798979711        0.106255221796981367808012551795802069      
 -0.677496094882854056593140056162708080         9.19161441258788436306162972790891897E-0002
 -0.708238927216311485312408944657556981         7.41089140428489851548481369272422646E-0002
 -0.738974769517484911071672716636003462         5.47446014996329197040248135972825769E-0002
 -0.769703318436019382810878242467363678         3.58941384355876406477076682761438611E-0002
 -0.800424270693542691658760062432437315         1.95667468877230633680070140741621367E-0002
 -0.831137323086658606028109874943747227         7.49662002006420603488100294708589276E-0003
 -0.861842172489939366728419257675711898         9.60535285402368463000836386680578343E-0004
 -0.892538515858917412561176978972139151         6.45500456025023735949232698268797918E-0004
 -0.923226050233076306870697082430944676         6.57995935946084947207714405156599366E-0003
 -0.953904472738840835531240173889952788         1.81351472374142539348726505760579932E-0002
 -0.984573480592566246859367929319027964         3.40956532227086090127294380999905448E-0002
  -1.01523277110352660394893969365309743         5.27909359947578533268237674945366721E-0002
  -1.04588204167690221993492007079372585         7.22732242880154949751828093274463985E-0002
  -1.07652098981676614670121752740575990         9.05225693956661175133829908753082892E-0002
  -1.10714931312906968755711615840942474        0.105657264351209244970804308278926326      
  -1.13776670932462690441649579801385083        0.116127630782899621686253154185877900      
  -1.16837287622209809002395951168144471        0.120873272412503548019205345760217843      
  -1.19896751175097217578220207360917706        0.119428032441363733313698159650910214      
  -1.22955031395454804574545822034918227        0.111962590489302995780957626084509552      
  -1.26012098099291472735466517038504679         9.92612611762933024013296273152063142E-0002
  -1.29067921114593042950106000528264914         8.26363979512697505677087573789202289E-0002
  -1.32122470281620039851630891102999879         6.37901462803931102780049217715700595E-0002
  -1.35175715453205356269893186608866683         4.46384859161520464886375558313448986E-0002
  -1.38227626495051793599874302035571458         2.71160462236971780232846862802762613E-0002
  -1.41278173286029475149327361867192309         1.29817509319130121848800559531992963E-0002
  -1.44327325718473129530268076284072666         3.64484190772654078695672719992244970E-0003
  -1.47375053698479241160247145361280821         2.83555042679845796047325525730587311E-0005
  -1.50421327146203064940648708215498295         2.48298792784264921282966759453123860E-0003
  -1.53466115996155502180599871971183450         1.07589557271606662052922461978836346E-0002
  -1.56509390197499834836445805218087009         2.40375075904172732979174794822520218E-0002
  -1.59551119714348315138143248799750671         4.10177910929405644090732724098967101E-0002
  -1.62591274526058607675352569505184250         6.00494186624103361819428385288912358E-0002
  -1.65629824627530081017464645446862795         7.92968258511354713299255624172703694E-0002
  -1.68666740029499945943283911225792378         9.69187574670598415191726998308789678E-0002
  -1.71701990758839237357602791751907138        0.111245175529699580850643906445596486      
  -1.74735546858848636973445500863900946        0.120934601025157988621029717712261426      
  -1.77767378389554133840330759450464182        0.125097247173230071070642178306357862      
  -1.80797455428002519800503382103952883        0.123372988658093760710049307830114828      
  -1.83825748068556716956713875642508757        0.115957832549373861411174968169199456      
  -1.86852226423190934236783171038087427        0.103577631617603933091000465863591042      
  -1.89876860621785650141876356022172668         8.74128047215858450602721294094828045E-0002
  -1.92899620812422418767124772260635285         6.89823236678212473649788014221511753E-0002
  -1.95920477161678496184980071563002083         4.99987847928702794929520861149668572E-0002
  -1.98939399854921284283456772904464103         3.22087073260869024177274547500437211E-0002
  -2.01956359096602589153221508593007915         1.72331211086271610566851042090337579E-0002
  -2.04971325110552691119317475927571528         6.42299570082574325895275013229501063E-0003
  -2.07984268140274223515171602101513918         7.42229488063444836083207766257416851E-0004
  -2.10995158449235857298419566561437661         6.87987945348440436141567001061748013E-0004
  -2.14003966321165788610000087904330283         6.25447263101425068082814455711406005E-0003
  -2.17010662060345026379914752773319991         1.69420910037572991533473694915305504E-0002
  -2.20015215991900477085023122899020610         3.18098744561371397681591845147933668E-0002
  -2.23017598462097823766244883952206725         4.95652316807746500376105864958384320E-0002
  -2.26017779838634196414571376465220322         6.86820478970171105609631505594457529E-0002
  -2.29015730510930630837347954703089532         8.75359899993445568522870767397885839E-0002
  -2.32011420890424313118376233698301069        0.104544799445356423311681501996404154      
  -2.35004821410860606787501387101590284        0.118301390917269767521297131809631200      
  -2.37995902528584859817494228159938620        0.127688666287761815846354969794316519      
  -2.40984634722833988568210821846135357        0.131966951111436371772944153668907438      
  -2.43970988496027835800213816485003933        0.130827644615789448451955178373730776      
  -2.46954934374060299882269526422374060        0.124409776774545294884534546539182683      
  -2.49936442906590232319393021356446695        0.113279399757356272996027364734393985      
  -2.52915484667332100730400060609596200         9.83748240582269748306150021111234134E-0002
  -2.55892030254346414406239629294229561         8.09233901492794685712252934427774714E-0002
  -2.58866050290329909582724065171764421         6.23375425931463536385181388554962208E-0002
  -2.61837515422905491563645286892345273         4.40993068946165453403693895606823242E-0002
  -2.64806396324911930832665422828628876         2.76427927986669833548664018391755762E-0002
  -2.67772663694693310294798171194882603         1.42440658750083005912726348579989575E-0002
  -2.70736288256388220790753472609076216         4.92671301228951407538902953836081769E-0003
  -2.73697240760218702029902521468394015         3.89803428641579701593842910429389575E-0004
  -2.76655491982778926090132757947193293         9.62882576644163625110892009273878276E-0004
  -2.79611012727323620635403243292371691         6.59032364543894889329540369398060034E-0003
  -2.82563773824056229004379702308110736         1.68449986654479577755602158598835368E-0002
  -2.85513746130416804326125493136200199         3.09690069455822261752115056407627371E-0002
  -2.88460900531369634821449810018532258         4.79372767385483297012993901624376874E-0002
  -2.91405207939690597451167513766714838         6.65383649974767935163269372681859668E-0002
  -2.94346639296254237075206090975206821         8.54658051735146613378320180743297150E-0002
  -2.97285165570320568289204340137459740        0.103412933205266256084729394448611633      
  -3.00220757759821597107984444021580133        0.119164250561354821911576102953920685      
  -3.03153386891647559668044085919313883        0.131677012492973397402465775039610083      
  -3.06083024021932875124008175410274134        0.140147777456248619530147067670232127      
  -3.09009640236341809916800539517426352        0.144060012937279394066340684398062849      
  -3.11933206650353850594144579729828943        0.143210401954193244430763154877611006      
  -3.14853694409548782366878366219558074        0.137713107427349731108902476861203687      
  -3.17771074689891470587473909291985012        0.127982808126149249737528531043497363      
  -3.20685318698016342340082386018191390        0.114698713810224198619224245135122789      
  -3.23596397671511565334386878167253189         9.87529129113400650741119894114722485E-0002
  -3.26504282879202921298531666772593040         8.11872430922045305228935978814615101E-0002
  -3.29408945621437371069412299445271366         6.31233698085378011287752931146830241E-0002
  -3.32310357230366308581653469129453252         4.56909040961495402216929089657415639E-0002
  -3.35208489070228500959672187349901886         2.99582065783642710295196806068447377E-0002
  -3.38103312537632711920321770824190339         1.68700496860243527604149150566310361E-0002
  -3.40994799061840005696737757026996568         7.19560017478198928336637538816465042E-0003
  -3.43882920105045728697159991052003730         1.48930590224483076996451088610474782E-0003
  -3.46767647162661166115685751798463567         6.62963011164020521767808617895350220E-0005
  -3.49648951763594870715116878722905578         2.99290653600441339490985392586285659E-0003
  -3.52526805470533661005299389479213145         1.00919772796870516953199906356945426E-0002
  -3.55401179880223286043617011788960530         2.09617225979368842596256052918659323E-0002
  -3.58272046623748754087590357634689912         3.50062428088962388306611336662965349E-0002
  -3.61139377366814322332851111877726541         5.14752188755454878761052954808776747E-0002
  -3.64003143810023144973105557925363451         6.95099770572987769167526734092780222E-0002
  -3.66863317689156576822073987096500544         8.81929604453017912585032947050610472E-0002
  -3.69719870775453129740792002577593653        0.106597678298610186274164194950399810      
  -3.72572774875887079117086399770724789        0.123836404847793508118939956942626227      
  -3.75422001833446717647492148592881205        0.139103238356236078307761529788739998      
  -3.78267523527412253675357985802092425        0.151710575193970603818250315379925631      
  -3.81109311873633351342396212346019870        0.161117566221645634802172494972097899      
  -3.83947338824806309814467447428526526        0.166949667476868322475912895433429372      
  -3.86781576370750878845953282579109399        0.169008939671381538674583940879654572      
  -3.89611996538686707950658970331447770        0.167275260956884470865243986033376941      
  -3.92438571393509426450804437746854550        0.161899069719590491423129305710117707      
  -3.95261273038066351679304999266106173        0.153186629909384116415288565522164447      
  -3.98080073613431822614213120283203703        0.141579098230946980497007992530094943      
  -4.00894945299182156227889416185893885        0.127626864517834132597785706428963608      
  -4.03705860313670223837194724913999206        0.111960733876690096378354116117707829      
  -4.06512790914299644744745527596814059         9.52615270713897681032803531848648634E-0002
  -4.09315709397798594465052174529735355         7.82296037303873245359718307208092812E-0002
  -4.12114588100493224833163265358622738         6.15556740955498895519586642311501148E-0002
  -4.14909399398580693297270095315279173         4.58940740214251475999098660270350851E-0002
  -4.17700115708401798700582275882762477         3.18394505618125599567237480244685049E-0002
  -4.20486709486713220861669430296046171         1.99075574754765433717755280191933414E-0002
  -4.23269153230959361266374213470359889         1.05206061663552313415875320332565543E-0002
  -4.26047419479543782188338773702783641         3.99737117481021621919821564284993074E-0003
  -4.28821480812100241559150120957090029         5.48021495200831246293121526264256022E-0004
  -4.31591309849763320913099654600718597         2.73448453301006147268770914462214584E-0004
  -4.34356879255438643735568292738610032         3.16869384794350198659947823355116856E-0003
  -4.37118161734072681548091196143173682         9.12995225649839669262434172021445610E-0003
  -4.39875130032922145067224952314645908         1.79645301935745751665396525375549837E-0002
  -4.42627756941822957778435239263317981         2.94030914882430563911800118640211315E-0002
  -4.45376015293458809270344383767108654         4.31135003551256101610402506341670254E-0002
  -4.48119877963629285678825824448195310         5.87155873605766210157530939931120141E-0002
  -4.50859317871517574594606245095790781         7.57962040342217717102670654841766114E-0002
  -4.53594307979957741792236017045437941         9.39239938639251273051748835390749791E-0002
  -4.56324821295701577142514539657251691        0.112663385216898982290914790156239994      
  -4.59050830869685007074709053308043412        0.131587399802689903271896166237179689      
  -4.61772309797294070959183477859740495        0.150288963418476971743150824495102360      
  -4.64489231218630458785357759067121249        0.168390499209029703028843589994309110      
  -4.67201568318776607514248043363534523        0.185551673522139483250950754151214350      
  -4.69909294328060353489193705180201334        0.201475247393669053892563330443101235      
  -4.72612382522319138292758777423924958        0.215911060295570707463477387249831656      
  -4.75310806223163765442202641715578900        0.228658235348308438267674109338897438      
  -4.78004538798241705320347876979366341        0.239565745794043694121025656935099703      
  -4.80693553661499945743131899218121305        0.248531520866898225702506334363263346      
  -4.83377824273447385569613407807032549        0.255500295566141734300074743863519730      
  -4.86057324141416768764714640127987388        0.260460423983208535848441017467619884      
  -4.88732026819826156329515982337580841        0.263439880852451323232789351780043697      
  -4.91401905910439933518480544749663844        0.264501672232623438093181280746254962      
  -4.94066935062629349767572840702284102        0.263738865171290827664354283202253160      
  -4.96727087973632588761847662601847904        0.261269429404467685089920855888108014      
  -4.99382338388814366075722582576095570        0.257231063125993420895615906369312755      
  -5.02032660101925051823810172053501558        0.251776151071328848099114482397476685      
  -5.04678026955359315764873988601274665        0.245066977915602893068422996290058907      
  -5.07318412840414292306185573229094353        0.237271294441063783710907133033623627      
  -5.09953791697547262860298090583678023        0.228558309057855701130861713786831002      
  -5.12584137516632853011015781254311625        0.219095153847214596659779282636603269      
  -5.15209424337219741950127032767354304        0.209043852931816287263963872516641955      
  -5.17829626248786881651282566506545399        0.198558802078605157260207769858805783      
  -5.20444717390999223252238934246540427        0.187784752255222184580085317962645758      
  -5.23054671953962948121551172473450147        0.176855276497610280654546441234133357      
  -5.25659464178480201090687027186005965        0.165891688886187525231516354430493644      
  -5.28259068356303323337448588176112839        0.155002376554051250350338768018602209      
  -5.30853458830388582411525411384486916        0.144282500268965949311123445791210247      
  -5.33442609995149396897966212077354635        0.133814015992086639542110063940268688      
  -5.36026496296709053219343931310960146        0.123665968635715285237373469387070836      
  -5.38605092233152912082401364215145859        0.113895009717125917704368975293339810      
  -5.41178372354780102080001541565248653        0.104546092429693869151679681559268646      
  -5.43746311264354697964268626209877825         9.56533005291937000478454361996989083E-0002
  -5.46308883617356381111891173225086785         8.72407710834198186636253935170938087E-0002
  -5.48866064122230579707670156975453171         7.93236753035358851214038300418723673E-0002
  -5.51417827540638086177529139140478790         7.19092261416317568129671406562046029E-0002
  -5.53964148687704149407363288530467257         6.49976859087190727267092783154693029E-0002
  -5.56505002432267039289287615249036063         5.85833516814117609087819067920919496E-0002
  -5.59040363697126081142052697299117566         5.26555005964467569976195635051696729E-0002
  -5.61570207459289157557628305675710868         4.71992811829221406360557667396997131E-0002
  -5.64094508750219675231211622702718103         4.21965405833240273253324952817599657E-0002
  -5.66613242656082994337197145975551437         3.76265808214090478486013514096314424E-0002
  -5.69126384317992318018949824650367953         3.34668401644434304395475287838335873E-0002
  -5.71633908932254039565551433622029968         2.96934980936587478257250913611982279E-0002
  -5.74135791750612544854042601766388789         2.62820044490023905038542517473746291E-0002
  -5.76632008080494467641059220062177364         2.32075349724970768903235663384048326E-0002
  -5.79122533285252395293162110991631612         2.04453767672047408359994927678669824E-0002
  -5.81607342784408022550582788849587758         1.79712481499732897512966129412039324E-0002
  -5.84086412053894750924555827936076956         1.57615580432346500066547808201115262E-0002
  -5.86559716626299731333879728300823148         1.37936104629508383517128265305678971E-0002
  -5.89027232091105347591843172749384216         1.20457598550664741083162688563439080E-0002
  -5.91488934094930138360172149976404680         1.04975230488532598557931431680874566E-0002
  -5.93944798341769155192195522495483460         9.12965346737673159398851461791942967E-0003
  -5.96394800593233754292992189789101024         7.92418299510856490727805957914579776E-0003
  -5.98838916668790819629871981876014078         6.86443657925406311914002838272428681E-0003
  -6.01277122446001415032154761126445822         5.93502425994026681275255191736980066E-0003
  -6.03709393860758862924847855255732673         5.12181490672197744688149284298852106E-0003
  -6.06135706907526247346480836373311092         4.41189550313558004710028869901032702E-0003
  -6.08556037639573338907038743905020410         3.79351938219084127236818573655882285E-0003
  -6.10970362169212939347640067062848609         3.25604638562049781253548586429117093E-0003
  -6.13378656668036643369334098999201813         2.78987750753925758990538213513538422E-0003
  -6.15780897367150015404143593316614845         2.38638619560205516921349005234941961E-0003
  -6.18177060557407179007252937445316617         2.03784812439922389062008213029494472E-0003
  -6.20567122589644816555039249560364281         1.73737092950768809207672936712433734E-0003
  -6.22951059874915576939463848971258742         1.47882509768369976479027884090939873E-0003
  -6.25328848884720888955184386838513766         1.25677694929701229192937848719820333E-0003
  -6.27700466151243178081613496987193762         1.06642442250081103067856599323458705E-0003
  -6.30065888267577484368038077606062274         9.03536173335806297414736285838141409E-0004
  -6.32425091887962479135824185628097240         7.64394340006030673169515194443626904E-0004
  -6.34778053728010878217665958245755024         6.45741180627930828556433509127447479E-0004
  -6.37124750564939249459792911761976441         5.44729679338043009452219747275226689E-0004
  -6.39465159237797212219028348032806731         4.58878123161665311059310178262133087E-0004
  -6.41799256647696026592592364115450478         3.86028578918655787959326437276029039E-0004
  -6.44127019758036570124566052171508031         3.24309143174590485803024513389355858E-0004
  -6.46448425594736699738978834743496932         2.72099796467317515805984467294118690E-0004
  -6.48763451246457996655548445558381364         2.28001663546505504382097693613129622E-0004
  -6.51072073864831892050192778130224468         1.90809462140127824810869662286188199E-0004
  -6.53374270664685171228544623532308964         1.59486911988489964419894798424804126E-0004
  -6.55670018924264854086834144466090349         1.33144871946560785970863633154720990E-0004
  -6.57959295985462449640659724631823127         1.11021974430362416973245813843344732E-0004
  -6.60242079254037582408345529648419381         9.24675321442529186588571912924338620E-0005
  -6.62518346199840988441783657406683708         7.69265008225007847088202416128060089E-0005
  -6.64788074357036878803880080583582658         6.39262927641654802628094623788220559E-0005
  -6.67051241324324668297966630693620612         5.30652484974163603042046777032681787E-0005
  -6.69307824765160067260805979890437074         4.40025873735912220139380750682842362E-0005
  -6.71557802407975534237102881927202766         3.64496717754461754769172442322407260E-0005
  -6.73801152046400087359742775195053797         3.01624335433088146467783320233551790E-0005
  -6.76037851539478472266308166328764684         2.49348248802033584474698185606270030E-0005
  -6.78267878811889684388773940030343889         2.05931691700335964871367630080971296E-0005
  -6.80491211854164843459654816835160000         1.69912996716338916348644471725595447E-0005
  -6.82707828722904418084271542641684901         1.40063858276089019749832242965713116E-0005
  -6.84917707540994798235216978845160034         1.15353578840886513708726179343906335E-0005
  -6.87120826497824213531539006547991265         9.49185062318174414533896073877832457E-0006
  -6.89317163849497995171613999047350402         7.80359625778265602374061076391844586E-0006
  -6.91506697919053179395162489896808065         6.41020494249617479471244541746825759E-0006
  -6.93689407096672450356357505369925984         5.26127894386644120634813599168736984E-0006
  -6.95865269839897420296495775978607297         4.31481332768389437062344542874089766E-0006
  -6.98034264673841244911242627470385154         3.53584210796974264759874513148034970E-0006
  -7.00196370191400571814022712893825518         2.89529421277317440269013875422469762E-0006
  -7.02351565053466820003710819121768169         2.36902840976371395519520931718274850E-0006
  -7.04499827989136788251379698695926414         1.93702055374173951376277432125947813E-0006
  -7.06641137795922590327485175837168898         1.58268022165503119941527572970954544E-0006
  -7.08775473339960914997512588584420077         1.29227703960025265463931561203654215E-0006
  -7.10902813556221608720772891709712691         1.05445982909051190433278126177243425E-0006
  -7.13023137448715578993721391533981700         8.59854151998531708268959810565819519E-0007
  -7.15136424090702016285877048062911768         7.00725957118583029007243416426332317E-0007
  -7.17242652624894932523145495799246466         5.70700864853596752089615340268838541E-0007
  -7.19341802263669014080094335792300801         4.64530205290329194400226225716109985E-0007
  -7.21433852289264787249494771382556060         3.77896280655929353297732199380179120E-0007
  -7.23518782053993094164229231916261640         3.07250484390685419434723569176768319E-0007
  -7.25596570980438877153470185471014009         2.49678901297819817204611546584020608E-0007
  -7.27667198561664269521860816180272039         2.02790859059556056218099075896285086E-0007
  -7.29730644361410990747273566708008946         1.64626620822433656900865647200254557E-0007
  -7.31786888014302044099587654243576040         1.33581019129549841086200780697142520E-0007
  -7.33835909226042714689811491305576682         1.08340348606139697279357098774131143E-0007
  -7.35877687773620865965780412711624191         8.78302719165139463954888856258069889E-0008
  -7.37912203505506532677584159144026796         7.11728622772051506009181523617013636E-0008
  -7.39939436341850808342822127482069993         5.76512163439549547248991927887784045E-0008
  -7.41959366274684025248747399949579645         4.66803323185807231143126627289242643E-0008
  -7.43971973368113225035342939419780500         3.77831671600088988540199249059875947E-0008
  -7.45977237758518917910375018014924125         3.05709702811275434691657297863853800E-0008
  -7.47975139654751128554489861331982837         2.47271445896440693111446979253673526E-0008
  -7.49965659338324726781459571924276681         1.99940138992129232528704256009686411E-0008
  -7.51948777163614041025742573589504156         1.61619826095929682073215769389934946E-0008
  -7.53924473558046752736602022885979972         1.30606625405959449641268219283129727E-0008
  -7.55892729022297069765122796262001308         1.05516157936838112024012126313172196E-0008
  -7.57853524130478176837583710191959453         8.52242395120189058926377734125966407E-0009
  -7.59806839530333961215776497534637447         6.88184486911989115470771191836954880E-0009
  -7.61752655943430011652016675545768496         5.55586051229661857757165970835268966E-0009
  -7.63690954165343888753763728985164421         4.48445418244542245814658073046384530E-0009
  -7.65621715065854664879958924770947542         3.61898432399327814296628413146011526E-0009
  -7.67544919589131731698398501678405495         2.92004588877566417497464720849562001E-0009
  -7.69460548753922873540687868504656509         2.35572985574200372544451565427668636E-0009
  -7.71368583653741604698568725586230333         1.90020765353584276625386863627986651E-0009
  -7.73269005457053768812675626047046271         1.53258051962036662295591847789263821E-0009
  -7.75161795407463398512061342970346227         1.23594474698876528313624240740422683E-0009
  -7.77046934823897833470131434951189613         9.96632731858560919024523799826781314E-0010
  -7.78924405100792095049947533137920134         8.03597086215268363851890257281294781E-0010
  -7.80794187708272515719196035674713054         6.47911102017437323031278495752966161E-0010
  -7.82656264192339621422474017998095055         5.22363784680659133788173294691998969E-0010
  -7.84510616175050265105917177126063795         4.21131706699835164122590070158451467E-0010
  -7.86357225354699009596585452140540409         3.39513228598589251523120431842899454E-0010
  -7.88196073505998758046430528557869128         2.73713326296419480827073949128331257E-0010
  -7.90027142480260630158095668088428082         2.20669460588702620496830060633312927E-0010
  -7.91850414205573082417242134111161408         1.77910715536566424975673150496549478E-0010
  -7.93665870686980270563557833564436873         1.43443891968743611045231128157070079E-0010
  -7.95473494006659652540082594240537406         1.15661430607425335544116307698936915E-0010
  -7.97273266324098830167980668854589679         9.32670062551332915413402763095695748E-0011
  -7.99065169876271627801404529755642379         7.52154207570061726347719260962459727E-0011
  -8.00849186977813406224624716602960764         6.06640614357129733997442063719085252E-0011
  -8.02625300021195610061148349419483015         4.89337106674305284950671994285389790E-0011
  -8.04393491476899546972113846662516918         3.94769135253353138464237567247164446E-0011
  -8.06153743893589396928831317656410335         3.18524521711960770358548382674555567E-0011
  -8.07906039898284449851936956082464591         2.57047527841420384024689685217413972E-0011
  -8.09650362196530569917245471220183073         2.07472753929963447966749055226732175E-0011
  -8.11386693572570884836017081117024088         1.67491188947525301184256212329211185E-0011
  -8.13115016889515698425004781501611539         1.35242208325155553252576535851371026E-0011
  -8.14835315089511624789313420553443265         1.09226507092597216973719772767753156E-0011
  -8.16547571193909942448784476941979087         8.82359204456544736174811640141983414E-0012
  -8.18251768303434166746319281027776948         7.12968635908553387395725618123124755E-0012
  -8.19947889598346838884268660793546349         5.76247530303189710619947459051410971E-0012
  -8.21635918338615529942748558797345927         4.65872807673545485168897713043122658E-0012
  -8.23315837864078058241488977906190406         3.76748243192356360907950993304886646E-0012
  -8.24987631594606918414587595308321859         3.04766076328270823197827646003978691E-0012
  -8.26651283030272920575319459688942900         2.46614961750113956659229170244550316E-0012
  -8.28306775751508037955950278701126011         1.99625258934081597653026207019081523E-0012
  -8.29954093419267461415312836026611306         1.61644403540855039026819741494076393E-0012
  -8.31593219775190859214733972298670330         1.30936512045651571052330862917685706E-0012
  -8.33224138641762840470743244693013824         1.06101506869937046841322270979300035E-0012
  -8.34846833922472620700853768668849680         8.60099649632701411590532519473581788E-0013
  -8.36461289601972887886580764591712604         6.97506309113913854122054908734830477E-0013
  -8.38067489746237867485753904069287766         5.65881305292896912871549343440651321E-0013
  -8.39665418502720584834085597904388902         4.59289002558031170177001661506608542E-0013
  -8.41255060100509323383878811586054759         3.72937338770013550696138427600360236E-0013
  -8.42836398850483277235694757018892323         3.02956592283717339074740102071777242E-0013
  -8.44409419145467396426752812399746542         2.46221081306235667159456849898334920E-0013
  -8.45974105460386423447802187306371882         2.00205446523892266822553382507761378E-0013
  -8.47530442352418119468187098532401607         1.62868793413589108999543904507776057E-0013
  -8.49078414461145678756824475204904496         1.32561279628702123638773962387477486E-0013
  -8.50618006508709329794825390325599019         1.07948786890824932202986324395488216E-0013
  -8.52149203299957121583518441007345551         8.79521655449171332578385822673757739E-0014
  -8.53671989722594893659675092110374022         7.16982233246007774315842694556892878E-0014
  -8.55186350747335428337793478348601421         5.84801801310869025225216143959437518E-0014
  -8.56692271428046783707368248721103119         4.77257536925303305928549162423449432E-0014
  -8.58189736901899805921159654668988269         3.89713977302011243369712095089575652E-0014
  -8.59678732389514819318575149861747103         3.18415015350632775649426561811505682E-0014
  -8.61159243195107492936391205035274714         2.60315911971329311289523233467130870E-0014
  -8.62631254706633881967171765749954548         2.12947590345810284646222239122921387E-0014
  -8.64094752395934642733882714084241096         1.74306978183364634750123892409470071E-0014
  -8.65549721818878419757358756759607223         1.42768372475539990742279633716843011E-0014
  -8.66996148615504403501450271499634075         1.17011774901652239352927061101378242E-0014
  -8.68434018510164057388862719913876030         9.59649303975241314286439525535668635E-0015
  -8.69863317311662012688900198082499951         7.87564334096600907404941711006922118E-0015
  -8.71284030913396129886537464380171840         6.46777756753535171834932782817408864E-0015
  -8.72696145293496725150471276860476981         5.31526198785548254412761087663413263E-0015
  -8.74099646514964960526042008533208201         4.37119144571241352704166815089158934E-0015
  -8.75494520725810396487170206779281639         3.59737316565429047702198707955886189E-0015
  -8.76880754159187705489719941501190031         2.96269260987717657830721233084026801E-0015
  -8.78258333133532545176981363807084735         2.44178846952957358198386759380677351E-0015
  -8.79627244052696589896258791347786626         2.01397787589496061274683095368272351E-0015
  -8.80987473406081719193857766010946226         1.66238421654905306326389598705085295E-0015
  -8.82339007768773361964084812537106726         1.37322906227049824432278259329842931E-0015
  -8.83681833801672994936206980640818887         1.13525707426347315651907618624014415E-0015
  -8.85015938251629794191664596149299886         9.39268708141314387228100739838040225E-0016
  -8.86341307951571438412189896136448417         7.77740335084540396422769570123009910E-0016
  -8.87657929820634062567856296528859728         6.44515282404217394500857042920869867E-0016
  -8.88965790864291360762467855563865784         5.34552433365427749447420145024561464E-0016
  -8.90264878174482836962095970032819179         4.43721563016509019356571419705246461E-0016
  -8.91555178929741202340980390566156305         3.68636638605568494801876563543045267E-0016
  -8.92836680395318917987434184306443695         3.06519973241872722192403655463798417E-0016
  -8.94109369923313881720827225044521076         2.55091465036702540083615388299813670E-0016
  -8.95373234952794257779170069012458073         2.12478241762765791552511482880386027E-0016
  -8.96628263009922448145279595664090836         1.77140912114807824279498488791858088E-0016
  -8.97874441708078204287979473437368777         1.47813338503412408628832867492376428E-0016
  -8.99111758747980878103272267070521907         1.23453424919838298863074305491610380E-0016
  -9.00340201917810810848915751804932539         1.03202882579983105109410120256204458E-0016
  -9.01559759093329858874343656901931333         8.63543166424051909291835993531373895E-0017
  -9.02770418238001054956390542361395939         7.23242861519817938976610735554082905E-0017
  -9.03972167403107404059811734473195084         6.06312401126565131491518072449643971E-0017
  -9.05164994727869812350132123658426936         5.08774362592222038521742762665778752E-0017
  -9.06348888439564148294912077651353432         4.27341145939694536580657592031375360E-0017
  -9.07523836853637434698084660005914198         3.59293322939085634367480285674407646E-0017
  -9.08689828373823170520595683640407999         3.02379760188879947261742099495570316E-0017
  -9.09846851492255781349166787005471437         2.54735566905092589770162939361208979E-0017
  -9.10994894789584197383601611707259779         2.14814642985589622364315852223693483E-0017
  -9.12133946935084557821666200162316765         1.81334193317273671599084995526698495E-0017
  -9.13263996686772040529196835115493951         1.53229055409813043035153172118887204E-0017
  -9.14385032891511815891721624520798702         1.29614079697739140108444790961168961E-0017
  -9.15497044485129123752526110162145985         1.09753121828358728391518317866336677E-0017
  -9.16600020492518472350747961164156702         9.30334674017792730377235020287431397E-0018
  -9.17693950027751958181751318793151121         7.89447228794148556518421694153747396E-0018
  -9.18778822294186705710707501150286216         6.70613806075832026517067061548894729E-0018
  -9.19854626584571425878995469882388948         5.70284083305570853853548677520201560E-0018
  -9.20921352281152092351732620147245024         4.85493300620305028516530197031177173E-0018
  -9.21978988855776734463453993931508238         4.13763605207095088033425981692357440E-0018
  -9.23027525869999345827675849491062704         3.53022334016699253805474335253679395E-0018
  -9.24066952975182907584807560124150005         3.01534277157380702360847761660333515E-0018
  -9.25097259912601525271613977554600686         2.57845488636000984788596016235895353E-0018
  -9.26118436513541678304178592653966149         2.20736641220862616442157292706409937E-0018
  -9.27130472699402581075075972726058555         1.89184275218318250154705981036839910E-0018
  -9.28133358481795654674229963675990120         1.62328580874947751321214824739274916E-0018
  -9.29127083962643108251711930551559921         1.39446592362502190176258117571118612E-0018
  -9.30111639334275629049520784544571397         1.19929867204962748693432794805495770E-0018
  -9.31087014879529180138183621844537496         1.03265886192104369212940618922493045E-0018
  -9.32053200971840904902822392923655120         8.90225415279253965337085588343411671E-0019
  -9.33010188075344137332148042982384572         7.68351902873059038837895933368996401E-0019
  -9.33957966744962517172668928388862065         6.63958403769459664094984751639430210E-0019
  -9.34896527626503209019234932899937123         5.74441105379947482836789063367705395E-0019
  -9.35825861456749224421882494062741381         4.97596672914274955855566146988215419E-0019
  -9.36745959063550846097798617178728742         4.31558924121336930948077484137272752E-0019
  -9.37656811365916153346083814192908772         3.74745764100997034845823711061048211E-0019
  -9.38558409374100647771864670386477814         3.25814681455339921209088320967672985E-0019
  -9.39450744189695978435186325250436326         2.83625393813175560407976696019152249E-0019
  -9.40333807005717765549003467763085223         2.47208468262810887535482373668592788E-0019
  -9.41207589106692521859485402761516390         2.15738939063699392501958498371092390E-0019
  -9.42072081868743670850756256376942425         1.88514108253538715221130569343639627E-0019
  -9.42927276759676660925105366702155920         1.64934850250251072121861909678834995E-0019
  -9.43773165339063174718625262999223287         1.44489854068755093668392858454835190E-0019
  -9.44609739258324432721165284776599124         1.26742330288466315093223210633843449E-0019
  -9.45436990260813590378427742825358119         1.11318787684233349872216110092000760E-0019
  -9.46254910181897227862980489581270878         9.78995491663165614627801608926139800E-0020
  -9.47063490949035931709914757670128408         8.62107305904933854648140475366862559E-0020
  -9.47862724581863967521840054815836486         7.60174509377063485303411641390362479E-0020
  -9.48652603192268042956878681983907005         6.71180798459300696573759883932248728E-0020
  -9.49433118984465160222300981159084068         5.93393597648363077488217049468718756E-0020
  -9.50204264255079557305428630900386965         5.25322661396452202692911843912921706E-0020
  -9.50966031393218737182427103089588641         4.65684908788439966670709242615597223E-0020
  -9.51718412880548584254609684324888768         4.13374526382049394134108273044847044E-0020
  -9.52461401291367567270884161371252647         3.67437527557128468983621152825138287E-0020
  -9.53194989292680028003989283050313563         3.27050084926747810171827889381782594E-0020
  -9.53919169644268554957191351951529581         2.91500059859759338191468350785273537E-0020
  -9.54633935198765441387141679316648718         2.60171243365396026065967252251978022E-0020
  -9.55339278901723226937633066265297562         2.32529898336054822025098167363822298E-0020
  -9.56035193791684322188037864994877512         2.08113256799859388008677033188404705E-0020
  -9.56721673000249715429261435438426622         1.86519679370811036657825273834222311E-0020
  -9.57398709752146760989102856767423370         1.67400229144674435067894082050253414E-0020
  -9.58066297365296048437979489683384940         1.50451450244463327005755325369124344E-0020
  -9.58724429250877352015043325187312256         1.35409173215493339480822086634361585E-0020
  -9.59373098913394659623794908919035010         1.22043196463212104958085939822209480E-0020
  -9.60012299950740280755384907624626645         1.10152715717431652132274932086294127E-0020
  -9.60642026054258032706883996181089518         9.95623927636276058745763369589132743E-0021
  -9.61262271008805504470898600162808619         9.01189709662239318680129039886384057E-0021
  -9.61873028692815397682013040391545661         8.16883588900173385263902834846741745E-0021
  -9.62474293078355944014647702427915706         7.41531149980540365409563896028560792E-0021
  -9.63066058231190398436037905634479963         6.74102762979487784928563489710021344E-0021
  -9.63648318310835607727159083306903968         6.13694822014685508936615824613717936E-0021
  -9.64221067570619653693550617410102520         5.59513519875222218158072641517169638E-0021
  -9.64784300357738570497123108593775476         5.10860803127423454221095604348963835E-0021
  -9.65338011113312135549171914262748492         4.67122203617812052409502806524009014E-0021
  -9.65882194372438733413963364353199934         4.27756286103833734788581801053353997E-0021
  -9.66416844764249292181409075872747574         3.92285489054987114875985188420352199E-0021
  -9.66941957011960291776498142903463474         3.60288167470706105501611895239478541E-0021
  -9.67457525932925843682316588292361392         3.31391673691659937702942452726410056E-0021
  -9.67963546438688841562648236262130502         3.05266335343367352793580155022831304E-0021
  -9.68460013535031182279321011213247657         2.81620209341425395632565559119629769E-0021
  -9.68946922322023056808637496554425785         2.60194507810675810974211304537061574E-0021
  -9.69424267994071310570408307939774535         2.40759606253362936371225749688063709E-0021
  -9.69892045839966872692291357207940812         2.23111556705641933830041283146406658E-0021
  -9.70350251242931253741329315963336122         2.07069039254507248410586602576770047E-0021
  -9.70798879680662111463771440418314430         1.92470694408691262233480360875495997E-0021
  -9.71237926725377884083464301088250046         1.79172786648429418270065040220196957E-0021
  -9.71667388043861490718298781414528809         1.67047156208094769662668627541539707E-0021
  -9.72087259397503098483407877555428073         1.55979421932369321277269510851681823E-0021
  -9.72497536642341955859021256560637032         1.45867403026845925259983884022819458E-0021
  -9.72898215729107291910098121018769022         1.36619731813583858675261223050450491E-0021
  -9.73289292703258280954079594084429205         1.28154633299914903997205514098102634E-0021
  -9.73670763705023072282325488557882199         1.20398850558944074912460871266328714E-0021
  -9.74042624969436884550027866372394739         1.13286697674614371085897654536611950E-0021
  -9.74404872826379164458625139369796140         1.06759224384337193642993435801483588E-0021
  -9.74757503700609809363975517504056225         1.00763478610548877102009408463951609E-0021
  -9.75100514111804453452787285459460432         9.52518548540753840812346587043050748E-0022
  -9.75433900674588817139045591922281846         9.01815179653484211959280796286438849E-0022
  -9.75757660098572119341421076185877236         8.55138931472880074776928932123239890E-0022
  -9.76071789188379552311894643148149203         8.12142142043231569763773893949991174E-0022
  -9.76376284843683818695084938793548878         7.72511230598288870063226310868470979E-0022
  -9.76671144059235730507020482623355830         7.35963144400543714929107960887757690E-0022
  -9.76956363924893869731356889860767082         7.02242203843159718148080420477268360E-0022
  -9.77231941625653310240301073233929386         6.71117299042375416032194231083163087E-0022
  -9.77497874441673400756768660323615183         6.42379396924018721157234478759101868E-0022
  -9.77754159748304608583568006417407913         6.15839322843573195312695171140829864E-0022
  -9.78000795016114423834674033076085875         5.91325785173533714603287143218029180E-0022
  -9.78237777810912323912927587700651840         5.68683615129576909241722836357565757E-0022
  -9.78465105793773797987771007774704890         5.47772197461743859630766683065508683E-0022
  -9.78682776721063431235907993606169589         5.28464070571815218422699544959483261E-0022
  -9.78890788444457048617055653740410351         5.10643677188209411857117552978920954E-0022
  -9.79089138910962917966238596175969170         4.94206248982538187812837709196101880E-0022
  -9.79277826162942012193359104474903089         4.79056810488549872293548022560250051E-0022
  -9.79456848338127330390063669190971265         4.65109289420252397688257428590865336E-0022
  -9.79626203669642277653214350089410584         4.52285722012497445418101990737719436E-0022
  -9.79785890486018103443563531730868516         4.40515543351123305782836010446912962E-0022
  -9.79935907211210398307522512449863321         4.29734953844291758036722131594408633E-0022
  -9.80076252364614648799207942867803508         4.19886354032282795003166732694223746E-0022
  -9.80206924561080850449245313118293523         4.10917840857488033638657123721666895E-0022
  -9.80327922510927178636105386188477804         4.02782759335171621908249106144622911E-0022
  -9.80439245019952717225047596439857994         3.95439304292301422566132005185544784E-0022
  -9.80540890989449244849043885696668985         3.88850167488267024905811459697859788E-0022
  -9.80632859416212078715357142497658421         3.82982226008017764847185846247947621E-0022
  -9.80715149392549975830750251403889953         3.77806268334245757302428594682595362E-0022
  -9.80787760106294091547604656835583769         3.73296754968801525264630861957055280E-0022
  -9.80850690840805995342531207959146039         3.69431610891733630205581678901972071E-0022
  -9.80903940974984743748360785836092974         3.66192047525566892989740521564747951E-0022
  -9.80947509983273010369707729544537610         3.63562412218378706496989420485729984E-0022
  -9.80981397435662272921605282449625126         3.61530063577029122683298796079425074E-0022
  -9.81005602997697057240019081383274653         3.60085271276196013589816211007650902E-0022
  -9.81020126430478238222352018341447562         3.59221139243910289258893038665384337E-0022
  -9.81024967590665397665361524559550042         3.58933551384000920058535991239296814E-0022
