   3.87297379001190691241239151431234546                                            Infinity
   3.87293556532418226819623551763648247         41.0936972004890875348249657141520085      
   3.87285911632599521567543331907641563         20.5469499952952009039789711387615955      
   3.87274444377186650324704298778277982         13.6980793257353329763265681978550417      
   3.87259154879356794497849653743215891         10.2736777912515227398404198524437854      
   3.87240043290011125047670984636343643         8.21906391210583578332979886946881304      
   3.87217109797773313155172151000434126         6.84934386203037615330206826690310245      
   3.87190354628987668582185184278958461         5.87099171574872495452211142973413779      
   3.87159778047716905744411833090859136         5.13724451085630729539160589243438774      
   3.87125380355739537519038710795432998         4.56656726844718775641781036434347777      
   3.87087161892546896812648112023387260         4.11003900136479441775647612482741029      
   3.87045123035339785918820420452629270         3.73652817249770781958002316093843928      
   3.86999264199024753698497595583967506         3.42528042392756031346394019340494637      
   3.86949585836210000619850465366018984         3.16192735416252482742819941862441196      
   3.86896088437200911698065427976860121         2.93620581941359834028633356204144894      
   3.86838772529995217379138643642508957         2.74058951436037587016137463076476069      
   3.86777638680277782415437839813320067         2.56943371012966287980593495233483554      
   3.86712687491415022784463424087229542         2.41842184945811028267126326545815953      
   3.86643919604448950705911662726585934         2.28419661013397437432410909322765969      
   3.86571335698090847815813202231124666         2.16410747472042935099677311574574324      
   3.86494936488714566560190150976947506         2.05603402936188901250855287702685568      
   3.86414722730349459874344261189326726         1.95825974864566792419864675407043517      
   3.86330695214672939217557422271032656         1.86938020277410130370282213557292848      
   3.86242854771002661036653658549380835         1.78823521069176663217558664360127873      
   3.86151202266288341735539081632807607         1.71385795493090232316574091918160256      
   3.86055738605103201231502743587168405         1.64543630889392827586136749710432816      
   3.85956464729635035182727035866271018         1.58228308860923319286821275251611089      
   3.85853381619676915975121144181441366         1.52381291520790024498427162826262670      
   3.85746490292617522560255065100433767         1.46952403544113649913643091084991937      
   3.85635791803431099239834779964580326         1.41898390346996037647496883780619798      
   3.85521287244667043495821329551510663         1.37181764629695360320292515110311003      
   3.85402977746439122968957702645139003         1.32769876169509535229138081957812269      
   3.85280864476414321692127607170650404         1.28634156027494184980077756029365672      
   3.85154948639801315688629297685655515         1.24749498172141150176073537623873518      
   3.85025231479338578049105651675640285         1.21093750228290381979074285838130510      
   3.84891714275282113604528583179144428         1.17647291526228538872944087369675229      
   3.84754398345392823316291619673668933         1.14392681475937984335449613664881784      
   3.84613285044923498508119010806492568         1.11314364961738001767532159150309850      
   3.84468375766605445068153049386502028         1.08398424253561765911294746996612290      
   3.84319671940634737753233330007103941         1.05632369085729319898319202661780955      
   3.84167175034658104731032412702075773         1.03004958223904757250348280653349138      
   3.84010886553758442499361762114478853         1.00506047144206159514723193474741517      
   3.83850808040439961325609860765363973        0.981264574724428305715591803561621376      
   3.83686941074612961352921012139384834        0.958578646411335238137655427168957510      
   3.83519287273578239523368519467957282        0.936927008660223227361427236667243469      
   3.83347848292011127472019613310904799        0.916240710590592069379177294133581826      
   3.83172625821945160549431669352892767        0.896456797092528517239932526991902198      
   3.82993621592755378133759871294642244        0.877517670978827757641444101320273065      
   3.82810837371141255397295496399545011        0.859370534868100988670164766007549469      
   3.82624274961109266695891397238191471        0.841966901408728230259027893491782704      
   3.82433936203955080753366986556838183        0.825262162275938037954135162456722270      
   3.82239822978245387816619067097767437        0.809215207875114352128710171694941754      
   3.82041937199799358960797148753362498        0.793788090925492217600879813262898803      
   3.81840280821669737727532425792208375        0.778945728128719318498943645900442365      
   3.81634855834123564282838311222748346        0.764655634985356281457328393493773647      
   3.81425664264622532284927307843951342        0.750887689540487179845235763887583202      
   3.81212708177802978655814000377192266        0.737613921442301467124641493377471547      
   3.80995989675455506454197044501799200        0.724808323205036816187984275656181754      
   3.80775510896504241050734170870013929        0.712446680996446206852561327903194656      
   3.80551274016985719810443379516241199        0.700506422633320286169176756585815071      
   3.80323281250027415490580636780805762        0.688966480777458556311333730456385888      
   3.80091534845825893565959467240310395        0.677807169587775593428848114581625917      
   3.79856037091624603697290821495715151        0.667010073309301248861866233703872800      
   3.79616790311691305561732461356696158        0.656557945472753282407657640679827685      
   3.79373796867295129268445801338959448        0.646434617544151071181311701637329919      
   3.79127059156683270585564643843589351        0.636624916006773666158389481831059112      
   3.78876579615057321208584509319524214        0.627114586981122647687499038563227414      
   3.78622360714549234303783256549239642        0.617890227595337043105768899563033208      
   3.78364404964196925563883376393460544        0.608939223411160832808960056929970037      
   3.78102714909919510016763689355743703        0.600249691291131626101101454994018924      
   3.77837293134492174831623147677715621        0.591810427162868393196866204803109706      
   3.77568142257520688370592000869703617        0.583610858197645673736080738217414733      
   3.77295264935415545737375694162368460        0.575640998974087524407970783214627961      
   3.77018663861365751078104496899787299        0.567891411244846439560394052640402134      
   3.76738341765312236893146966974814635        0.560353166965444345332417665360540987      
   3.76454301413920920622227912649884379        0.553017814280807210512445637615373517      
   3.76166545610555398768771479152336088        0.545877346197074128620175308621167702      
   3.75875077195249278832967328950032524        0.538924171694565013608807353785171491      
   3.75579899044678149326632566293566782        0.532151089062828575494148105004715700      
   3.75281014072131188146514043175071365        0.525551261260877389986104130674835036      
   3.74978425227482409586244940046473687        0.519118193125406194843251764345462134      
   3.74672135497161550270736005234871853        0.512845710267291162244979708600104464      
   3.74362147904124594300345526789715368        0.506727939512248603913688768133718982      
   3.74048465507823937895732964323478890        0.500759290755422798857336465326340665      
   3.73731091404178193837859151120333087        0.494934440112075520333119754606996854      
   3.73410028725541636001151053270085109        0.489248314257639478533630621728534212      
   3.73085280640673284281401207750215807        0.483696075860326991687165397920878767      
   3.72756850354705630223521120169040904        0.478273110018387146572782353024723424      
   3.72424741109113003657814050269104424        0.472975011622096231228351415539163736      
   3.72088956181679580656975714272831939        0.467797573567749612992102196293944211      
   3.71749498886467033129571452763250340        0.462736775757388286344544379916424762      
   3.71406372573781820369275316092661589        0.457788774823818965663705854623513023      
   3.71059580630142122882690271393721497        0.452949894525742348046359012311417115      
   3.70709126478244418822099301253728879        0.448216616762551300416380509256755074      
   3.70355013576929703353024509158800418        0.443585573162653341852582261326104850      
   3.69997245421149351289995436106531892        0.439053537203057739828296314810018162      
   3.69635825541930623337448591542381595        0.434617416821489179212786807801773304      
   3.69270757506341816276197675247495616        0.430274247485484852924961717305952863      
   3.68902044917457057439428080277989950        0.426021185685833304901583872749016202      
   3.68529691414320743825679985844917969        0.421855502824351066744095654311113072      
   3.68153700671911626199791638480921091        0.417774579468393446147261086797661359      
   3.67774076401106538536278245348340243        0.413775899946682252341852717583609761      
   3.67390822348643773163122230523025644        0.409857047263026750872188022822907069      
   3.67003942297086101967447398991397782        0.406015698306333457178470342673579188      
   3.66613440064783444028042779413544622        0.402249619336962254696254743217216403      
   3.66219319505835180043191540955558182        0.398556661731005752893019509133056087      
   3.65821584510052113925746367238724763        0.394934757965459222187114879372571775      
   3.65420239002918081940874987286309160        0.391381917828521912876760950653111505      
   3.65015286945551209765378174901441933        0.387896224840437912874326847459725651      
   3.64606732334664817850957399849544085        0.384475832871355660204384121399497840      
   3.64194579202527975477280412250220563        0.381118962943668563292475694823599180      
   3.63778831616925703884160331448287400        0.377823900207202789107778274082817909      
   3.63359493681118828875627258110814734        0.374588991076449274979742130764433872      
   3.62936569533803483292130999203941253        0.371412640519801830163304463202292181      
   3.62510063349070259750569155695178859        0.368293309491467623725220282734986653      
   3.62079979336363014055286538198003557        0.365229512497365656479057312317747403      
   3.61646321740437319686639612258690051        0.362219815286927739038028070669062575      
   3.61209094841318573777163398552816581        0.359262832663269351293633189767210809      
   3.60768302954259754988817929922491929        0.356357226404708445094818139916490293      
   3.60323950429698833708226962996910002        0.353501703291082315023230639850405553      
   3.59876041653215834980253123190379310        0.350695013228749320547366831457920441      
   3.59424581045489554603680994296173871        0.347935947468566422502964238839652631      
   3.58969573062253928816202813865015080        0.345223336911507859979323351799358343      
   3.58511022194254057999320369288619807        0.342556050496937264399635244901411014      
   3.58048932967201884837191373258039507        0.339932993668867294934310984012863052      
   3.57583309941731527366858997331915471        0.337353106915839498048353069291848936      
   3.57114157713354267360709325072021323        0.334815364380334382741816298509645032      
   3.56641480912413194485403217965889073        0.332318772533879341416383390211189839      
   3.56165284204037506684926434585199927        0.329862368914261569477287020403444740      
   3.55685572288096467238794772593526278        0.327445220921475949037146901858750671      
   3.55202349899153018949839480831085002        0.325066424669245248882061107895301003      
   3.54715621806417055919382181324512510        0.322725103889143131706803105336437525      
   3.54225392813698353370988015297641583        0.320420408884530429915179059217757925      
   3.53731667759359155987360649740818670        0.318151515531682943130590173312472642      
   3.53234451516266425228313118522312890        0.315917624325645532809449368506919112      
   3.52733748991743746101114191131971725        0.313717959468493376781613698835802422      
   3.52229565127522893857871029716184890        0.311551767997817666423308131158111139      
   3.51721904899695061097965277922039339        0.309418318953380487159736495106655835      
   3.51210773318661745756911390091153322        0.307316902580002768508996433294796176      
   3.50696175429085300466352923450474178        0.305246829564860620935992116033912658      
   3.50178116309839143773254646105625911        0.303207430307469644417444278024976871      
   3.49656601073957633709685626866729235        0.301198054220734405871140242655027332      
   3.49131634868585604207920936289040947        0.299218069061531708163010522158791619      
   3.48603222874927564858917168901218302        0.297266860289381944910245076082438757      
   3.48071370308196564515539661580619465        0.295343830451843152334686537046156161      
   3.47536082417562719245236999624446121        0.293448398595337701261862024581690096      
   3.46997364486101405140171137513195006        0.291579999700192260458950711297892054      
   3.46455221830741116496119182973450028        0.289738084138738022760633977531391952      
   3.45909659802210989874765568074635687        0.287922117155380510266920594335078736      
   3.45360683784987994567300927142903064        0.286131578367606835145277548130846686      
   3.44808299197243789980536485698879681        0.284365961286953339203194150457816493      
   3.44252511490791250470030104929103042        0.282624772859008301106366874647765653      
   3.43693326151030658148002289938842066        0.280907533021573100752332442450881502      
   3.43130748696895564197097424813070910        0.279213774280151066201264353993969045      
   3.42564784680798319224317210990364092        0.277543041299976385737045884047488815      
   3.41995439688575273192719725340949758        0.275894890513836118903323274032028304      
   3.41422719339431645471738648396636591        0.274268889744976646365635441250710320      
   3.40846629285886065550233009220752250        0.272664617844422008571865951962209362      
   3.40267175213714784959628219297194667        0.271081664342065636399254003146042629      
   3.39684362841895560957754191478821365        0.269519629110929102652144127563725697      
   3.39098197922551212527225929439603907        0.267978122044011841881808411485194050      
   3.38508686240892849245446096248819177        0.266456762743184409778343810384748567      
   3.37915833615162773586537695709547010        0.264955180219604886953879173638589998      
   3.37319645896577057218738095112667936        0.263473012605163572854989242646227674      
   3.36720128969267791864003151240756471        0.262009906874485254825591073966215473      
   3.36117288750225015289782141057997082        0.260565518577041159937291384006296641      
   3.35511131189238313006130512841959253        0.259139511578944282430702830997433338      
   3.34901662268838096244528130905727034        0.257731557814022201562620342061310238      
   3.34288888004236556797965655935296540        0.256341337043780832572721734306955856      
   3.33672814443268299305050951794270713        0.254968536625890852105293364567639469      
   3.33053447666330651564070906949103469        0.253612851290845869293266536716601991      
   3.32430793786323653466121773023637108        0.252273982926457831485640274951146244      
   3.31804858948589725139593023038681800        0.250951640369870712304120667074967136      
   3.31175649330853014901455786325531328        0.249645539206788279007702635710031247      
   3.30543171143158427613967094673914765        0.248355401577625722542886354204717628      
   3.29907430627810334048555443795272925        0.247080955990308200756203170853009631      
   3.29268434059310961861801504520056765        0.245821937139451933914048910450545286      
   3.28626187744298468791570178230219451        0.244578085731675440241908448041045051      
   3.27980698021484698684486549841390040        0.243349148316799843621655058860042050      
   3.27331971261592620969078618238783407        0.242134877124707959622593366503769737      
   3.26680013867293454192033947541651131        0.240935029907642101377604656898128712      
   3.26024832273143474238135552087800823        0.239749369787730273212657470850586220      
   3.25366432945520507857554372817323977        0.238577665109539665359741400230454201      
   3.24704822382560112127281592078556489        0.237419689297465153812767912208297621      
   3.24040007114091440476583737125574500        0.236275220717768870134704576658862794      
   3.23371993701572795909457009132378161        0.235144042545094860034378978429110662      
   3.22700788738026872060144513882883444        0.234025942633290418670677315499583702      
   3.22026398847975682720861031938108238        0.232920713390372895491608153656808226      
   3.21348830687375180483944619624668836        0.231828151657487621353014842692940896      
   3.20668090943549565143722647286298356        0.230748058591709143935943256320131956      
   3.19984186335125282506441827609533580        0.229680239552544181285606569617529740      
   3.19297123611964714259667334255811886        0.228624503992000633831176246650896647      
   3.18606909555099559555605229347963270        0.227580665348092647788632610881023162      
   3.17913550976663908965845077475897715        0.226548540941657111802434122418093887      
   3.17217054719827011468055793774365927        0.225527951876362107632906119975307263      
   3.16517427658725735128197424319237760        0.224518722941792737465650260970764634      
   3.15814676698396722144834658686367766        0.223520682519504427108052394355343716      
   3.15108808774708238925154397182007752        0.222533662491938267371539518271923377      
   3.14399830854291721865299609214028309        0.221557498154097216107280728955475924      
   3.13687749934473019510634994822276592        0.220592028127886050861748218643124623      
   3.12972573043203331774556568883122542        0.219637094279021846580476792099045071      
   3.12254307238989846897447197372314646        0.218692541636425463319800716176205894      
   3.11532959610826076830363297802479763        0.217758218314008074137733246663066908      
   3.10808537278121891731014342104150231        0.216833975434770151370340325948700654      
   3.10081047390633254262566440415958847        0.215919667057133568063669909870137085      
   3.09350497128391654388764109181462036        0.215015150103430567714832248078159821      
   3.08616893701633245361820307375043625        0.214120284290476316581143144120534449      
   3.07880244350727681602473931423186435        0.213234932062154585178530046359483306      
   3.07140556346106659174556163343579391        0.212358958523948815399237255234546502      
   3.06397836988192159559342338754694468        0.211492231379353422798061946077660221      
   3.05652093607324397437894312742662786        0.210634620868102665582565618546634646      
   3.04903333563689473192519623209257306        0.209785999706156787962911015228813293      
   3.04151564247246730841388054432283463        0.208946243027387420764861208110433789      
   3.03396793077655822123253459384693521        0.208115228326906401320844235096142918      
   3.02639027504203477452128879187835144        0.207292835405984262121203397873526078      
   3.01878275005729984464656073293813921        0.206478946318506637793348065802880029      
   3.01114543090555374885796516048511422        0.205673445318918756725947472475811745      
   3.00347839296405320441349695697268799        0.204876218811610020908956433935151581      
   2.99578171190336738548676142247225384        0.204087155301692438964732244124544571      
   2.98805546368663108519866982552345505        0.203306145347128366364238618308590240      
   2.98029972456879499014458946269094018        0.202533081512164626745605877533761847      
   2.97251457109587307481643596743842227        0.201767858322031642206628035271087443      
   2.96470008010418712334762108310544492        0.201010372218867691399711899202990853      
   2.95685632871960838603712127844212607        0.200260521518829845042355295566114212      
   2.94898339435679637813721115749796967        0.199518206370354501754697857393943633      
   2.94108135471843482841761031957449643        0.198783328713531765503006342405946073      
   2.93315028779446478504692288106886562        0.198055792240559171794719286858841189      
   2.92519027186131488636030500171966599        0.197335502357241485449693231988864859      
   2.91720138548112880411027718611389509        0.196622366145504460464792248304203005      
   2.90918370750098986682550458116051170        0.195916292326891574290435829679329085      
   2.90113731705214287093019968615531988        0.195217191227013826743440210785701367      
   2.89306229354921308730455755937180416        0.194524974740923729690714717133900521      
   2.88495871668942247099431346987549436        0.193839556299385609363269448101114245      
   2.87682666645180308180511673228656343        0.193160850836015300424256865129710926      
   2.86866622309640772354494190306825051        0.192488774755263231362035509233681451      
   2.86047746716351780970520933791276454        0.191823245901215785976201292989376022      
   2.85226047947284846339866104000290081        0.191164183527190677164849163481106704      
   2.84401534112275085939933449817719570        0.190511508266102888329347749009493171      
   2.83574213348941181615719655291084092        0.189865142101578525847143434711170799      
   2.82744093822605064568714096789996361        0.189225008339794684519544241632606583      
   2.81911183726211326925911705802620413        0.188591031582024157916654797512837879      
   2.81075491280246360684314216347425060        0.187963137697864528295786917907397230      
   2.80237024732657224828985769844176179        0.187341253799131847389258398245654005      
   2.79395792358770241425411667565825062        0.186725308214399770918024318209146668      
   2.78551802461209321489583975003385858        0.186115230464165637216083372018667558      
   2.77705063369814021441904667218719162        0.185510951236625584827978300864713430      
   2.76855583441557330953656033213298339        0.184912402364041386305014524848417871      
   2.76003371060463192997439104260979647        0.184319516799682236570373865631845119      
   2.75148434637523756915623909874769722        0.183732228595325275004708572790634352      
   2.74290782610616365323490369515855765        0.183150472879299141639874725954858787      
   2.73430423444420275666365572301307266        0.182574185835055370321030039422898330      
   2.72567365630333117252682054897991332        0.182003304680252906153942580505731824      
   2.71701617686387084587492433657303883        0.181437767646341501709965818527310582      
   2.70833188157164867833578355081286081        0.180877513958630196999579840247285704      
   2.69962085613715321229886173228893930        0.180322483816827522800911321611678451      
   2.69088318653468870299608018065482972        0.179772618376040486168237150311519542      
   2.68211895900152658682804959503680041        0.179227859728219801446260947854343873      
   2.67332826003705435431038772535499513        0.178688150884039220452397901479179999      
   2.66451117640192183604040344050946690        0.178153435755197192210430990536895393      
   2.65566779511718491010996006396102560        0.177623659137129446250413356032291296      
   2.64679820346344663941578011244319224        0.177098766692121444535048648034512353      
   2.63790248897999584734381944820251038        0.176578704932809986014226661042231467      
   2.62898073946394314032962106892915486        0.176063421206063575108921776449056857      
   2.62003304296935438582175706288285420        0.175552863677231481525950199035048775      
   2.61105948780638165420058140094365293        0.175046981314751724130357720266374578      
   2.60206016254039163322954597455640080        0.174545723875108506559092505344237163      
   2.59303515599109152364127737175873326        0.174049041888129917237912051789089399      
   2.58398455723165242448547206648680702        0.173556886642616981836925729756796498      
   2.57490845558783021689044273378113437        0.173069210172295422327189839580949798      
   2.56580694063708395491483805084701196        0.172585965242081734025100807401509613      
   2.55668010220769177219066235748330269        0.172107105334655440662719498991430883      
   2.54752803037786431308323968634808887        0.171632584637329627916966919758713253      
   2.53835081547485569711819869189587526        0.171162358029212088272426267076234681      
   2.52914854807407202544990066546431797        0.170696381068649634872604485979172884      
   2.51992131899817743816999188262721185        0.170234609980948359412588508116039976      
   2.51066921931619773127893374813745971        0.169777001646362819410532227597244743      
   2.50139234034262154216744934498896429        0.169323513588347343624085954822695107      
   2.49209077363649911247882281961922949        0.168874103962062841198251027380197248      
   2.48276461100053863724689830820603509        0.168428731543132690580935176619610707      
   2.47341394448020020922844759339717343        0.167987355716641468550053413612357909      
   2.46403886636278736737231014153353776        0.167549936466370458080748087818922378      
   2.45463946917653625839135537323335931        0.167116434364264046453986178267678065      
   2.44521584568970242042687473172056335        0.166686810560121292171005344320497196      
   2.43576808890964519781848010099799543        0.166261026771507101086522737948103096      
   2.42629629208190979601596515825718462        0.165839045273877608894451103496253383      
   2.41680054868930698569287709102893773        0.165420828890914518873020917332279263      
   2.40728095245099046514474753964208629        0.165006340985063290794700597330818554      
   2.39773759732153189007804341058241781        0.164595545448270219296523541073812970      
   2.38817057748999357991892011822625321        0.164188406692913577948400678065127033      
   2.37857998737899890979379162394623225        0.163784889642924138904659303548838789      
   2.36896592164380039735657312642303451        0.163384959725090507525503408043385002      
   2.35932847517134549366020318970960256        0.162988582860544836852839764347202167      
   2.34966774307934008729271225164159407        0.162595725456424608456092006940483765      
   2.33998382071530973102067361092255909        0.162206354397706284060218101033583264      
   2.33027680365565860020535092388629229        0.161820437039206746657203283326151183      
   2.32054678770472619227924272970387435        0.161437941197748560606132037460262680      
   2.31079386889384177659301934471341714        0.161058835144485187663315206753156097      
   2.30101814348037660396505040256564174        0.160683087597382400066266839224644918      
   2.29121970794679388528783214786407886        0.160310667713852232832808962359965623      
   2.28139865899969654856764209870996606        0.159941545083535915434432613082519683      
   2.27155509356887278379567466072497232        0.159575689721232318062604491833327095      
   2.26168910880633938507074448531935532        0.159213072059968539925621707042556220      
   2.25180080208538289941538460271397482        0.158853662944209356485967270312137628      
   2.24189027099959859174881341094449197        0.158497433623202329364576081914218048      
   2.23195761336192723550179825212730415        0.158144355744455466886374464386693643      
   2.22200292720368973837990334392359624        0.157794401347344405005143850580101801      
   2.21202631077361961280297604559833304        0.157447542856846157706391230323896352      
   2.20202786253689330056999761345926787        0.157103753077396563022786209282015209      
   2.19200768117415836131960252982924045        0.156763005186868625583351781147106901      
   2.18196586558055953437765396403566736        0.156425272730669029227790442556390593      
   2.17190251486476268360425173510870937        0.156090529615950163721322945296083132      
   2.16181772834797663487344308681311266        0.155758750105935078070963901824273885      
   2.15171160556297291583970545008335702        0.155429908814352839436618555875798072      
   2.14158424625310340766597395061115218        0.155103980699981841212823584406378222      
   2.13143575037131591840859451591245015        0.154780941061298666590228238323220774      
   2.12126621807916768777509584328443742        0.154460765531230174848752183268937735      
   2.11107574974583683299109000520223583        0.154143430072006536843450784746991797      
   2.10086444594713174553293189039751052        0.153828910970113003674188384936067370      
   2.09063240746449844850299180655252787        0.153517184831338248434094027032532697      
   2.08037973528402592444452320462940982        0.153208228575917175260459572632473756      
   2.07010653059544942341313842668379329        0.152902019433766142714491798239504621      
   2.05981289479115176114183943088752489        0.152598534939808599840715049745321792      
   2.04949892946516261715638741266533609        0.152297752929389183148782103342936592      
   2.03916473641215584271753492355282750        0.151999651533774371264366636580572103      
   2.02881041762644478848628629478482736        0.151704209175737841154553586065789840      
   2.01843607530097566182789670686368583        0.151411404565228715688135535365585961      
   2.00804181182631892368976691653959551        0.151121216695120936882488863121248262      
   1.99762772978965873500773926682884769        0.150833624837042042554921541878572368      
   1.98719393197378046261455097293805198        0.150548608537279666274937445119818117      
   1.97674052135605625464335260725934001        0.150266147612764121540882706635611586      
   1.96626760110742869543825301093170178        0.149986222147125471014857116008301482      
   1.95577527459139255000280634977838408        0.149708812486823520477356535103722261      
   1.94526364536297460803621252165658862        0.149433899237349214940511412640571770      
   1.93473281716771163762575842429744296        0.149161463259495951117574216242031628      
   1.92418289394062645868268452245428745        0.148891485665699356217018322372151889      
   1.91361397980520214622721852647930919        0.148623947816444117841773938788668226      
   1.90302617907235437364697562815875372        0.148358831316736483656308118429170491      
   1.89241959623940190607128245158587335        0.148096118012641082464089212603522026      
   1.88179433598903525402223948585530315        0.147835789987880750442195869468631443      
   1.87115050318828349752149409222740679        0.147577829560498077534304708621567250      
   1.86048820288747929084975304193085381        0.147322219279577419433050631725564404      
   1.84980754031922205817401976373231990        0.147068941922026150212024079814173753      
   1.83910862089733939027539688558307803        0.146817980489413959519896638985424609      
   1.82839155021584665262804906582769503        0.146569318204869026347045195644879306      
   1.81765643404790481509757435140126106        0.146322938510029928740545286311459546      
   1.80690337834477651354458419891811797        0.146078825062052175497796510189491564      
   1.79613248923478035363674267633680435        0.145836961730668271832921492239483488      
   1.78534387302224346718986405574467558        0.145597332595300256303387373117438832      
   1.77453763618645233137591484051677373        0.145359921942223670926347989416193068      
   1.76371388538060186115291107244775368        0.145124714261781950423700641907337466      
   1.75287272743074278528874436722072809        0.144891694245650239929911357730448169      
   1.74201426933472731636791036155920661        0.144660846784147673294837525776543227      
   1.73113861826115312518695095541449610        0.144432156963597166332069722953700925      
   1.72024588154830562996115673138983969        0.144205610063731801018199394313178911      
   1.70933616670309861078170806612638459        0.143981191555146897755858634119804729      
   1.69840958140001315977896255042243573        0.143758887096796893388841651747121002      
   1.68746623348003497746402224329077479        0.143538682533536162716096452065471100      
   1.67650623094959002573703683786202091        0.143320563893702940807400567622061708      
   1.66552968197947854806691785291808331        0.143104517386745522491191470255791832      
   1.65453669490380746736325432281336956        0.142890529400889933977964963263843438      
   1.64352737821892117207723198156045957        0.142678586500848289714121465184397669      
   1.63250184058233070108426546589419628        0.142468675425567065243966205049922328      
   1.62146019081164133791685644018268130        0.142260783086014534104201386832905411      
   1.61040253788347862493188961715251197        0.142054896563006633597756526610692454      
   1.59932899093241280801217325759529325        0.141851003105070540703893768280965564      
   1.58823965924988172241752072561049737        0.141649090126345255390552539763497064      
   1.57713465228311213041605490063613062        0.141449145204518504213876621469118595      
   1.56601407963403952134169755167746005        0.141251156078799292329481609992769602      
   1.55487805105822638473898101195482442        0.141055110647925446910638519397612121      
   1.54372667646377896727138950388084525        0.140860996968205509480228489579804287      
   1.53256006591026252408440210611029603        0.140668803251594348825824867272428623      
   1.52137832960761507532926847868744448        0.140478517863801879990054532100106408      
   1.51018157791505967856830192239233504        0.140290129322434288320673461884363438      
   1.49896992134001522779712199864852536        0.140103626295167170735485331822194456      
   1.48774347053700578983382063223382009        0.139918997597950019214998229374523353      
   1.47650233630656848883946121701190745        0.139736232193241484088962177586295954      
   1.46524662959415994974864960250298925        0.139555319188274866939823054529354911      
   1.45397646148906131140313881491045992        0.139376247833353304914593575685986931      
   1.44269194322328182019554581984351261        0.139199007520174119924376656874888794      
   1.43139318617046101504426842609843872        0.139023587780181817625255862022091518      
   1.42008030184476951453459342221338796        0.138849978282949232222751744147650466      
   1.40875340189980841707478309287555956        0.138678168834586324031583308700575410      
   1.39741259812750732492961624447467488        0.138508149376176147359920352766890020      
   1.38605800245702100300744164305742661        0.138339909982237516679319383488083957      
   1.37468972695362468329027619959780069        0.138173440859213909194568183768545606      
   1.36330788381760802580984719387046273        0.138008732343988151848003456551933374      
   1.35191258538316774708573717737241867        0.137845774902422450486616245401584296      
   1.34050394411729892695494180681739488        0.137684559127923328393352760277295764      
   1.32908207261868500473519460292678486        0.137525075740031050642218801841158201      
   1.31764708361658647567734837582410144        0.137367315583033119785707523294061939      
   1.30619908996972829867493068063602432        0.137211269624601437228139523348951680      
   1.29473820466518602621171003830894711        0.137056928954452733285026169683023089      
   1.28326454081727066754072065163027118        0.136904284783031877381689440753235700      
   1.27177821166641229610069584053321633        0.136753328440217688109099687314600382      
   1.26027933057804241218825429056797320        0.136604051374050870936093578294825831      
   1.24876801104147507191646833161818711        0.136456445149483719279541145776288530      
   1.23724436666878679350261971928078466        0.136310501447151222362246420569572986      
   1.22570851119369525194001565863432182        0.136166212062163230846867853663221538      
   1.21416055847043677312069597029730355        0.136023568902917338627287639765729599      
   1.20260062247264263848771123370106711        0.135882563989932146390879881900722238      
   1.19102881729221421130739133542762648        0.135743189454700579640148125151920610      
   1.17944525713819689566365398542634362        0.135605437538562940784233657415085930      
   1.16785005633565293928792332613960547        0.135469300591599381683739647578348144      
   1.15624332932453309134963963533364573        0.135334771071541489659970447746487515      
   1.14462519065854712634364220012543046        0.135201841542702686465746412286671815      
   1.13299575500403324522189860578312003        0.135070504674927146063020021084530684      
   1.12135513713882636492813482790371373        0.134940753242556943266090977961038079      
   1.10970345195112530750489153117064539        0.134812580123417151391705586697513357      
   1.09804081443835889995339275378686190        0.134685978297818613012048410296950379      
   1.08636733970605099603736358667377861        0.134560940847578113736824021687873808      
   1.07468314296668443123257343452111495        0.134437460955055694659430882844154456      
   1.06298833953856392203441086675459416        0.134315531902208844692713184035993335      
   1.05128304484467792084621482653682510        0.134195147069663319494925223915520860      
   1.03956737441155943768139496220230755        0.134076299935800339049264610886266060      
   1.02784144386814583992257097631471554        0.133958984075859921213458108054491934      
   1.01610536894463764139104705218185044        0.133843193161060113702177330119521703      
   1.00435926547135629198991251662450003        0.133728920957731892007209991361185471      
  0.992603249377600979193923832619747626        0.133616161326469495700936600092296193      
  0.980837436690504452669075688773961768        0.133504908221295980410316355358741115      
  0.969061943533887883314410268170792578        0.133395155688843767493758799644526609      
  0.957276886127114768028143641829180826        0.133286897867549978104376001731382043      
  0.945482380783943891509606547739671441        0.133180128986866342882539222492567372      
  0.933678543911381356417803492269303347        0.133074843366483482990710523962733688      
  0.921865492008531693216589054782852359        0.132971035415569362586432554316203886      
  0.910043341665448061045543397870867649        0.132868699632021717127331957646931555      
  0.898212209561981550964600194956005911        0.132767830601734266117162568560771654      
  0.886372212466629602929339395726448571        0.132668422997876523036370259823787920      
  0.874523467235383547862604370381803961        0.132570471580187019256437503170360899      
  0.862666090810575286196737919742404266        0.132473971194279762716348337216600705      
  0.850800200219723114269254324643765761        0.132378916770963756043841386259504680      
  0.838925912574376709963174950598800134        0.132285303325575402635581030730761771      
  0.827043345068961288991552839454404156        0.132193125957323632970820663103582880      
  0.815152614979620943233897126799275158        0.132102379848647587124359039759908073      
  0.803253839663061172540280941409507677        0.132013060264586693068360208885776271      
  0.791347136555390621426876591372288184        0.131925162552162983910637033389744705      
  0.779432623170962032094509242142383503        0.131838682139775500710965350054315433      
  0.767510417101212425209554867210379149        0.131753614536606630948538638461273605      
  0.755580636013502519894129925958728018        0.131669955332040236084392097496328515      
  0.743643397649955404380028920428669530        0.131587700195091424974083790016271431      
  0.731698819826294468788261629010237319        0.131506844873847833139646807426618905      
  0.719747020430680611503324337506818264        0.131427385194922271107313306962087983      
  0.707788117422548730618508714739495858        0.131349317062916608160218177617521327      
  0.695822228831443511935608040086362707        0.131272636459896760944643689793960459      
  0.683849472755854525009323214457654978        0.131197339444878659405761737852760912      
  0.671869967362050638733500305667021925        0.131123422153325065515631355339414527      
  0.659883830882913767973047226569943819        0.131050880796653123193750345118793715      
  0.647891181616771962751979453419475291        0.130979711661752520710046397555039277      
  0.635892137926231851514533397475039535        0.130909911110514149703102109838157038      
  0.623886818237010449982661080951007799        0.130841475579369147743889713515859155      
  0.611875341036766347139481075989222232        0.130774401578838214128568432178617431      
  0.599857824873930279874408180686884068        0.130708685693091091294167912296223168      
  0.587834388356535107831717968634818730        0.130644324579516106919417876352215717      
  0.575805150151045200010222098371280018        0.130581314968299674400735666618259795      
  0.563770228981185244667536048207539002        0.130519653662015651981574892976546756      
  0.551729743626768494088112692732943665        0.130459337535224463363072483901682471      
  0.539683812922524455779792803783525755        0.130400363534081885136288581686417720      
  0.527632555756926041669087085710352329        0.130342728675957408852373119121643855      
  0.515576091071016186870753688488803188        0.130286430049062087987753109706742948      
  0.503514537857233949612470229772074668        0.130231464812085782467934216457521620      
  0.491448015158240103900520146743239866        0.130177830193843715786748201986524951      
  0.479376642065742236517419640020033906        0.130125523492932262098834815412116494      
  0.467300537719319359947303515503577843        0.130074542077393882972784796981023445      
  0.455219821305246052829665827654085096        0.130024883384391135771634670902892043      
  0.443134612055316139546714332070170470        0.129976544919889677877221551754140914      
  0.431045029245665920554146320420800472        0.129929524258350193196188581236499701      
  0.418951192195596965069587391837663271        0.129883819042429169579074230270357400      
  0.406853220266398477737254068059192917        0.129839426982688457950801591665317132      
  0.394751232860169250891605842295385461        0.129796345857313546091872175745890872      
  0.382645349418639214046842222456390704        0.129754573511840482125513522636482190      
  0.370535689421990592243075547691240681        0.129714107858891384857768272291861527      
  0.358422372387678684883870783882270440        0.129674946877918480185867984687880138      
  0.346305517869252276703589100734854081        0.129637088614956604836018943099412105      
  0.334185245455173692506602763423556089        0.129600531182384120715738007228170782      
  0.322061674767638507323964699570806866        0.129565272758692185168901015316631466      
  0.309934925461394923636516992942964772        0.129531311588262324404479524746018130      
  0.297805117222562827316708475085706517        0.129498645981152259333308087164614397      
  0.285672369767452533944562502755379468        0.129467274312889934991897470092861034      
  0.273536802841383237156291891139619720        0.129437195024275706659032818606939997      
  0.261398536217501170686998790338800024        0.129408406621192637680403538415233937      
  0.249257689695597495771723016375131364        0.129380907674424865909528212996562007      
  0.237114383100925925571812950219663720        0.129354696819483997550478783759125172      
  0.224968736283020098296188572226514276        0.129329772756443489050080668196322349      
  0.212820869114510710689546479322300177        0.129306134249780979535068508509634317      
  0.200670901489942423561921813837603793        0.129283780128228538123802158282253416      
  0.188518953324590551036271892643948573        0.129262709284630792263278319763796896      
  0.176365144553277545192880941069028812        0.129242920675810905050986973784454373      
  0.164209595129189287791404686836963560        0.129224413322444371298328846374400791      
  0.152052425022691200753277635089043002        0.129207186308940603878494858698947406      
  0.139893754220144187088994607591356848        0.129191238783332283677569179239794152      
  0.127733702722720413956451569874539495        0.129176569957172448233807007351177178      
  0.115572390545218949538088872761421786        0.129163179105439295907204285582305582      
  0.103409937714881265426022784142815386        0.129151065566448684170262086286366875      
   9.12464642702066162056785687206075194E-0002  0.129140228741774302351891915452070012      
   7.90820902597673079296503746500912356E-0002  0.129130668096175500900343983172355339      
   6.69169357410238671746097946180570009E-0002  0.129122383157532760958499195565143642      
   5.47511207791401223750661740664820920E-0002  0.129115373516790789766474384191691250      
   4.25847654457982091286475313296680138E-0002  0.129109638827909229122873164495877761      
   3.04179898180135111683213248502825097E-0002  0.129105178807820965847793096630467980      
   1.82509139769495486976092439711698909E-0002  0.129101993236398034898492366236869813      
   6.08365800673282578536970579836098135E-0003  0.129100081956425107493042757566859532      
  -6.08365800673235148287419383086518333E-0003  0.129099444873580558298965224171519858      
  -1.82509139769490743997949061507133554E-0002  0.129100081956425107443373385317735795      
  -3.04179898180130368798692891226055387E-0002  0.129101993236398034799151170599722566      
  -4.25847654457977348542388332383689746E-0002  0.129105178807820965698775175032344965      
  -5.47511207791396481193817105530864012E-0002  0.129109638827909228924171162339402436      
  -6.69169357410233929423302778234540735E-0002  0.129115373516790789518078493969340010      
  -7.90820902597668337254562857177952903E-0002  0.129122383157532760660397155677973025      
  -9.12464642702061420342501116022983804E-0002  0.129130668096175500552521076452914775      
 -0.103409937714880791292039839406614876        0.129140228741774301954330967391168850      
 -0.115572390545218475446230951403361856        0.129151065566448683722943462963297740      
 -0.127733702722719939911397767133677927        0.129163179105439295410105891298060063      
 -0.139893754220143713095423556768996282        0.129176569957172447686904281964122409      
 -0.152052425022690726815867461372509017        0.129191238783332283080835095203212210      
 -0.164209595129188813914832961128397899        0.129207186308940603231899917799772192      
 -0.176365144553277071381824633819652667        0.129224413322444370601841076172419406      
 -0.188518953324590077295407327694252665        0.129242920675810904304571923751172506      
 -0.200670901489941949895924622263919938        0.129262709284630791466899057120099720      
 -0.212820869114510237103091553290210111        0.129283780128228537277419263533924719      
 -0.224968736283019624793950018851551378        0.129306134249780978638640070679728742      
 -0.237114383100925452158464045435762728        0.129329772756443488103562279753315699      
 -0.249257689695597022451936158811281635        0.129354696819483996553823535239699034      
 -0.261398536217500697465445455204357416        0.129380907674424864862686687321808497      
 -0.273536802841382764037642584118732216        0.129408406621192636583323804898996858      
 -0.285672369767452060933486713910981443        0.129437195024275705511660426654936948      
 -0.297805117222562354417874632773537352        0.129467274312889933794175442591160785      
 -0.309934925461394450854592417736065369        0.129498645981152258085176913555971105      
 -0.322061674767638034663615558194949959        0.129531311588262323105877153792492937      
 -0.334185245455173219972494022704064474        0.129565272758692183819762847546857495      
 -0.346305517869251804300384481555261449        0.129600531182384119315996887067545636      
 -0.358422372387678212616232715155279070        0.129637088614956603385605150681426789      
 -0.370535689421990120115665120342430241        0.129674946877918478684709227344719083      
 -0.382645349418638742064319143421132571        0.129714107858891383305789675722332896      
 -0.394751232860168779058628388529416654        0.129754573511840480522637621749261157      
 -0.406853220266398006058479040563302277        0.129796345857313544438018905175982194      
 -0.418951192195596493549670069696948563        0.129839426982688456245888275961564879      
 -0.431045029245665449197740414858939012        0.129883819042429167823015573751752380      
 -0.443134612055315668358471940519170675        0.129929524258350191388896657514954350      
 -0.455219821305245581814237387839962587        0.129976544919889676018605792921322569      
 -0.467300537719318889109337759548412394        0.130024883384391133861601856378623576      
 -0.479376642065741765861563548560860275        0.130074542077393881011239042020678613      
 -0.491448015158239633431418903068224668        0.130125523492932260085677559270354259      
 -0.503514537857233479334767173974433037        0.130177830193843713721878195734623219      
 -0.515576091071015716789090271638906421        0.130231464812085780351247510451485497      
 -0.527632555756925571788102824046480029        0.130286430049062085819143040703277075      
 -0.539683812922523986104125232921712651        0.130342728675957406631730297038990989      
 -0.551729743626768024622397321896376355        0.130400363534081882863500876006977209      
 -0.563770228981184775416406314475951077        0.130459337535224461038025009713233273      
 -0.575805150151044730978309320950798239        0.130519653662015649604149996648808881      
 -0.587834388356534639023651303148712972        0.130581314968299671970812911111435921      
 -0.599857824873929811294814573487669174        0.130644324579516104436874026154061978      
 -0.611875341036765878792985218492566502        0.130708685693091088758876917984103210      
 -0.623886818237009981873885363991895214        0.130774401578838211540401414602898555      
 -0.635892137926231383648097865686638596        0.130841475579369145102714947600911344      
 -0.647891181616771495132501759635163221        0.130909911110514147008785007997117998      
 -0.659883830882913300605142586248938042        0.130979711661752517962449492714407641      
 -0.671869967362050171621781451344066120        0.131050880796653120392733273348811326      
 -0.683849472755854058158400350217211246        0.131123422153325062661050838086095467      
 -0.695822228831443045350088796061758878        0.131197339444878656497471563767319866      
 -0.707788117422548264302998101637476199        0.131272636459896757982494696155287011      
 -0.719747020430680145462424701157946231        0.131349317062916605144058231343237912      
 -0.731698819826294003026572604945601125        0.131427385194922268036987285203620121      
 -0.743643397649954938902147388483335890        0.131506844873847830014996577743593821      
 -0.755580636013502054704649964902394167        0.131587700195091421794948190125448110      
 -0.767510417101211960313067709405670141        0.131669955332040232850606914590146615      
 -0.779432623170961567495603228231241988        0.131753614536606627659936588090991306      
 -0.791347136555390157130137124990905316        0.131838682139775497367376054572586557      
 -0.803253839663060708550290443932239936        0.131925162552162980511886999947364829      
 -0.815152614979620479555234992111995548        0.132013060264586689614272806977202749      
 -0.827043345068960825628795388757733149        0.132102379848647583614754478312034475      
 -0.838925912574376246920895387241663069        0.132193125957323629405515967102119149      
 -0.850800200219722651552022688987722378        0.132285303325575399014390017378442289      
 -0.862666090810574823809121044057194858        0.132378916770963752366574640660213095      
 -0.874523467235383085809165833772558879        0.132473971194279758982813187579365658      
 -0.886372212466629141214639479093004423        0.132570471580187015466437995527039453      
 -0.898212209561981089593195835984774795        0.132668422997876519189707132254113261      
 -0.910043341665447600021988146059700740        0.132767830601734262213633224918299482      
 -0.921865492008531232545433026499347755        0.132868699632021713166730440779273748      
 -0.933678543911380896103593325842989765        0.132971035415569358568549518772790862      
 -0.945482380783943431556885358588527111        0.133074843366483478915333208183195060      
 -0.957276886127114308441450977620917050        0.133180128986866338749451420468668177      
 -0.969061943533887424098282064019351191        0.133286897867549973913358034135294040      
 -0.980837436690503993828044222471666757        0.133395155688843763244587484416054981      
 -0.992603249377600520732517679905553106        0.133504908221295976102764977743964623      
  -1.00435926547135583391265650648877610        0.133616161326469491334774882125911945      
  -1.01610536894463718370246222220814739        0.133728920957731887582204060784681235      
  -1.02784144386814538262717452805894816        0.133843193161060109218089688727125694      
  -1.03956737441155898078370021660979998        0.133958984075859916670047599458673768      
  -1.05128304484467746435073117939765491        0.134076299935800334446286387694383905      
  -1.06298833953856346594564374419767635        0.134195147069663314832130714309025694      
  -1.07468314296668397555502424854746487        0.134315531902208839969850057743415070      
  -1.08636733970605054077552969072939306        0.134437460955055689876243016498903838      
  -1.09804081443835844511176739837565591        0.134560940847578108893051463561699330      
  -1.10970345195112485308796381950788433        0.134685978297818608107427344399691058      
  -1.12135513713882591094038967161037611        0.134812580123417146425968296233585375      
  -1.13299575500403279166781668062163152        0.134940753242556938238965808132886626      
  -1.14462519065854667322769990177720163        0.135070504674927140974231341233066870      
  -1.15624332932453263867630903521885505        0.135201841542702681315014577358498915      
  -1.16785005633565248706167212727965914        0.135334771071541484447011759077500970      
  -1.17944525713819644388894547834945125        0.135469300591599376408266312983068084      
  -1.19102881729221375998868435411792471        0.135605437538562935445953750570852094      
  -1.20260062247264218762946011159172820        0.135743189454700574238765544266844607      
  -1.21416055847043632272735049630806306        0.135882563989932140926094307654052126      
  -1.22570851119369480201602103325385866        0.136023568902917333098794492509037829      
  -1.23724436666878634405241651069438671        0.136166212062163225254358249870576064      
  -1.24876801104147462294449243188113536        0.136310501447151216705407128524596715      
  -1.26027933057804196369893687182507841        0.136456445149483713558054540483750764      
  -1.27177821166641184809846331128493959        0.136604051374050865149637595604141966      
  -1.28326454081727022002999461304585775        0.136753328440217682257347777242344594      
  -1.29473820466518557919690724058700933        0.136904284783031871464310519991490847      
  -1.30619908996972785216046297941299861        0.137056928954452727301684573280108605      
  -1.31764708361658602966762268863101605        0.137211269624601431178494955548777871      
  -1.32908207261868455923461286569476172        0.137367315583033113669415007520061382      
  -1.34050394411729848196790093043231914        0.137525075740031044458928629810440484      
  -1.35191258538316730261662900427920473        0.137684559127923322142710440230360301      
  -1.36330788381760758186305845472734057        0.137845774902422444168262449432607059      
  -1.37468972695362423987018846998105657        0.138008732343988145461573967024318149      
  -1.38605800245702056011843130021702021        0.138173440859213902739693838800096195      
  -1.39741259812750688257605442414116294        0.138339909982237510155626021489814125      
  -1.40875340189980797526103564611875219        0.138508149376176140767028756019138296      
  -1.42008030184476907326502087235315846        0.138678168834586317369109145949734890      
  -1.43139318617046057432322592566812068        0.138849978282949225490305512206460000      
  -1.44269194322328138002738310760630266        0.139023587780181810822442826356059663      
  -1.45397646148906087179220017292925192        0.139199007520174113050796791157040410      
  -1.46524662959415951069927381326406347        0.139376247833353297969841500301731120      
  -1.47650233630656805035598152060289998        0.139555319188274859923487974012872354      
  -1.48774347053700535192056468357639246        0.139736232193241477000627816969433749      
  -1.49896992134001479045841182478615742        0.139918997597950012054242769428766479      
  -1.51018157791505924180845387983366240        0.140103626295167163501881343173853053      
  -1.52137832960761463915259321080556326        0.140290129322434281013787837982674810      
  -1.53256006591026208849520450059845312        0.140478517863801872609448421017502319      
  -1.54372667646377853227396865026493360        0.140668803251594341371053602315754898      
  -1.55487805105822595033763015916310608        0.140860996968205501950841518690809746      
  -1.56601407963403908754070406566793182        0.141055110647925439306179333320538998      
  -1.57713465228311169721970022208195348        0.141251156078799284649487669186382969      
  -1.58823965924988128983008032764390520        0.141449145204518496457879281740005242      
  -1.59932899093241237603791660361039917        0.141649090126345247558076976596943920      
  -1.61040253788347819357508011866742814        0.141851003105070532794458899845196043      
  -1.62146019081164090718175141476136972        0.142054896563006625610874935409693598      
  -1.63250184058233027097511609512845940        0.142260783086014526039379239982519609      
  -1.64352737821892074259828326911249896        0.142468675425567057100703173151305160      
  -1.65453669490380703851874505251931233        0.142678586500848281491910639768356283      
  -1.66552968197947811986108054695289334        0.142890529400889925676292772778968627      
  -1.67650623094958959817409771496621975        0.143104517386745514109537594572680454      
  -1.68746623348003455054820117705936290        0.143320563893702932345237851025294787      
  -1.69840958140001273351447302765644832        0.143538682533536154172890814704364524      
  -1.70933616670309818517275714524747322        0.143758887096796884764051999515602091      
  -1.72024588154830520501194500091831070        0.143981191555146889048936766935087851      
  -1.73113861826115270090167249251119060        0.144205610063731792228589912762214110      
  -1.74201426933472689275075269063165692        0.144432156963597157459209933275654951      
  -1.75287272743074236234388841859398247        0.144660846784147664338157343148837842      
  -1.76371388538060143888453114110027798        0.144891694245650230888833207825127792      
  -1.77453763618645190978817854488185074        0.145124714261781941297639360683766863      
  -1.78534387302224304628693229657768629        0.145359921942223661714710721115292742      
  -1.79613248923477993342276959564882526        0.145597332595300247005573466421855069      
  -1.80690337834477609402371713897621055        0.145836961730668262448322394563254501      
  -1.81765643404790439627395381379588071        0.146078825062052166025795660059918763      
  -1.82839155021584623450580867060761346        0.146322938510029919180518003805012901      
  -1.83910862089733897285866333045821785        0.146569318204869016698358570838067641      
  -1.84980754031922164146691278334491864        0.146817980489413949781909418380637106      
  -1.86048820288747887485638536719534167        0.147068941922026140384086550699550329      
  -1.87115050318828308224597140973941854        0.147322219279577409514504504426980401      
  -1.88179433598903483946866039737020244        0.147577829560498067524482996603817876      
  -1.89241959623940149224373843356721387        0.147835789987880740340422767241877313      
  -1.90302617907235396054955099139705433        0.148096118012641072269679971390002815      
  -1.91361397980520173386399037578155731        0.148358831316736473368568919544114232      
  -1.92418289394062604705772271640456181        0.148623947816444107460001764688213070      
  -1.93473281716771122674312553508904807        0.148891485665699345740500825319957610      
  -1.94526364536297419789996379499611294        0.149161463259495940545589584545088183      
  -1.95577527459139214061698966486205673        0.149433899237349204272328234403509093      
  -1.96626760110742828680690884049446361        0.149708812486823509712233659449692103      
  -1.97674052135605584677051397769700423        0.149986222147125460152043511713232080      
  -1.98719393197378005550424342450296717        0.150266147612764110579617318121334890      
  -1.99762772978965832866398081389943540        0.150548608537279655214449045750228453      
  -2.00804181182631851811656800796417449        0.150833624837042031394428584501601546      
  -2.01843607530097525702926018637896065        0.151121216695120925621199327798028117      
  -2.02881041762644438446620736150943271        0.151411404565228704325246774226716091      
  -2.03916473641215543948000109255633249        0.151704209175737829689252165233136818      
  -2.04949892946516221470537847561307341        0.151999651533774359695828175091490312      
  -2.05981289479115135948132741676165827        0.152297752929389171476171109012225307      
  -2.07010653059544902254708756258099305        0.152598534939808588063184751898609620      
  -2.08037973528402552437688987663553216        0.152902019433766130831183977250087632      
  -2.09063240746449804923772452069468374        0.153208228575917163270504386191917043      
  -2.10086444594713134707397123367390125        0.153517184831338236336609833083584498      
  -2.11107574974583643534236860669015458        0.153828910970112991468281561194620950      
  -2.12126621807916729094053833532680271        0.154143430072006524528215544737967030      
  -2.13143575037131552239211749538327440        0.154460765531230162423270388799035787      
  -2.14158424625310301247148594026030734        0.154780941061298654053569208311533337      
  -2.15171160556297252147110685996103746        0.155103980699981828564043899991803763      
  -2.16181772834797624133462617577435713        0.155429908814352826674761861718129025      
  -2.17190251486476229089910057239838283        0.155758750105935065195060703513671273      
  -2.18196586558055914251004439095426291        0.156090529615950150730390402783444214      
  -2.19200768117415797029340212147988977        0.156425272730669016120832159514839878      
  -2.20202786253689291038906564057633849        0.156763005186868612359357590172499822      
  -2.21202631077361922347116343645798178        0.157103753077396549680731952837933369      
  -2.22200292720368934990105264633666456        0.157447542856846144245238537334132109      
  -2.23195761336192684787974359551492027        0.157794401347344391423839908569075504      
  -2.24189027099959820498738046849676260        0.158144355744455453183851787065617326      
  -2.25180080208538251351839055363213401        0.158497433623202315539752272108110027      
  -2.26168910880633900004199797714174824        0.158853662944209342537744778120005416      
  -2.27155509356887239963897577173724338        0.159213072059968525852887583120190294      
  -2.28139865899969616528678230043981432        0.159575689721232303864230135685191706      
  -2.29121970794679350288659426766097149        0.159941545083535901109273516246177356      
  -2.30101814348037622244720858626582928        0.160310667713852218379704446363333057      
  -2.31079386889384139596233901939064533        0.160683087597382385484039788193142732      
  -2.32054678770472581253948056650612955        0.161058835144485172950771794540480265      
  -2.33027680365565822136025480095898302        0.161437941197748545762061449173071994      
  -2.33998382071530935307398257641846458        0.161820437039206731680377431109421908      
  -2.34966774307933971024815648681797342        0.162206354397706268949391333979734789      
  -2.35932847517134511752150397211280939        0.162595725456424593210000814981615641      
  -2.36896592164380002212744279316101090        0.162988582860544821470202475985903950      
  -2.37857998737899853547793353504923966        0.163384959725090492005019881773582406      
  -2.38817057748999320652002862009620228        0.163784889642924123245010612814014503      
  -2.39773759732153151759980379953116608        0.164188406692913562148248789597002252      
  -2.40728095245099009359083602551904371        0.164595545448270203354510986450188856      
  -2.41680054868930661506696076093836761        0.165006340985063274709450137586752455      
  -2.42629629208190942632170194036552996        0.165420828890914502643135200454103018      
  -2.43576808890964482905951872843160408        0.165839045273877592518512314623123844      
  -2.44521584568970205260685470655416772        0.166261026771507084563092242100807883      
  -2.45463946917653589151390693056965746        0.166686810560121275498623321472108332      
  -2.46403886636278700144105421367424235        0.167116434364264029631171250565355684      
  -2.47341394448019984424699577410586632        0.167549936466370441105996938760706065      
  -2.48276461100053827321885281706320111        0.167987355716641451421840398977145467      
  -2.49209077363649874940777646646979727        0.168428731543132673297711926942699934      
  -2.50139234034262118005698549448272897        0.168874103962062823758446041760757159      
  -2.51066921931619737013262628436271827        0.169323513588347326026104185843322762      
  -2.51992131899817707799140517383796785        0.169777001646362801652754657129353425      
  -2.52914854807407166624258952890141045        0.170234609980948341493371713778202368      
  -2.53835081547485533888570835870236263        0.170696381068649616790280198008700730      
  -2.54752803037786395582910576657925373        0.171162358029212070025300915367210035      
  -2.55668010220769141591841080521160309        0.171632584637329609503321170812382012      
  -2.56580694063708359962798512936234460        0.172107105334655422080807782517323983      
  -2.57490845558782986259249498088672642        0.172585965242081715273150832299856379      
  -2.58398455723165207117992625989111318        0.173069210172295403403402099028887433      
  -2.59303515599109117133162049456364594        0.173556886642616962739472995112543874      
  -2.60206016254039128191925518084213388        0.174049041888129897964938855019637672      
  -2.61105948780638130389312398145063955        0.174545723875108487108714609673199985      
  -2.62003304296935403652059041079098195        0.175046981314751704500661578729426044      
  -2.62898073946394279203819264573469519        0.175552863677231461714992400620847787      
  -2.63790248897999550006556674969306093        0.176063421206063555114728479493698408      
  -2.64679820346344629315413063477098494        0.176578704932809965834793013535067431      
  -2.65566779511718456486833126981492356        0.177098766692121424168338194482631711      
  -2.66451117640192149182220272538598233        0.177623659137129425694357430520030845      
  -2.67332826003705401111901238392867860        0.178153435755197171462928095605450926      
  -2.68211895900152624466688678763030703        0.178688150884039199511313072439690374      
  -2.69088318653468836186850689980901970        0.179227859728219780309425102135711243      
  -2.69962085613715287220824476943332134        0.179772618376040464833446421431690856      
  -2.70833188157164833928547946303672351        0.180322483816827501265926377348131694      
  -2.71701617686387050786827941349758056        0.180877513958630175262125184569017534      
  -2.72567365630333083556717077973172300        0.181437767646341479767729076836697063      
  -2.73430423444420242075432676329925920        0.182003304680252884004573767724206178      
  -2.74290782610616331837921083444387124        0.182574185835055347962140810439442297      
  -2.75148434637523723535748722753396101        0.183150472879299119069037607940817777      
  -2.76003371060463159723587461981797113        0.183732228595325252219456178868311426      
  -2.76855583441557297786156335258818905        0.184319516799682213568198089367695243      
  -2.77705063369813988381084263420700258        0.184912402364041363083365715024412907      
  -2.78551802461209288535769162312019864        0.185510951236625561384264415963569196      
  -2.79395792358770208578927686829319902        0.186115230464165613547669113840077539      
  -2.80237024732657192090156802598759653        0.186725308214399747022230244014939646      
  -2.81075491280246328053463381617804053        0.187341253799131823263360010811841380      
  -2.81911183726211294403361056912926255        0.187963137697864503937013732840382837      
  -2.82744093822605032154784618185248842        0.188591031582024133322189387165592207      
  -2.83574213348941149310731259369204144        0.189225008339794659686521254934322289      
  -2.84401534112275053744204973772123548        0.189865142101578500772648592200792560      
  -2.85226047947284814253715306673095108        0.190511508266102863010416812339506247      
  -2.86047746716351748994264492537149031        0.191164183527190651598466878633046137      
  -2.86866622309640740488447697867503524        0.191823245901215760159300306416636532      
  -2.87682666645180276424989634618177524        0.192488774755263205291495256120330804      
  -2.88495871668942215454747176388211756        0.193160850836015274096902428926091526      
  -2.89306229354921277196921773606271631        0.193839556299385582775870390468012272      
  -2.90113731705214255670947397802855114        0.194524974740923702839983877396928201      
  -2.90918370750098955372249421992276186        0.195217191227013799626032473970217679      
  -2.91720138548112849212807237207263188        0.195916292326891546902946862163674841      
  -2.92519027186131457550198487328409112        0.196622366145504432803757200095185119      
  -2.93315028779446447531555548436006649        0.197335502357241457511585404588243629      
  -2.94108135471843451981625257814506685        0.198055792240559143575948765652983426      
  -2.94898339435679607066890884216140903        0.198783328713531736999918592472755226      
  -2.95685632871960807970490897721231234        0.199518206370354472963572281581590117      
  -2.96470008010418681815452217124647304        0.200260521518829815959403753656899789      
  -2.97251457109587277076546257762511454        0.201010372218867662021077186932822783      
  -2.98029972456879468723874245528030993        0.201767858322031612528382321930422797      
  -2.98805546368663078344093875893742776        0.202533081512164596763749100829446746      
  -2.99578171190336708488012452369193158        0.203306145347128336074696835117661849      
  -3.00347839296405290496092109214445382        0.204087155301692408363355935720714335      
  -3.01114543090555345056240580563885913        0.204876218811609989991518764216237490      
  -3.01878275005729954751096194481790528        0.205673445318918725488142497665752966      
  -3.02639027504203447854858317888568350        0.206478946318506606230788894045037866      
  -3.03396793077655792642564328709721712        0.207292835405984230229420297072644173      
  -3.04151564247246701477571316881490922        0.208115228326906369095282687304500558      
  -3.04903333563689443945865087799191175        0.208946243027387388200879908689249557      
  -3.05652093607324368308690632146235440        0.209785999706156755055779814948730388      
  -3.06397836988192130547877006452298171        0.210634620868102632327463406720997938      
  -3.07140556346106630281115510785641523        0.211492231379353389190074472749152174      
  -3.07880244350727652827343125204193971        0.212358958523948781433354890359433330      
  -3.08616893701633216705283346419063612        0.213234932062154550849645473854076379      
  -3.09350497128391625851103821939187140        0.214120284290476281884048988551345826      
  -3.10081047390633225844064482073304550        0.215015150103430532644218631690436591      
  -3.10808537278121863431951191802432107        0.215919667057133532614121937558835647      
  -3.11532959610826048651018255870197178        0.216833975434770115536335495681303859      
  -3.12254307238989818838098382568569653        0.217758218314008037913638782764766029      
  -3.12972573043203303835480915652699978        0.218692541636425426699870822784646393      
  -3.13687749934472991692108250562412606        0.219637094279021809558849823987852782      
  -3.14399830854291694167596331552895198        0.220592028127886013432443766500552113      
  -3.15108808774708211348547951268940782        0.221557498154097178264196616086484084      
  -3.15814676698396694689597214493861840        0.222533662491938229108448705568588868      
  -3.16517427658725707794599953956739221        0.223520682519504388418599790251370470      
  -3.17217054719826984256368068813887486        0.224518722941792698343349432960796848      
  -3.17913550976663881876335666289481970        0.225527951876362068071135904138372299      
  -3.18606909555099532588541494457021244        0.226548540941657071794435127236531836      
  -3.19297123611964687415315429692362958        0.227580665348092607327503611491325092      
  -3.19984186335125255785066696289372473        0.228624503992000592909870465500628929      
  -3.20668090943549538545588018394115680        0.229680239552544139896927839332565964      
  -3.21348830687375154009313006011150293        0.230748058591709102072542060408342365      
  -3.22026398847975656369993727529039159        0.231828151657487579007384229523878847      
  -3.22700788738026845833301591100282712        0.232920713390372852656079518961304905      
  -3.23371993701572769806897316327688892        0.234025942633290375337416048428057349      
  -3.24040007114091414498564896024934951        0.235144042545094816195379965992271795      
  -3.24704822382560086274059995240177876        0.236275220717768825781787561148836278      
  -3.25366432945520482129385181100999332        0.237419689297465108937572695961380631      
  -3.26024832273143448635272692136570282        0.238577665109539619953722891844192882      
  -3.26680013867293428714730109275648466        0.239749369787730227267080566706926063      
  -3.27331971261592595617585252361288634        0.240935029907642054883538951570375768      
  -3.27980698021484673459053865357112608        0.242134877124707912570907685337278128      
  -3.28626187744298443692447139975835894        0.243349148316799796003011805714115373      
  -3.29268434059310936889235830707028773        0.244578085731675392046757760861701895      
  -3.29907430627810309202793603564968489        0.245821937139451885132622617009655131      
  -3.30543171143158402895254305665057048        0.247080955990308151378508536637929945      
  -3.31175649330852990310036012253999827        0.248355401577625672558699614072966273      
  -3.31804858948589700675708971289688694        0.249645539206788228406562300534638384      
  -3.32430793786323629130014892256303780        0.250951640369870661075320596196865419      
  -3.33053447666330627355981384713459197        0.252273982926457779618222504824057536      
  -3.33672814443268275225217712160698920        0.253612851290845816776013855676109219      
  -3.34288888004236532846626357136450397        0.254968536625890798926721623178116997      
  -3.34901662268838072421919162990938765        0.256341337043780778721071880236341859      
  -3.35511131189238289312486995344166020        0.257731557814022147025850167902782033      
  -3.36117288750224991725337920673205597        0.259139511578944227196478422897255575      
  -3.36720128969267768428990799520070989        0.260565518577041103992978258366698787      
  -3.37319645896577033913388906166902663        0.262009906874485198158244988869233152      
  -3.37915833615162750411081683926446834        0.263473012605163515451346669987035790      
  -3.38508686240892826200111994022910195        0.264955180219604828800347417262797276      
  -3.39098197922551189612241184914697460        0.266456762743184350860990754791164229      
  -3.39684362841895538173344966303192193        0.267978122044011782186351884881246110      
  -3.40267175213714762306019386391457113        0.269519629110929042163940862242425101      
  -3.40846629285886043027648150558455413        0.271081664342065575103288175288335287      
  -3.41422719339431623080400052797599931        0.272664617844421946452737282053763619      
  -3.41995439688575250932848386277362843        0.274268889744976583407546835334452869      
  -3.42564784680798297096132824405669820        0.275894890513836055090067984993624482      
  -3.43130748696895542200818386953655468        0.277543041299976321051994171046817833      
  -3.43693326151030636283845695198552011        0.279213774280151000627349617007502778      
  -3.44252511490791228738211743706611259        0.280907533021573034272036807673545233      
  -3.44808299197243768381270842267921601        0.282624772859008233701706205213780032      
  -3.45360683784987973100801177535402937        0.284365961286953270855702455573350375      
  -3.45909659802210968541243577976745674        0.286131578367606765835990762261813509      
  -3.46455221830741095295785505634521034        0.287922117155380439976359696555464099      
  -3.46997364486101384073235011667701541        0.289738084138737951468787419505090536      
  -3.47536082417562698311906347426883959        0.291579999700192188145256120633638143      
  -3.48071370308196543716021086553398514        0.293448398595337627905187148459328365      
  -3.48603222874927544193415953895568563        0.295343830451843077913309389055667152      
  -3.49131634868585583676641041458954161        0.297266860289381869401833247136731563      
  -3.49656601073957613312829687655954490        0.299218069061531631544599614128543651      
  -3.50178116309839123511023971247739267        0.301198054220734328119111381019392922      
  -3.50696175429085280338947492982043037        0.303207430307469565507500657325632126      
  -3.51210773318661725764529853378014145        0.305246829564860540843134529250682762      
  -3.51721904899695041240804951698708478        0.307316902580002687207497733417195976      
  -3.52229565127522874136127896138422244        0.309418318953380404623114934144243327      
  -3.52733748991743726514982895842515984        0.311551767997817582624299518599794524      
  -3.53234451516266405777986968729807404        0.313717959468493291692142318119162346      
  -3.53731667759359136673031612311947571        0.315917624325645446400597586377025680      
  -3.54225392813698334192846714862494166        0.318151515531682855372566673018031050      
  -3.54715621806417036877617898395195227        0.320420408884530340777285624291697773      
  -3.55202349899153000044640149933599195        0.322725103889143041157399876217657929      
  -3.55685572288096448470346980412930125        0.325066424669245156888530228845807424      
  -3.56165284204037488053415418124073399        0.327445220921475855565854470491618294      
  -3.56641480912413175991012862716119248        0.329862368914261474493543246635499129      
  -3.57114157713354249003622163199927144        0.332318772533879244884400865561380717      
  -3.57583309941731509147256205876728714        0.334815364380334284624666270348574299      
  -3.58048932967201866755252772343760607        0.337353106915839398307919607875894152      
  -3.58511022194254040055224420349265824        0.339932993668867193531242922870834723      
  -3.58969573062253911010126617883277455        0.342556050496937161293295767342405041      
  -3.59424581045489536935800290055503227        0.345223336911507755127737087933511736      
  -3.59876041653215817450742285540514436        0.347935947468566315862761728500911010      
  -3.60323950429698816317259001132868782        0.350695013228749212073726198737358979      
  -3.60768302954259737736564485677040121        0.353501703291082204669816314532873532      
  -3.61209094841318556663794744702432315        0.356357226404708332813716449899834969      
  -3.61646321740437302712324650843040464        0.359262832663269237035284636463577952      
  -3.62079979336362997220192798852949696        0.362219815286927622751156086366801784      
  -3.62510063349070243054862793999325728        0.365229512497365538110593284438056574      
  -3.62936569533803466735976795038749451        0.368293309491467503220224614759448795      
  -3.63359493681118812459188614034289507        0.371412640519801707464883425676926668      
  -3.63778831616925687607599271082261339        0.374588991076449150028960238094033248      
  -3.64194579202527959340757578681246037        0.377823900207202661843565903696640087      
  -3.64606732334664801854632054043410585        0.381118962943668433651531644588315699      
  -3.65015286945551193909408194131334744        0.384475832871355528121072778732789544      
  -3.65420239002918066225416863574624453        0.387896224840437778280569619298283440      
  -3.65821584510052098350955205812556441        0.391381917828521775701921577075834962      
  -3.66219319505835164609221058715872038        0.394934757965459082357878225078834221      
  -3.66613440064783428735045303418054260        0.398556661731005610333263395911909446      
  -3.67003942297086086815573864951158472        0.402249619336962109326914352778420749      
  -3.67390822348643758152522181312759637        0.406015698306333308917394682481822775      
  -3.67774076401106523667099829530508787        0.409857047263026599633987907590539255      
  -3.68153700671911611472181608843558194        0.413775899946682098037739675510577272      
  -3.68529691414320729239783697953239361        0.417774579468393288684876552140356178      
  -3.68902044917457042995389491039792604        0.421855502824350906027329756014449805      
  -3.69270757506341801974159341492361049        0.426021185685833140830383072243163217      
  -3.69635825541930609177551668614697496        0.430274247485484685395124486654888133      
  -3.69997245421149337272379676472345929        0.434617416821489008115746471642211138      
  -3.70355013576929689477828261026519747        0.439053537203057565050890105318991538      
  -3.70709126478244405089459507208679225        0.443585573162653163276805554113564185      
  -3.71059580630142109292742467046579131        0.448216616762551117919125118824048244      
  -3.71406372573781806922153628741771453        0.452949894525742161499134327682584022      
  -3.71749498886467019825408600070844028        0.457788774823818774932341487974140737      
  -3.72088956181679567495903002955157680        0.462736775757388091288872882405255586      
  -3.72424741109112990639961374800482918        0.467797573567749413465620264621073873      
  -3.72756850354705617349016961499859306        0.472975011622096027077857868633230421      
  -3.73085280640673271550372632038872575        0.478273110018386937637990999146302704      
  -3.73410028725541623413723710628898339        0.483696075860326777800290736607001458      
  -3.73731091404178181394157274375424556        0.489248314257639259518944130412094517      
  -3.74048465507823925595879367788646507        0.494934440112075296006474294182179991      
  -3.74362147904124582144461605054305140        0.500759290755422569025656099855343277      
  -3.74672135497161538258941731965662415        0.506727939512248368374421028416322991      
  -3.74978425227482397718658866803584675        0.512845710267290920785507034177281750      
  -3.75281014072131176423253298241907403        0.519118193125405947240258529948695136      
  -3.75579899044678137747812853520808459        0.525551261260877136004895296908974997      
  -3.75875077195249267398702926613686353        0.532151089062828314887915124304639184      
  -3.76166545610555387479175238825853851        0.538924171694564746117836505857512054      
  -3.76454301413920909477411258090363673        0.545877346197073853970993128304445965      
  -3.76738341765312225893219893023291409        0.553017814280806928416895525057577633      
  -3.77018663861365740223175568395631287        0.560353166965444055486661125221633083      
  -3.77295264935415535027552044871791936        0.567891411244846141643829286003140527      
  -3.77568142257520677805979332428394351        0.575640998974087218082060541866948189      
  -3.77837293134492164412325728547604422        0.583610858197645358643080433048355795      
  -3.78102714909919499742884353795916843        0.591810427162868068958442223284853720      
  -3.78364404964196915435523523445227105        0.600249691291131292316828469757954954      
  -3.78622360714549224321042849035363974        0.608939223411160489054684778111666645      
  -3.78876579615057311371562072857633109        0.617890227595336688931826214379956442      
  -3.79127059156683260894357265873764125        0.627114586981122282616764765043245740      
  -3.79373796867295119723149130165521926        0.636624916006773289684152007590857288      
  -3.79616790311691296162440705204198631        0.646434617544150682764942545413411663      
  -3.79856037091624594444096747579143265        0.656557945472752881476058419602182766      
  -3.80091534845825884458954400849508115        0.667010073309300834804666590806153711      
  -3.80323281250027406529854460379131721        0.677807169587775165595325796993870931      
  -3.80551274016985710996084531853464950        0.688966480777458114007024135942334606      
  -3.80775510896504232382829646109461269        0.700506422633319828652134797624901797      
  -3.80995989675455497932832391361754959        0.712446680996445733329233294807498741      
  -3.81212708177802970281073321286568803        0.724808323205036325808641389527107898      
  -3.81425664264622524056893258112231734        0.737613921442300958978319877802309576      
  -3.81634855834123556201592098224211687        0.750887689540486652954119452997406385      
  -3.81840280821669729793153808164445864        0.764655634985355734770502518578278712      
  -3.82041937199799351173364435610091938        0.778945728128718750885433843443583276      
  -3.82239822978245380176209117255953700        0.793788090925491627841880858803719230      
  -3.82433936203955073260055207778128025        0.809215207875113738908891482470750809      
  -3.82624274961109259349751745484668954        0.825262162275937399851892658220223764      
  -3.82810837371141248198400475103816459        0.841966901408727565735530183718982265      
  -3.82993621592755371082180530644256352        0.859370534868100296057016034220177697      
  -3.83172625821945153645237605589104001        0.877517670978827035126755507143639603      
  -3.83347848292011120715278968041786631        0.896456797092527762852557355805981120      
  -3.83519287273578232914147978995871999        0.916240710590591280970821095866299793      
  -3.83686941074612954891285806802816544        0.936927008660222402586291109579514392      
  -3.83850808040439955011623764295121672        0.958578646411334374429206279803070442      
  -3.84010886553758436333087091004275442        0.981264574724427400259975161951628358      
  -3.84167175034658098712530025593489301         1.00506047144206064485274721142588772      
  -3.84319671940634731882562627088927472         1.03004958223904657396542351397776849      
  -3.84468375766605439345371971808487714         1.05632369085729214844320854565921314      
  -3.84613285044923492933284040107495868         1.08398424253561655241191036069796406      
  -3.84754398345392817889457777224198775         1.11314364961737885019843954536110116      
  -3.84891714275282108325749429638324350         1.14392681475937860996716205231706255      
  -3.85025231479338572918433286462586385         1.17647291526228408370192576475685971      
  -3.85154948639801310706114358465276149         1.21093750228290243670940854432820673      
  -3.85280864476414316857819269353873069         1.24749498172141003342286396760297737      
  -3.85402977746439118282903678903568709         1.28634156027494028808937923101769848      
  -3.85521287244667038958067869346525157         1.32769876169509368802538767938365721      
  -3.85635791803431094850426669090866705         1.37181764629695182595693463944631242      
  -3.85746490292617518319235625243970532         1.41898390346995847436106305378834367      
  -3.85853381619676911882532232491931186         1.46952403544113445853842604782036601      
  -3.85956464729635031238609044544027260         1.52381291520789805023184244406480207      
  -3.86055738605103197435894599484460574         1.58228308860923082583440210245942659      
  -3.86151202266288338088478245869668946         1.64543630889392571546161228181970743      
  -3.86242854771002657538176126143882313         1.71385795493089954472910982930206210      
  -3.86330695214672935867697721784026626         1.78823521069176360664851882845220925      
  -3.86414722730349456673135454383663904         1.86938020277409799663090009577681758      
  -3.86494936488714563507663832491170823         1.95825974864566429441071336672992855      
  -3.86571335698090844911999499267642796         2.05603402936188501039648122810568115      
  -3.86643919604448947950839234754330125         2.16410747472042491623814466912206723      
  -3.86712687491415020178159462558796178         2.28419661013396943282536981302942726      
  -3.86777638680277779957928067896601958         2.41842184945810474240132317655615197      
  -3.86838772529995215070447315966818020         2.56943371012965662502026237765271136      
  -3.86896088437200909538215330393544153         2.74058951436036875324158076355999691      
  -3.86949585836209998608862914723574399         2.93620581941359016996245396079561448      
  -3.86999264199024751836392439517650599         3.16192735416251535136479292339376918      
  -3.87045123035339784205616037188568184         3.42528042392754919179267309962952747      
  -3.87087161892546895248361410197196210         3.73652817249769458337073863459627350      
  -3.87125380355739536103685129285330903         4.11003900136477840138946501099973596      
  -3.87159778047716904478005340865294128         4.56656726844716798250672630778020950      
  -3.87190354628987667464738280258739877         5.13724451085628226833511220103306410      
  -3.87217109797773312186695863935373039         5.87099171574869226531483933923164130      
  -3.87240043290011124228174872996403653         6.84934386203033165870702225682719759      
  -3.87259154879356793827341805624174952         8.21906391210577170995327932849927626      
  -3.87274444377186649803191331821902111         10.2736777912514226237071991807528349      
  -3.87285911632599521195030393236371318         13.6980793257351549900400941690768763      
  -3.87293556532418226596114317929798740         20.5469499952948004315404812043994661      
  -3.87297379001190691166735828380709309         41.0936972004874856371658083754273919      
