   9.81024967590665397665361524559557438         3.69130704457484091069402532030194805E-0019
   9.81020126430478238599785193480758503         3.69413314594761218687550241678536654E-0019
   9.81005602997697057994881706548826813         3.70262428206090816454544010384436611E-0019
   9.80981397435662274053889907452058163         3.71681904484156693447967859297044589E-0019
   9.80947509983273011879403179191724706         3.73678207496571508730066420090078958E-0019
   9.80903940974984745635452160043434837         3.76260454654002420076440078491184694E-0019
   9.80850690840805997606999881896628908         3.79440485267083582711456930789347786E-0019
   9.80787760106294094189428281111598639         3.83232949904704444943145629737776073E-0019
   9.80715149392549978849902752285812723         3.87655421485845122450802421266438305E-0019
   9.80632859416212082111808722169186334         3.92728529269049234535517506620119456E-0019
   9.80540890989449248622761022551913984         3.98476117151016170223339019231268338E-0019
   9.80439245019952721375993045414190364         4.04925427952042371234466783291930576E-0019
   9.80327922510927183164238179126120869         4.12107315654831922762242293332735151E-0019
   9.80206924561080855354520759176662008         4.20056487878582431867024944142663290E-0019
   9.80076252364614654081577628958584481         4.28811781216717821372655404517856727E-0019
   9.79935907211210403966934303716834176         4.38416472449179753053473767302660830E-0019
   9.79785890486018109479961572064446291         4.48918629064394045664386174372378228E-0019
   9.79626203669642284066539062677929835         4.60371502998181028029815603277576152E-0019
   9.79456848338127337180251757108682500         4.72833972024066833303665895230431655E-0019
   9.79277826162942019360343551306688357         4.86371033819694624539694068737643762E-0019
   9.79089138910962925509948666678767112         5.01054358396424849500295056596763884E-0019
   9.78890788444457056537416894541343767         5.16962905324088045804736371716217555E-0019
   9.78682776721063439532842233937371380         5.34183613021981618970790092890987160E-0019
   9.78465105793773806661196360244830489         5.52812168334005343135976725008075192E-0019
   9.78237777810912332962758449103075997         5.72953865675637166254841638682165016E-0019
   9.78000795016114433260821085233771140         5.94724566250787803213914810833469316E-0019
   9.77754159748304618385938217064438832         6.18251769207502358849930169837904361E-0019
   9.77497874441673410935265284023389705         6.43675808155989397739326129971299070E-0019
   9.77231941625653320794823652333996881         6.71151188236920833504472516492360647E-0019
   9.76956363924893880661801255484304927         7.00848080932630557374211870996967585E-0019
   9.76671144059235741813278755697274420         7.32953996093526197578543070959352234E-0019
   9.76376284843683830377045531113213956         7.67675653246711006541619523929225465E-0019
   9.76071789188379564369442258478712724         8.05241077209517510788102574627142881E-0019
   9.75757660098572131774436711400205063         8.45901946400389058067154629608811988E-0019
   9.75433900674588829947406538175465795         8.89936226084404398754619285295248346E-0019
   9.75100514111804466636367129399905575         9.37651123181190975061721381815675205E-0019
   9.74757503700609822922644142521129279         9.89386404280350923446014463968738841E-0019
   9.74404872826379178392248726878023995         1.04551812424777940892861804133869008E-0018
   9.74042624969436898858468897132200193         1.10646281937398382561293467602517273E-0018
   9.73670763705023086965442744032843184         1.17268222653832936182918981400255064E-0018
   9.73289292703258296011728157835048243         1.24468859848644428368802442948500957E-0018
   9.72898215729107307342129380132740605         1.32305069521024314564074189272778438E-0018
   9.72497536642341971665282903119596579         1.40840054277639914225431443825625703E-0018
   9.72087259397503114663743910138170138         1.50144106399607777973349866078099536E-0018
   9.71667388043861507272549506636677912         1.60295470032919916682176530295506987E-0018
   9.71237926725377901011466335178369324         1.71381316167576242034716689276330554E-0018
   9.70798879680662128765357710830438706         1.83498846057975790610948286080028341E-0018
   9.70350251242931271416329063025908907         1.96756541027073932652311563932013307E-0018
   9.69892045839966890740530135809145061         2.11275579237475025400257702756267443E-0018
   9.69424267994071328991707989249233898         2.27191443059970043831897020171565629E-0018
   9.68946922322023075602816269781265416         2.44655744189284283635508660851663942E-0018
   9.68460013535031201446193385400492693         2.63838297724063145348093101179557167E-0018
   9.67963546438688861102025042117427276         2.84929481132207056771426917144426403E-0018
   9.67457525932925863594004980055001655         3.08142919467301052175431654380362960E-0018
   9.66941957011960312060301600247694060         3.33718544508308873077630758770025490E-0018
   9.66416844764249312837127405847347487         3.61926082804712693845183767117506528E-0018
   9.65882194372438754441392703357303276         3.93069036088832180374957444593787716E-0018
   9.65338011113312156948104730057895525         4.27489227360509947972854548481199759E-0018
   9.64784300357738592267348202352173167         4.65571997384484836782337143203943658E-0018
   9.64221067570619675834853125799071001         5.07752149634718034164376847493754284E-0018
   9.63648318310835630239320480609490728         5.54520757186174496371471829272552488E-0018
   9.63066058231190421318836005906220967         6.06432963061225860182797468706228907E-0018
   9.62474293078355967267856661689720648         6.64116926517527648138946866624926100E-0018
   9.61873028692815421305403358858686697         7.28284092225621601101135239494003206E-0018
   9.61262271008805528464237124509991015         7.99740987826186499191314107259535999E-0018
   9.60642026054258057069933921843580633         8.79402788683591802413483323217673010E-0018
   9.60012299950740305487905781135421531         9.68308927594601361736299250509676818E-0018
   9.59373098913394684725542630282034435         1.06764107274778723484694576041771578E-0017
   9.58724429250877377485770150286492049         1.17874385051552751101047788773444129E-0017
   9.58066297365296074277434032727929679         1.30314875206001925599207085435590897E-0017
   9.57398709752146787197030092772802866         1.44260173585844705129228493383534531E-0017
   9.56721673000249742005402702743390215         1.59909512400455407627194681097281632E-0017
   9.56035193791684349132130867814338925         1.77490449077681398630578527027855798E-0017
   9.55339278901723254249411877279089352         1.97263136014322985735684316296787089E-0017
   9.54633935198765469066336742294117358         2.19525266775706335766278076500819776E-0017
   9.53919169644268583003529484411946675         2.44617810632863799432838605929701673E-0017
   9.53194989292680056417193678959076235         2.72931666547343845535289119632827511E-0017
   9.52461401291367596050674393871848136         3.04915390350186945080993339892867548E-0017
   9.51718412880548613400701708506593812         3.41084175538367279897087909148947050E-0017
   9.50966031393218766694533258790877601         3.82030299571862789002544840269101011E-0017
   9.50204264255079587183257645548022500         4.28435284680600412797084672585022190E-0017
   9.49433118984465190465557972642859086         4.81084066033356616333851958687469815E-0017
   9.48652603192268073565265161567012468         5.40881511930701481280270531871098367E-0017
   9.47862724581863998495053930080824248         6.08871701950520876058076852788922755E-0017
   9.47063490949035963047650335500442284         6.86260441472319503685668303976210058E-0017
   9.46254910181897259564928479178312969         7.74441576851703843821138305450286580E-0017
   9.45436990260813622444275258761065433         8.75027777234207564598376928287097931E-0017
   9.44609739258324465150595850081495672         9.89886569602434647996998802973459074E-0017
   9.43773165339063207511318812285920230         1.12118255674324711794491264177503117E-0016
   9.42927276759676694080738249324267873         1.27142691770626905231466661919665167E-0016
   9.42072081868743704369001239623388178         1.44353549214830961035283801060172537E-0016
   9.41207589106692555740011675086174619         1.64089698987921949226678702429468050E-0016
   9.40333807005717799791476642049769599         1.86745315231682183556825072179333746E-0016
   9.39450744189696013039268442113162441         2.12779303225491347216184793403239315E-0016
   9.38558409374100682737214201504985105         2.42726396293597104894067244807369970E-0016
   9.37656811365916188672355665683407854         2.77210226959544280828482505394170826E-0016
   9.36745959063550881784644132999838568         3.16958735164139106995780144783268166E-0016
   9.35825861456749260468949459456582940         3.62822344974048149517236391240376805E-0016
   9.34896527626503245426167577868351938         4.15795423126636398632707015799667678E-0016
   9.33957966744962553939107931204717133         4.77041630622931024951855146565459589E-0016
   9.33010188075344174457730533735934465         5.47923895568968453381969481365794983E-0016
   9.32053200971840942387181957103919651         6.30039875394951910133189986366979921E-0016
   9.31087014879529217980950303955666597         7.25263944047839067837734051297841433E-0016
   9.30111639334275667250321091757155768         8.35796940290978514797085616541634890E-0016
   9.29127083962643146810168836388854159         9.64225153522468878985642991390738153E-0016
   9.28133358481795693589962911735012448         1.11359031157972484134393866416907607E-0015
   9.27130472699402620347700880433528611         1.28747268052428007647220843939601287E-0015
   9.26118436513541717933307855057044794         1.49008980109273856267154269073212557E-0015
   9.25097259912601565256856471146395005         1.72641388447303736887735714834924158E-0015
   9.24066952975182947925768646703943446         2.00231148836633876291877907879312004E-0015
   9.23027525869999386523957380059235673         2.32470981351846625940178948437235971E-0015
   9.21978988855776775514654312619107568         2.70179482594269913102588949925692294E-0015
   9.20921352281152133757446568180165333         3.14324745100669488246255217289082708E-0015
   9.19854626584571467638814389580125976         3.66052533883042280476244249170520539E-0015
   9.18778822294186747824219239959223628         4.26719921010226476355799300021350316E-0015
   9.17693950027752000648540233354339178         4.97935461081280463556511987266802466E-0015
   9.16600020492518515170394921415545040         5.81607209814031496634371993585422719E-0015
   9.15497044485129166924608503475227846         6.80000152608132810318539125292858319E-0015
   9.14385032891511859415813359871626833         7.95804929328865327728746947266086817E-0015
   9.13263996686772084404868347290026915         9.32220127200763690221535777764022795E-0015
   9.12133946935084602048484453996054650         1.09305087955400384729325030029750242E-0014
   9.10994894789584241961130106359126186         1.28282707116419589534729733155872692E-0014
   9.09846851492255826276965560265900440         1.50694513162078025934097782230499681E-0014
   9.08689828373823215798221316273593715         1.77183822150601768347751010075368276E-0014
   9.07523836853637480325090280126179360         2.08518061247608165069460109407239296E-0014
   9.06348888439564194270847365133594911         2.45613326843417925910897540235754406E-0014
   9.05164994727869858674543314582593048         2.89563909562891573038133680901015046E-0014
   9.03972167403107450732241625602753109         3.41677809910839797572478711517680965E-0014
   9.02770418238001101976378495655742376         4.03519482767469016383229702921700956E-0014
   9.01559759093329906241425604062704222         4.76961308979157521465681754864571303E-0014
   9.00340201917810858562624198856178248         5.64245607671543321183101030929861145E-0014
   8.99111758747980926163136298972671075         6.68059385560322440134315219930488799E-0014
   8.97874441708078252693524758734978894         7.91624483955020640249368016781625339E-0014
   8.96628263009922496896028391167305077         9.38806348002298843551667016291121157E-0014
   8.95373234952794306874641224512138324         1.11424532750433466864767923618838554E-0013
   8.94109369923313931160536188061006160         1.32351525057002096887296111311851474E-0013
   8.92836680395318967770893004871886407         1.57331502232551151108192165816900972E-0013
   8.91555178929741252467697726040393368         1.87170022981227422185286407601396461E-0013
   8.90264878174482887431577089952723555         2.22836322842585631213043695400267575E-0013
   8.88965790864291411574214646526137911         2.65497200256072718300975056990212052E-0013
   8.87657929820634113721367267106204833         3.16558030394322385967335654789642286E-0013
   8.86341307951571489906960181827094753         3.77712426130985222830681328780105321E-0013
   8.85015938251629846027185964359807512         4.51002392930894390459592114102080909E-0013
   8.83681833801673047111967835702130167         5.38891223043411681286703131323656411E-0013
   8.82339007768773414479570200753788749         6.44351859713673511521413597619462766E-0013
   8.80987473406081772048549380743576489         7.70974053191535893648113416935717505E-0013
   8.79627244052696643089634978128430199         9.23094350278090348095172668841224155E-0013
   8.78258333133532598708517125487812674         1.10595383626043635965476517559916347E-0012
   8.76880754159187759358886943435589900         1.32588961681517919305983202144161471E-0012
   8.75494520725810450693436782036906671         1.59056732985734046433870302553957237E-0012
   8.74099646514965015068873163146916106         1.90926356466760067386347720897049302E-0012
   8.72696145293496780029328695106603083         2.29320900051931846755441824986435239E-0012
   8.71284030913396185100879514091489248         2.75600543577670180581953032020111888E-0012
   8.69863317311662068238181935993909596         3.31413275415354574260149171686199793E-0012
   8.68434018510164113272535897040776967         3.98756538107386126639788208158855888E-0012
   8.66996148615504459718963338548919800         4.80052205837198764939143827319720643E-0012
   8.65549721818878476308156869573233942         5.78237797882984770893893026081226917E-0012
   8.64094752395934699617407739115316469         6.96877467925577229818863826279233472E-0012
   8.62631254706633939182862285571289449         8.40297084311092866360028710089663701E-0012
   8.61159243195107550483682523880347161         1.01374866172600454076741580546938156E-0011
   8.59678732389514877196899299198021349         1.22361055754610138483603430266589343E-0011
   8.58189736901899864129945398803535277         1.47763125185283032625112331390377059E-0011
   8.56692271428046842246041090438465734         1.78522624418833625962917467180823413E-0011
   8.55186350747335487205775664580850141         2.15783969005415122763790973876974076E-0011
   8.53671989722594952856385619639296847         2.60938494817027400149963735806819014E-0011
   8.52149203299957181108373062198714260         3.15678131571741182429915779746372119E-0011
   8.50618006508709389647236618895458736         3.82060801505679707909253937155251353E-0011
   8.49078414461145738936201592017824912         4.62590111007074210647683711684228684E-0011
   8.47530442352418179973936157431637472         5.60312465372531594236749670071382928E-0011
   8.45974105460386484279326020975870670         6.78935422016207243895728139768509307E-0011
   8.44409419145467457583451038257949529         8.22971932136093653636214767512280038E-0011
   8.42836398850483338716963783144268664         9.97916137440243319941898229450917246E-0011
   8.41255060100509385189111842674308494         1.21045762644667150865245386217813105E-0010
   8.39665418502720646962672641257285565         1.46874256192268344569607472163380896E-0010
   8.38067489746237929937081775615034355         1.78269192527647238364298428544398945E-0010
   8.36461289601972950660033094936838521         2.16438935558888111057762355213404683E-0010
   8.34846833922472683795811009181522087         2.62855377588588716739933222656699078E-0010
   8.33224138641762903886582673617733634         3.19311530072100159483655023290822463E-0010
   8.31593219775190922950829700902283977         3.87991693256060149231483557882185350E-0010
   8.29954093419267525471035814775580360         4.71556943166412834532419066627774322E-0010
   8.28306775751508102330668303469991917         5.73249266882416591683502843401223073E-0010
   8.26651283030272985268397177999926163         6.97018396461425133848401016993841021E-0010
   8.24987631594606983425386512601994783         8.47676265112652633715659608175350777E-0010
   8.23315837864078123569367463843160398         1.03108506867496852092186060338777056E-0009
   8.21635918338615595587061853590888487         1.25438620025636858073850699369006879E-0009
   8.19947889598346904844368881573123359         1.52627888321943303924647928029218066E-0009
   8.18251768303434233021555428233378770         1.85735921439748055992375689102702376E-0009
   8.16547571193910009038502440749228233         2.26053261394940687742159620351263389E-0009
   8.14835315089511691692855987329393537         2.75151544295440374854042437023638018E-0009
   8.13115016889515765641711640291181940         3.34944489369213445685701517040913480E-0009
   8.11386693572570952365224830160000313         4.07762029941812279885491663405567715E-0009
   8.09650362196530637758287624498726669         4.96440389294629966432334734492888217E-0009
   8.07906039898284518004143949899059034         6.04431493743705729355685370318583708E-0009
   8.06153743893589465391530517242185818         7.35935826315304722329074430789722153E-0009
   8.04393491476899615744629552815883259         8.96063681543020408402082167079365793E-0009
   8.02625300021195679142801805175008137         1.09103081442666559875718085747978031E-0008
   8.00849186977813475614734113930428505         1.32839571939059162432448155025372328E-0008
   7.99065169876271697499285016289221362         1.61734726977868673893266883756410237E-0008
   7.97273266324098900172944354652050546         1.96905324457748089828148462429329841E-0008
   7.95473494006659722851438558572448382         2.39708242558744368895410847950389270E-0008
   7.93665870686980341180612131733273027         2.91791553513011316271051115201201725E-0008
   7.91850414205573153339297804300257664         3.55156338454819323680436576306032480E-0008
   7.90027142480260701384452738240712114         4.32231431546062836843561698915266558E-0008
   7.88196073505998829576386023284301877         5.25963745511273773304422715673534457E-0008
   7.86357225354699081429433399658200363         6.39927361130078807868427447035431811E-0008
   7.84510616175050337240948616225802919         7.78455196280070019817779750703325369E-0008
   7.82656264192339693858977005041699658         9.46797824803948567479628466441744760E-0008
   7.80794187708272588456455651621500343         1.15131491410840656838121676173034912E-0007
   7.78924405100792168087245890600700496         1.39970581914517896032213952732124886E-0007
   7.77046934823897906806747685281525068         1.70128713987342358469496224087709612E-0007
   7.75161795407463472147271683373035482         2.06732655517250057592497348666097565E-0007
   7.73269005457053842745753306723766892         2.51144403006532795379286493306720742E-0007
   7.71368583653741678928784056908264919         3.05009360336784050672130910546244719E-0007
   7.69460548753922948067308228214635011         3.70314145554310132756854383214261984E-0007
   7.67544919589131806520688342120991639         4.49455889641413640400606103774816117E-0007
   7.65621715065854739997179780152396325         5.45325237421164514665612340186007419E-0007
   7.63690954165343964165174222661682360         6.61405667714003976817063797044698622E-0007
   7.61752655943430087356872527340600885         8.01892227476131567957834085384934298E-0007
   7.59806839530334037213330531083814154         9.71833334160768874960139653411304881E-0007
   7.57853524130478253127085860318622662         1.17729995477539973714346329359295379E-0006
   7.55892729022297146345820116379247359         1.42558723360782727622381226408118584E-0006
   7.53924473558046829607738692428137854         1.72545452980030142937094478137441209E-0006
   7.51948777163614118186559905471778491         2.08741085936118723167095390527881955E-0006
   7.49965659338324804231196020030684222         2.52405393453331100451946721729070869E-0006
   7.47975139654751206292381028031504011         3.05047237976885732502953531944893538E-0006
   7.45977237758518995935653661705800333         3.68472230346560997849456629963272645E-0006
   7.43971973368113303347238982101877309         4.44839124625523488979876750127999597E-0006
   7.41959366274684103846487934824747605         5.36726464078636177000793445959353145E-0006
   7.39939436341850887225631426582421195         6.47211233800681184423176213455534703E-0006
   7.37912203505506611844683680988057754         7.79961551681603212770854744531182754E-0006
   7.35877687773620945416388809988105243         9.39345743581149975129700772708763641E-0006
   7.33835909226042794423144618585134805         1.13056050478001224840701075052628686E-0005
   7.31786888014302124114858575717894103         1.35978125212907919914933791593309327E-0005
   7.29730644361411071043692563956563537         1.63433822404767252596459532009287104E-0005
   7.27667198561664350098635395964536203         1.96292239280415361907523643620129400E-0005
   7.25596570980438958009805087556044863         2.35582581935788037248203993343539359E-0005
   7.23518782053993175299326436919598907         2.82522170912157163924016392430962276E-0005
   7.21433852289264868662553508650349862         3.38549012043775261463542501834258987E-0005
   7.19341802263669095770311091302595990         4.05359603865718049574556749750974665E-0005
   7.17242652624895014489714020092340907         4.84952735862976622006221057624581960E-0005
   7.15136424090702098527988364198712846         5.79680121681524910982051229360515397E-0005
   7.13023137448715661510563803076283016         6.92304807875459720111695407970391452E-0005
   7.10902813556221691511531990737309131         8.26068401345338215935652236646539830E-0005
   7.08775473339960998061371263728985906         9.84768266530377110104054663116300268E-0005
   7.06641137795922673663623620347816541         1.17284595546289420342785499055380986E-0004
   7.04499827989136871858975418530368872         1.39548824831994231744232602937079892E-0004
   7.02351565053466903881938641064002800         1.65874229689653119765916734995851617E-0004
   7.00196370191400655962054792698259835         1.96964647559718595585586422268334682E-0004
   6.98034264673841329328248458032326758         2.33637865044550793476327376398582284E-0004
   6.95865269839897504981642195531032119         2.76842367170194800928540795370956811E-0004
   6.93689407096672535308808705706450192         3.27676197440050052219672615923859228E-0004
   6.91506697919053264614080024620775966         3.87408122676579579063322389330456531E-0004
   6.89317163849498080656156791846963383         4.57501299108483860479376775858704615E-0004
   6.87120826497824299280863359497390101         5.39639634582471620644571030422149497E-0004
   6.84917707540994884248476580731383995         6.35757035075324736315104898445500658E-0004
   6.82707828722904504360617477317421368         7.48069710609164295475737130598621370E-0004
   6.80491211854164929998235571597203322         8.79111694822005301896405140126420713E-0004
   6.78267878811889771188735414023683206         1.03177370224206445907054074002214767E-0003
   6.76037851539478559326793678976213355         1.20934540602091287355824596084127568E-0003
   6.73801152046400174679893074652342472         1.41556116460940412315635878959274742E-0003
   6.71557802407975621816056153563446126         1.65464915659224517471114644479881722E-0003
   6.69307824765160155097697854793898116         1.93138379651286680237275869273467421E-0003
   6.67051241324324756391930194202681746         2.25114119884451082274478862187403889E-0003
   6.64788074357036967154045880842843787         2.61995733012397944266279224355354463E-0003
   6.62518346199841077047279713948101562         3.04458833856917933473614418238921201E-0003
   6.60242079254037671268297341997401355         3.53257237433520649412350657362442402E-0003
   6.57959295985462538754190280938195428         4.09229201030661691306042197271551048E-0003
   6.55670018924264943453063930159849782         4.73303614179408013993241996485575062E-0003
   6.53374270664685260846591630004077464         5.46505998312555456931082692736425389E-0003
   6.51072073864831981919172511436317170         6.29964149011738214475307158187590238E-0003
   6.48763451246458086774573935150405401         7.24913222101719714093851869165354635E-0003
   6.46448425594736790107160642222392745         8.32700030722321356790925446695280257E-0003
   6.44127019758036660741012280065946450         9.54786284291610888802178131297813164E-0003
   6.41799256647696117456408664684501688         1.09275046254964200014011194337259291E-0002
   6.39465159237797303329317932092790438         1.24828797942836779071842895796651416E-0002
   6.37124750564939340815656557537410434         1.42320925335393435280705404744100382E-0002
   6.34778053728010969818202020244309138         1.61943526403763935454409116880273701E-0002
   6.32425091887962570980128603539472459         1.83899014242120664063022594121508478E-0002
   6.30065888267577576455204385224699210         2.08399031208261427177269690526245857E-0002
   6.27700466151243270410732831158729157         2.35662967926453833120648149407010320E-0002
   6.25328848884720981525345496429893193         2.65916035725427222603310094006901084E-0002
   6.22951059874915669749753103864416143         2.99386841191554829390189728723742819E-0002
   6.20567122589644909604540649669383593         3.36304413181074563650647039166650345E-0002
   6.18177060557407272295048121756981975         3.76894636183618434985051285829788349E-0002
   6.15780897367150108929311848954263915         4.21376049704803334247980808881624991E-0002
   6.13378656668036737130952370309789050         4.69954981685147786563604908149224207E-0002
   6.10970362169213033344782964727133153         5.22819995234736006815076732456478178E-0002
   6.08556037639573433138778554070783714         5.80135642452102708906583301252268089E-0002
   6.06135706907526341811887529811519158         6.42035537082373696144288901340159835E-0002
   6.03709393860758957622989096539549056         7.08614779458223949145737416781167636E-0002
   6.01277122446001509962095917833005125         7.79921792670408487984567155122258992E-0002
   5.98838916668790914790676133810867489         8.55949658225145614532371712175165334E-0002
   5.96394800593233849683720138233239691         9.36627072405774514567712406034083929E-0002
   5.93944798341769250811905799474851096        0.102180908082630665121261996535568040      
   5.91488934094930234207921027553805970        0.111126778769195985013637000397987067      
   5.89027232091105443666684672338699022        0.120468327727081687259651384191164053      
   5.86559716626299827634865630003433558        0.130163502696672425159771170897484806      
   5.84086412053894847450735679899413629        0.140159413281263221012463526910460570      
   5.81607342784408119301003916647707522        0.150391670752112597776709771050332824      
   5.79122533285252492266869627027727786        0.160783884647907146083837903707397342      
   5.76632008080494564837096032992936672        0.171247358601304058202420229117053362      
   5.74135791750612642271449425948094798        0.181681029838259808883773507760326355      
   5.71633908932254137203366798578326223        0.191971697657655866691515687674140138      
   5.69126384317992415876210084561582984        0.201994585626028875589331563609499330      
   5.66613242656083092412936489189494023        0.211614279928719643429751047660858695      
   5.64094508750219773524462081266848906        0.220686082027720022694881428933298107      
   5.61570207459289256067419764890593887        0.229057807235846079764622927060777990      
   5.59040363697126179867412905293062608        0.236572051816805091065763729180832263      
   5.56505002432267138229242192573830139        0.243068939613458814134319273340171509      
   5.53964148687704248560935737778107941        0.248389344927632054885599308411744567      
   5.51417827540638185543740854580808460        0.252378571465130429160803186402243836      
   5.48866064122230679285540434214603156        0.254890447787553696360915175733081704      
   5.46308883617356480900437218884633041        0.255791778194238370647801958884922023      
   5.43746311264354797962505567626615535        0.254967064774886776014212564868363796      
   5.41178372354780202286942436511487769        0.252323392186145525554467444746993063      
   5.38605092233153012497057210639431591        0.247795342358385136451162934119966183      
   5.36026496296709153840723677099125036        0.241349782859837760124962783868615770      
   5.33442609995149497725076764833802054        0.232990351232287168114397609536644708      
   5.30853458830388683443371648233612631        0.222761439610198517551108676365469211      
   5.28259068356303424573033365583765186        0.210751470796641762783690094919129431      
   5.25659464178480302529011190800891107        0.197095250204207182669187683950135817      
   5.23054671953963049761613566988381263        0.181975179176653933621424734665325335      
   5.20444717390999325093036413279436855        0.165621125595422317145699683732358944      
   5.17829626248786983691810002501082500        0.148308768567938801174164144234184864      
   5.15209424337219844189377326913166147        0.130356266327608863603131366210063680      
   5.12584137516632955447979873426650324        0.112119140787476342482750352785830457      
   5.09953791697547365493964969302428918         9.39833285133761225665906647726024292E-0002
   5.07318412840414395135542285637052327         7.63564156409517391014427543437545085E-0002
   5.04678026955359418788905650461578775         5.96571521777269163353641159991956065E-0002
   5.02032660101925155041499977766133356         4.43034271634126679266205151697810411E-0002
   4.99382338388814469486051815213340297         3.06989774630695831017302568606527795E-0002
   4.96727087973632692363795703962617769         1.92191958946754422055598800927648662E-0002
   4.94066935062629453560117181385209756         1.01964945560245730355479951423951328E-0002
   4.91401905910440037500596794244847803         3.90576159037664046296481244254721723E-0003
   4.88732026819826260500177879136919338         5.50518723516327748924255069914063096E-0004
   4.86057324141416873122894061853956351         2.50436988905699951186562035811561034E-0004
   4.83377824273447490114280381359841322         3.03089346027925069563153438030459455E-0003
   4.80693553661500050473254610941129966         8.81524726088323996835781623455502635E-0003
   4.78004538798241810234892682842671239         1.74204741311832735776963031097167633E-0002
   4.75310806223163870540134077517661726         2.85567221256911266474258545480434641E-0002
   4.72612382522319243573039569011265571         4.18312348986008172269877985306270108E-0002
   4.69909294328060458950784778684755828         5.67569338491122593337320319655928055E-0002
   4.67201568318776713156108535457973835         7.27657587813502290143639823198733331E-0002
   4.64489231218630564606445027237733086         8.92266439108496076498359632252855182E-0002
   4.61772309797294176958453110696888805        0.105467759926102454625779465339875264      
   4.59050830869685113251114880814089035        0.120802393943168792648356670507458288      
   4.56324821295701683495008643571825789        0.134557580552484480707150622398982109      
   4.53594307979957848319768741187973687        0.146104353729751369599691002606552269      
   4.50859317871517681296126205725206072        0.154888277515042266775457112307622293      
   4.48119877963629392553279920639624811        0.160458749934628921155124855433229564      
   4.45376015293458916316677807805585799        0.162495476039525929641352773254833509      
   4.42627756941823064995591487054300233        0.160830486907190049713353698806521523      
   4.39875130032922252454145833811284976        0.155464153852905015364390869828054700      
   4.37118161734072789103716845790222772        0.146573818641804895493383788008837102      
   4.34356879255438751458837179932869749        0.134513933594801501819597805965040654      
   4.31591309849763428802948594167915652        0.119806976271648596051981161673831962      
   4.28821480812100349614514283645084752        0.103124861046810941001763398784247780      
   4.26047419479543890408151696691005994         8.52610962485059884384331475448187796E-0002
   4.23269153230959469649567810895365513         6.70945053933270476761897392951113958E-0002
   4.20486709486713329407174003793094170         4.95459128365896334714112727652790918E-0002
   4.17700115708401907407326525143305078         3.35297512350644368206484861977715361E-0002
   4.14909399398580802164181128660264578         1.99030407823221886297692697430878904E-0002
   4.12114588100493333859166610327501553         9.41457767839572563096805166408262522E-0003
   4.09315709397798703649071788485070980         2.65741327948033919442414546420540686E-0003
   4.06512790914299754085703808344388947         2.77725875258499786036831811075926968E-0005
   4.03705860313670333334012521338312781         1.69342630798101587380230395539797351E-0003
   4.00894945299182265879486038900949329         7.57418112232885043487310677474873746E-0003
   3.98080073613431932419506352298474973         1.73365885055506343661399289129963437E-0002
   3.95261273038066461637211106667583610         3.04042095277862279297915905056958695E-0002
   3.92438571393509536560238180393060676         4.59838443651671053263545218991720819E-0002
   3.89611996538686818210533612564319410         6.31070896954053909337848330017368219E-0002
   3.86781576370750989255180603949639901         8.06854882939166009002947785168595557E-0002
   3.83947338824806420371957753437062304         9.75764579303824924231199450774631657E-0002
   3.81109311873633462047058345197104958        0.112656213019803348188899065153820042      
   3.78267523527412364526099335173756044        0.124895105675138349131802664766108397      
   3.75422001833446828643218662420259410        0.133430290962375380595075792218611800      
   3.72572774875887190256702595043913893        0.137630430329546680750107053590146911      
   3.69719870775453241023200976153624485        0.137147334547481897734603337694071910      
   3.66863317689156688246177426525329903        0.131950035261937195778832802571749034      
   3.64003143810023256537803752289774584        0.122337754874322374925008109583792442      
   3.61139377366814434037042962647031760        0.108929577840070706680135356146216969      
   3.58272046623748865930173389532128729         9.26302395630077923977702961669787870E-0002
   3.55401179880223398023487383672685805         7.45732383310445902341367281816800354E-0002
   3.52526805470533773121351905236756704         5.60443125279645727271537794010273383E-0002
   3.49648951763594982966244998179018260         3.83900641381031155754813678616547970E-0002
   3.46767647162661278500781601636220225         2.29179986422500071735398809107227219E-0002
   3.43882920105045841215114375747065148         1.07953454453563989119159635595688866E-0002
   3.40994799061840118346440169794921634         2.95459639456467311294435568479282353E-0003
   3.38103312537632824700660404580689772         1.36600600657927126939250642026566147E-0005
   3.35208489070228613869533945683925090         2.21782813680605956020913254163699182E-0003
   3.32310357230366421619923977289000791         9.40939288812868073252317555732653284E-0003
   3.29408945621437484234975915335823859         2.10288046630266630088146243062791069E-0002
   3.26504282879203034590271491968047583         3.61488382692556345625933780450437759E-0002
   3.23596397671511678751184768933260919         5.35405214997126313102655065579405198E-0002
   3.20685318698016455880818964347784099         7.17667855968421372245769062698372339E-0002
   3.17771074689891584251028573953384387         8.92971691074082337127016368881396545E-0002
   3.14853694409548896152129303816057238        0.104634692406613882895959545657359262      
   3.11933206650353964499968775771637993        0.116444452047594139849061166391443957      
   3.09009640236341923942073789505371921        0.123672753297777024313139889159471322      
   3.06083024021932989267605095931244113        0.125645834485877301043768218055451918      
   3.03153386891647673928838125753336618        0.122138486289440624136063318638771107      
   3.00220757759821711484847895260431462        0.113405088661374032951554070173873759      
   2.97285165570320682781008349314683631        0.100168637347392593520093918379964421      
   2.94346639296254351680820670207443958         8.35669796968966426106396878294401299E-0002
   2.91405207939690712169461551906226477         6.50594187056390423615667952692894285E-0002
   2.88460900531369749651291083816810936         4.63007161293127639152503579096416515E-0002
   2.85513746130416919266380678418555852         2.89929509068833317406492980832776758E-0002
   2.82563773824056344053914385159122835         1.47283048951442586342555040328673915E-0002
   2.79611012727323735793081931252096932         4.83734490440547587386934407628516519E-0003
   2.76655491982779041354818891218016781         2.57528831783034674303232784792157107E-0004
   2.73697240760218817400458484132416826         1.43538414816882235656550919794142185E-0003
   2.70736288256388336266040603855924589         8.27312777257205552368835631056706003E-0003
   2.67772663694693425873676776559830603         2.01266016211970589795119311424621201E-0002
   2.64806396324912046513994785440922326         3.58566093547314755321750172914987397E-0002
   2.61837515422905607346283678733617320         5.39304925242043752209512901408055893E-0002
   2.58866050290330025465528758344429662         7.25655903880161152201869384806580027E-0002
   2.55892030254346530388066907299747397         8.99016269345816369667261141934510084E-0002
   2.52915484667332216810105229636490341        0.104185573240253717691834814853965535      
   2.49936442906590348495830421577971798        0.113950570919092996577693479555912488      
   2.46954934374060416154292543303715144        0.118170364404699405785914585397303895      
   2.43970988496027952166674892099899098        0.116372490207236577916839190613340749      
   2.40984634722834105027961466202809068        0.108697122520651704810036892882652586      
   2.37995902528584976369385030536234540         9.58936835357732183542887758361119781E-0002
   2.35004821410860723430382027389190759         7.92536137403071337219848570992236193E-0002
   2.32011420890424429851095493755922641         6.04844368230651346541325596698949695E-0002
   2.29015730510930747658753729718540466         4.15367345378790411591489741992745459E-0002
   2.26017779838634313323510686326210522         2.44011466094247832459256678434153903E-0002
   2.23017598462097940761563884625796253         1.08963760637379160474413012489355787E-0002
   2.20015215991900594165567117819593872         2.47090473894708591444799191142179907E-0003
   2.17010662060345143544528204238974931         4.04138031562024106321084830967958592E-0005
   2.14003966321165905857526628481568910         3.87972560560466480108401051637517362E-0003
   2.10995158449235974627702010498045900         1.35826798909610828081807553275172588E-0002
   2.07984268140274340925051956747517620         2.80962389726961530725636169474236169E-0002
   2.04971325110552808608636953164156849         4.58270144829443792443096191759893951E-0002
   2.01956359096602706720820536269291253         6.48102036873297289498429951555065755E-0002
   1.98939399854921401928175006282002402         8.29235517088025987033251604702316442E-0002
   1.95920477161678613905656404767925985         9.81233011141903562028001701188225202E-0002
   1.92899620812422536562597349743295782        0.108675877453505617016656816985547961      
   1.89876860621785768010982584024186134        0.113358761458417520285227456940239454      
   1.86852226423191052178359729066666753        0.111606767447155138394368497482207810      
   1.83825748068556834969596727951966874        0.103585579486559872524358681634149453      
   1.80797455428002637883527789184265930         9.01823400666851229523192269990773379E-0002
   1.77767378389554251992331289522779387         7.29124895424311578737202153365905721E-0002
   1.74735546858848755193256041382878970         5.37518569059183800747219428488689059E-0002
   1.71701990758839355644056560914781424         3.49120501009857867811044306951031615E-0002
   1.68666740029500064295213469488034514         1.85843774481722004655491022394709706E-0002
   1.65629824627530199433701907044339671         6.68192219430472180096635058106703620E-0003
   1.62591274526058726154728813982692853         6.10363636554159739419351869009522233E-0004
   1.59551119714348433679489132545817237         1.09545699806612308630305996940554175E-0003
   1.56509390197499953438591373005916341         8.08895432450735293837963831175590223E-0003
   1.53466115996155620842374568505644874         2.07658049034463593075480642587458928E-0002
   1.50421327146203183660881389686033121         3.76147203547397725589040336463464504E-0002
   1.47375053698479359937766091000620000         5.66128901546480610760999760672136873E-0002
   1.44327325718473248363900999932647039         7.54651631980698407334870455749209303E-0002
   1.41278173286029594037901423543123873         9.18796891283509398933509403487187294E-0002
   1.38227626495051912542216119510130574        0.103846934676433820551464720733272086      
   1.35175715453205475264828846987280847        0.109887880165985894809977755977893442      
   1.32122470281620158897985962410500116        0.109240309741683665845292853145419759      
   1.29067921114593162046705543301255476        0.101959162601197274923212524549344909      
   1.26012098099291591881135095920740349         8.89171319467018472946037631661644091E-0002
   1.22955031395454923768107517378577922         7.17038798483318645996132420078274947E-0002
   1.19896751175097336818498626832455954         5.24348919120771508598039722551188832E-0002
   1.16837287622209928288214241358808948         3.34925351014856657591205440198852511E-0002
   1.13776670932462809771830437842284650         1.72308131912517377417894701085652378E-0002
   1.10714931312907088129077301022551195         5.68043847946180807207109753430836324E-0003
   1.07652098981676734085494098136558509         2.91413679468763452574106178491948894E-0004
   1.04588204167690341449692431174616161         1.74616836521188666534319583800882735E-0003
   1.01523277110352779890743487688047461         9.86784854043990482013154550559599936E-0003
  0.984573480592567442202560296898146963         2.36366098163897352790609852547608987E-0002
  0.953904472738842031247332171091716906         4.13131592653161539561567697114392164E-0002
  0.923226050233077502947887474157456631         6.06550473053930786318859892024883028E-0002
  0.892538515858918608987660966230129025         7.91991042196117575382979224636717891E-0002
  0.861842172489940563492388594085137271         9.45745464246982165173385257611808999E-0002
  0.831137323086659803117752983280417765        0.104806856621803963818198300185890299      
  0.800424270693543889062262151203514006        0.108573223536999945001105893247111976      
  0.769703318436020580516421422518582383        0.105376109550371400539808347666605410      
  0.738974769517486109067436117789462198         9.56117271937722452626678147620931402E-0002
  0.708238927216312683586568832378943834         8.05235828358537967224453760921401459E-0002
  0.677496094882855255133869948256780109         6.20460835813846847367226847723961350E-0002
  0.646746575936457571422303351132169339         4.25575758215269326042242599399641661E-0002
  0.615990673862457550390301087279248110         2.45741954246062989358619806746450508E-0002
  0.585228692209192002438500819343461475         1.04239472431701887715707186477570028E-0002
  0.554460934585000730892848361977544973         1.94338438927271065810040048625800298E-0003
  0.523687704655230040262384232912342996         2.36672678476849285557848144242882151E-0004
  0.492909306139235681865877982453487361         5.52897858273359306800069623149923091E-0003
  0.462126042807385266407027006724038665         1.71339884640354732021518111377469095E-0002
  0.431338218478060173083197552440103387         3.35405130714129488322722730413444737E-0002
  0.400546137014656984817654631687443786         5.26074953783719963631349787417684533E-0002
  0.369750102322588479209904535019827946         7.18423886426059615384605714213870813E-0002
  0.338950418346284204803158514064682378         8.87267221641149537424955846969897813E-0002
  0.308147389066190672272018957421413690        0.101046233162481170320537591037581631      
  0.277341318495771190137289965578760073        0.107182107794441915906546066871341403      
  0.246532510678505374618322604349513850        0.106324794658067717117650313706768878      
  0.215721269684888363236521247297664868         9.85819138420017351094630276313795563E-0002
  0.184907899609429761786561274072611900         8.49656753347244568643523160503295890E-0002
  0.154092704567652354294499944610130752         6.72611126824513531963171957673100421E-0002
  0.123275988693090605584301492838145843         4.77922225586227630925789781320739841E-0002
   9.24580561342889860763443547495950053E-0002   2.91166728572103723141295732871984150E-0002
   6.16392110518001484432329442731732841E-0002   1.36892820043193020914456503995431468E-0002
   3.08197576151829857496984989692256334E-0002   3.53869409273560474382228816866968378E-0003
   6.00704543221772133721764985001508439E-0016   1.35932852395823455475644603354781259E-0030
  -3.08197576151817843465407667523240301E-0002   3.53869409273533192002293660197977252E-0003
  -6.16392110517989470578612875243762410E-0002   1.36892820043187923311379290331864691E-0002
  -9.24580561342877847206159620682588071E-0002   2.91166728572096926591074721690185786E-0002
 -0.123275988693089404270073260256577903         4.77922225586220029005256967337696247E-0002
 -0.154092704567651153033628358570812600         6.72611126824506123666894966092980432E-0002
 -0.184907899609428560590902294409464588         8.49656753347238326864909242685944786E-0002
 -0.215721269684887162117930190222511937         9.85819138420013094707031287925962696E-0002
 -0.246532510678504173588654025444894610        0.106324794658067545758322270332611992      
 -0.277341318495769989208397542798259369        0.107182107794442021134295448940399622      
 -0.308147389066189471455755374098634816        0.101046233162481538135550355365462532      
 -0.338950418346283004111375341932055055         8.87267221641155357399231156959411341E-0002
 -0.369750102322587278654452117238378322         7.18423886426066813228624470174863850E-0002
 -0.400546137014655784410381965888691542         5.26074953783727596161198960984499586E-0002
 -0.431338218478058972835952173781238655         3.35405130714136556972321584117587993E-0002
 -0.462126042807384066331654870957533072         1.71339884640360313515930298098005891E-0002
 -0.492909306139234481974223349012293308         5.52897858273392973781676918334724005E-0003
 -0.523687704655228840566289548011832783         2.36672678476920705872123107266953520E-0004
 -0.554460934584999531404154141735355149         1.94338438927250766114664000354248789E-0003
 -0.585228692209190803169045532918367835         1.04239472431697378655479436310010896E-0002
 -0.615990673862456351351921040030261700         2.45741954246056587314733802069507267E-0002
 -0.646746575936456372626832567798979711         4.25575758215261860882548666817850807E-0002
 -0.677496094882854056593140056162708080         6.20460835813839284246378829124893956E-0002
 -0.708238927216311485312408944657556981         8.05235828358531281198355920298668174E-0002
 -0.738974769517484911071672716636003462         9.56117271937717502728680288889207364E-0002
 -0.769703318436019382810878242467363678        0.105376109550371142447248195202429774      
 -0.800424270693542691658760062432437315        0.108573223536999956440499934880905492      
 -0.831137323086658606028109874943747227        0.104806856621804242739808561106267471      
 -0.861842172489939366728419257675711898         9.45745464246987266325820201496027530E-0002
 -0.892538515858917412561176978972139151         7.91991042196124331478913976409814118E-0002
 -0.923226050233076306870697082430944676         6.06550473053938331766793780040014489E-0002
 -0.953904472738840835531240173889952788         4.13131592653168911611209015363460469E-0002
 -0.984573480592566246859367929319027964         2.36366098163903614426897007547270833E-0002
  -1.01523277110352660394893969365309743         9.86784854044034067330146062463978852E-0003
  -1.04588204167690221993492007079372585         1.74616836521207729875394315627726322E-0003
  -1.07652098981676614670121752740575990         2.91413679468685077172667368827107474E-0004
  -1.10714931312906968755711615840942474         5.68043847946147079509790033394728029E-0003
  -1.13776670932462690441649579801385083         1.72308131912511840561949359963893022E-0002
  -1.16837287622209809002395951168144471         3.34925351014849649888099653178533555E-0002
  -1.19896751175097217578220207360917706         5.24348919120763903078718111071942978E-0002
  -1.22955031395454804574545822034918227         7.17038798483311385484411373872073048E-0002
  -1.26012098099291472735466517038504679         8.89171319467012452569138569602599553E-0002
  -1.29067921114593042950106000528264914        0.101959162601196870613653150082437435      
  -1.32122470281620039851630891102999879        0.109240309741683508227965507780230033      
  -1.35175715453205356269893186608866683        0.109887880165986002296878512345351667      
  -1.38227626495051793599874302035571458        0.103846934676434179018843360097557888      
  -1.41278173286029475149327361867192309         9.18796891283515047011284199983202748E-0002
  -1.44327325718473129530268076284072666         7.54651631980705424385189275005125888E-0002
  -1.47375053698479241160247145361280821         5.66128901546488140845029403733639286E-0002
  -1.50421327146203064940648708215498295         3.76147203547404856194034076478777653E-0002
  -1.53466115996155502180599871971183450         2.07658049034469465462503578358483058E-0002
  -1.56509390197499834836445805218087009         8.08895432450774409637201599843516719E-0003
  -1.59551119714348315138143248799750671         1.09545699806627174537280490979518863E-0003
  -1.62591274526058607675352569505184250         6.10363636554048588451649044660644214E-0004
  -1.65629824627530081017464645446862795         6.68192219430436436990376277350938169E-0003
  -1.68666740029499945943283911225792378         1.85843774481716391870797239943346591E-0002
  -1.71701990758839237357602791751907138         3.49120501009850876788549944369288468E-0002
  -1.74735546858848636973445500863900946         5.37518569059176247681845298007197925E-0002
  -1.77767378389554133840330759450464182         7.29124895424304338893782666171469866E-0002
  -1.80797455428002519800503382103952883         9.01823400666845135049458342741315738E-0002
  -1.83825748068556716956713875642508757        0.103585579486559446965663808127677675      
  -1.86852226423190934236783171038087427        0.111606767447154944418780203069766171      
  -1.89876860621785650141876356022172668        0.113358761458417578751816890021245811      
  -1.92899620812422418767124772260635285        0.108675877453505919923066517397130964      
  -1.95920477161678496184980071563002083         9.81233011141908679720996737200701141E-0002
  -1.98939399854921284283456772904464103         8.29235517088032605630155403781784202E-0002
  -2.01956359096602589153221508593007915         6.48102036873304658377799121648637268E-0002
  -2.04971325110552691119317475927571528         4.58270144829451084070735141218060850E-0002
  -2.07984268140274223515171602101513918         2.80962389726967933555748094056440898E-0002
  -2.10995158449235857298419566561437661         1.35826798909615635885466005046573819E-0002
  -2.14003966321165788610000087904330283         3.87972560560493358469128823480101513E-0003
  -2.17010662060345026379914752773319991         4.04138031562302918392385440937326253E-0005
  -2.20015215991900477085023122899020610         2.47090473894687035599076716362330259E-0003
  -2.23017598462097823766244883952206725         1.08963760637374807478131630856275744E-0002
  -2.26017779838634196414571376465220322         2.44011466094241751853581096807444960E-0002
  -2.29015730510930630837347954703089532         4.15367345378783252173256914824301676E-0002
  -2.32011420890424313118376233698301069         6.04844368230643864409395516043026556E-0002
  -2.35004821410860606787501387101590284         7.92536137403064314323495826749975652E-0002
  -2.37995902528584859817494228159938620         9.58936835357726345346257722721005151E-0002
  -2.40984634722833988568210821846135357        0.108697122520651298902936786883863204      
  -2.43970988496027835800213816485003933        0.116372490207236390339017034164971634      
  -2.46954934374060299882269526422374060        0.118170364404699454108036877539713936      
  -2.49936442906590232319393021356446695        0.113950570919093274136618904897227452      
  -2.52915484667332100730400060609596200        0.104185573240254194703373998888077095      
  -2.55892030254346414406239629294229561         8.99016269345822639487018296488909883E-0002
  -2.58866050290329909582724065171764421         7.25655903880168283078534789770242415E-0002
  -2.61837515422905491563645286892345273         5.39304925242051027815885864957051369E-0002
  -2.64806396324911930832665422828628876         3.58566093547321453781699800507249240E-0002
  -2.67772663694693310294798171194882603         2.01266016211976054469433763027924679E-0002
  -2.70736288256388220790753472609076216         8.27312777257242572573093605562801456E-0003
  -2.73697240760218702029902521468394015         1.43538414816898102980254670316300405E-0003
  -2.76655491982778926090132757947193293         2.57528831782967196964594804404514133E-0004
  -2.79611012727323620635403243292371691         4.83734490440518922940875182093215016E-0003
  -2.82563773824056229004379702308110736         1.47283048951437803006762829871519659E-0002
  -2.85513746130416804326125493136200199         2.89929509068827066847341428906689358E-0002
  -2.88460900531369634821449810018532258         4.63007161293120500425988482501834258E-0002
  -2.91405207939690597451167513766714838         6.50594187056383049031399249495256390E-0002
  -2.94346639296254237075206090975206821         8.35669796968959480043948142912383794E-0002
  -2.97285165570320568289204340137459740        0.100168637347392003367920065524919873      
  -3.00220757759821597107984444021580133        0.113405088661373598598373665074556519      
  -3.03153386891647559668044085919313883        0.122138486289440382336044939008847576      
  -3.06083024021932875124008175410274134        0.125645834485877271058614624956695191      
  -3.09009640236341809916800539517426352        0.123672753297777206642724296447303019      
  -3.11933206650353850594144579729828943        0.116444452047594516639996700169550769      
  -3.14853694409548782366878366219558074        0.104634692406614419923610398963814362      
  -3.17771074689891470587473909291985012         8.92971691074088836998400930644093173E-0002
  -3.20685318698016342340082386018191390         7.17667855968428441559762604772178637E-0002
  -3.23596397671511565334386878167253189         5.35405214997133353343033552466876047E-0002
  -3.26504282879202921298531666772593040         3.61488382692562770420239550101319524E-0002
  -3.29408945621437371069412299445271366         2.10288046630271912931218704894064706E-0002
  -3.32310357230366308581653469129453252         9.40939288812905227014023319947486767E-0003
  -3.35208489070228500959672187349901886         2.21782813680624504401500696854809676E-0003
  -3.38103312537632711920321770824190339         1.36600600657780481754846892920490642E-0005
  -3.40994799061840005696737757026996568         2.95459639456446010571560270302330773E-0003
  -3.43882920105045728697159991052003730         1.07953454453560046801811955437564599E-0002
  -3.46767647162661166115685751798463567         2.29179986422494623924794778381178237E-0002
  -3.49648951763594870715116878722905578         3.83900641381024617466928587384888305E-0002
  -3.52526805470533661005299389479213145         5.60443125279638587313502827641771396E-0002
  -3.55401179880223286043617011788960530         7.45732383310438684656523013096127948E-0002
  -3.58272046623748754087590357634689912         9.26302395630071147937199953716929708E-0002
  -3.61139377366814322332851111877726541        0.108929577840070120946207733164349646      
  -3.64003143810023144973105557925363451        0.122337754874321921226642137478894282      
  -3.66863317689156576822073987096500544        0.131950035261936904115286245143934048      
  -3.69719870775453129740792002577593653        0.137147334547481786149523713040857748      
  -3.72572774875887079117086399770724789        0.137630430329546754461544545253938607      
  -3.75422001833446717647492148592881205        0.133430290962375632056299363230824884      
  -3.78267523527412253675357985802092425        0.124895105675138758967202582014400056      
  -3.81109311873633351342396212346019870        0.112656213019803886891251305929943747      
  -3.83947338824806309814467447428526526         9.75764579303831226530175254963567676E-0002
  -3.86781576370750878845953282579109399         8.06854882939172801978294195805719430E-0002
  -3.89611996538686707950658970331447770         6.31070896954060746375071748752751704E-0002
  -3.92438571393509426450804437746854550         4.59838443651677494948412014354713252E-0002
  -3.95261273038066351679304999266106173         3.04042095277867920754145618670296884E-0002
  -3.98080073613431822614213120283203703         1.73365885055510838366176231205228652E-0002
  -4.00894945299182156227889416185893885         7.57418112232915831302888526390166951E-0003
  -4.03705860313670223837194724913999206         1.69342630798116430647332806689081915E-0003
  -4.06512790914299644744745527596814059         2.77725875258308885731501456432341428E-0005
  -4.09315709397798594465052174529735355         2.65741327948015437150101182898729146E-0003
  -4.12114588100493224833163265358622738         9.41457767839538623718707840995547508E-0003
  -4.14909399398580693297270095315279173         1.99030407823217141869218935909296831E-0002
  -4.17700115708401798700582275882762477         3.35297512350638537743819489079105310E-0002
  -4.20486709486713220861669430296046171         4.95459128365889734439981422429188114E-0002
  -4.23269153230959361266374213470359889         6.70945053933263455294583524361079372E-0002
  -4.26047419479543782188338773702783641         8.52610962485052802695312756815209622E-0002
  -4.28821480812100241559150120957090029        0.103124861046810262188169009106252654      
  -4.31591309849763320913099654600718597        0.119806976271647979449628867189075205      
  -4.34356879255438643735568292738610032        0.134513933594800976200575812192866037      
  -4.37118161734072681548091196143173682        0.146573818641804484288933287014421160      
  -4.39875130032922145067224952314645908        0.155464153852904735756491259980224206      
  -4.42627756941822957778435239263317981        0.160830486907189912095506670987194055      
  -4.45376015293458809270344383767108654        0.162495476039525937447626275627970117      
  -4.48119877963629285678825824448195310        0.160458749934629071037197845898109821      
  -4.50859317871517574594606245095790781        0.154888277515042549091165350215834939      
  -4.53594307979957741792236017045437941        0.146104353729751769163976986028242564      
  -4.56324821295701577142514539657251691        0.134557580552484977747650613802219084      
  -4.59050830869685007074709053308043412        0.120802393943169363903137396619743349      
  -4.61772309797294070959183477859740495        0.105467759926103074519761972782451632      
  -4.64489231218630458785357759067121249         8.92266439108502494888248300131007221E-0002
  -4.67201568318776607514248043363534523         7.27657587813508661408099977031666978E-0002
  -4.69909294328060353489193705180201334         5.67569338491128661957808296863945343E-0002
  -4.72612382522319138292758777423924958         4.18312348986013703213501690164050460E-0002
  -4.75310806223163765442202641715578900         2.85567221256916053064938886553437868E-0002
  -4.78004538798241705320347876979366341         1.74204741311836605815077315673124728E-0002
  -4.80693553661499945743131899218121305         8.81524726088352197193053455195377915E-0003
  -4.83377824273447385569613407807032549         3.03089346027941847139060122495208894E-0003
  -4.86057324141416768764714640127987388         2.50436988905748454326312190632435928E-0004
  -4.88732026819826156329515982337580841         5.50518723516256020333018055125298218E-0004
  -4.91401905910439933518480544749663844         3.90576159037645138963686918136145911E-0003
  -4.94066935062629349767572840702284102         1.01964945560242729921607997739974964E-0002
  -4.96727087973632588761847662601847904         1.92191958946750406031329894101074604E-0002
  -4.99382338388814366075722582576095570         3.06989774630690918701052077851119151E-0002
  -5.02032660101925051823810172053501558         4.43034271634121009570622419496026938E-0002
  -5.04678026955359315764873988601274665         5.96571521777262889080771693152529361E-0002
  -5.07318412840414292306185573229094353         7.63564156409510673204352683323101010E-0002
  -5.09953791697547262860298090583678023         9.39833285133754228213299917784972723E-0002
  -5.12584137516632853011015781254311625        0.112119140787475630952656947581993855      
  -5.15209424337219741950127032767354304        0.130356266327608155817358151950423543      
  -5.17829626248786881651282566506545399        0.148308768567938111635491624684257728      
  -5.20444717390999223252238934246540427        0.165621125595421659023899568617048402      
  -5.23054671953962948121551172473450147        0.181975179176653318518233483523305444      
  -5.25659464178480201090687027186005965        0.197095250204206620454181322174596943      
  -5.28259068356303323337448588176112839        0.210751470796641261497927266646909065      
  -5.30853458830388582411525411384486916        0.222761439610198083373445777271646047      
  -5.33442609995149396897966212077354635        0.232990351232286805383887961863328145      
  -5.36026496296709053219343931310960146        0.241349782859837471411719334314624464      
  -5.38605092233152912082401364215145859        0.247795342358384922667461411662010998      
  -5.41178372354780102080001541565248653        0.252323392186145386097651527602369865      
  -5.43746311264354697964268626209877825        0.254967064774886708933082436227804277      
  -5.46308883617356381111891173225086785        0.255791778194238372824565441686767729      
  -5.48866064122230579707670156975453171        0.254890447787553763701397300076889184      
  -5.51417827540638086177529139140478790        0.252378571465130556786387426910745053      
  -5.53964148687704149407363288530467257        0.248389344927632237321257013585755600      
  -5.56505002432267039289287615249036063        0.243068939613459045488023234745960446      
  -5.59040363697126081142052697299117566        0.236572051816805365195533904901261643      
  -5.61570207459289157557628305675710868        0.229057807235846390430380502101240817      
  -5.64094508750219675231211622702718103        0.220686082027720363693162352277813274      
  -5.66613242656082994337197145975551437        0.211614279928720008710129744899779292      
  -5.69126384317992318018949824650367953        0.201994585626029259352114235688504217      
  -5.71633908932254039565551433622029968        0.191971697657656263466871151613006180      
  -5.74135791750612544854042601766388789        0.181681029838260213592973974451176034      
  -5.76632008080494467641059220062177364        0.171247358601304466202265349749343685      
  -5.79122533285252395293162110991631612        0.160783884647907553195637129730326663      
  -5.81607342784408022550582788849587758        0.150391670752113000301407666714832531      
  -5.84086412053894750924555827936076956        0.140159413281263615733619272329001043      
  -5.86559716626299731333879728300823148        0.130163502696672809336157511171154639      
  -5.89027232091105347591843172749384216        0.120468327727082058609230780593073496      
  -5.91488934094930138360172149976404680        0.111126778769196341690614896885530549      
  -5.93944798341769155192195522495483460        0.102180908082631005687819774928382365      
  -5.96394800593233754292992189789101024         9.36627072405777748509547803761884741E-0002
  -5.98838916668790819629871981876014078         8.55949658225148669543302240963598753E-0002
  -6.01277122446001415032154761126445822         7.79921792670411359910097492765348190E-0002
  -6.03709393860758862924847855255732673         7.08614779458226636520955429367516070E-0002
  -6.06135706907526247346480836373311092         6.42035537082376199835859018078690549E-0002
  -6.08556037639573338907038743905020410         5.80135642452105031766701390333398686E-0002
  -6.10970362169212939347640067062848609         5.22819995234738153352798672030041811E-0002
  -6.13378656668036643369334098999201813         4.69954981685149762637608829088586886E-0002
  -6.15780897367150015404143593316614845         4.21376049704805146783607703040797803E-0002
  -6.18177060557407179007252937445316617         3.76894636183620091717399811345375138E-0002
  -6.20567122589644816555039249560364281         3.36304413181076072894578927762522310E-0002
  -6.22951059874915576939463848971258742         2.99386841191556199837329963841478429E-0002
  -6.25328848884720888955184386838513766         2.65916035725428463145494625562663475E-0002
  -6.27700466151243178081613496987193762         2.35662967926454952698771924885918325E-0002
  -6.30065888267577484368038077606062274         2.08399031208262434654107677580949472E-0002
  -6.32425091887962479135824185628097240         1.83899014242121568118323407383157552E-0002
  -6.34778053728010878217665958245755024         1.61943526403764744500381385088778005E-0002
  -6.37124750564939249459792911761976441         1.42320925335394157395917612469821245E-0002
  -6.39465159237797212219028348032806731         1.24828797942837421951524984339973181E-0002
  -6.41799256647696026592592364115450478         1.09275046254964770934768309372302673E-0002
  -6.44127019758036570124566052171508031         9.54786284291615946772318038115082021E-0003
  -6.46448425594736699738978834743496932         8.32700030722325827339848267022487017E-0003
  -6.48763451246457996655548445558381364         7.24913222101723656470362550948648405E-0003
  -6.51072073864831892050192778130224468         6.29964149011741683402890278808534318E-0003
  -6.53374270664685171228544623532308964         5.46505998312558502709677236034092839E-0003
  -6.55670018924264854086834144466090349         4.73303614179410682647994431542406613E-0003
  -6.57959295985462449640659724631823127         4.09229201030664024771820651839838419E-0003
  -6.60242079254037582408345529648419381         3.53257237433522685744248565252739568E-0003
  -6.62518346199840988441783657406683708         3.04458833856919707075046268705760327E-0003
  -6.64788074357036878803880080583582658         2.61995733012399486127554996973056274E-0003
  -6.67051241324324668297966630693620612         2.25114119884452420215924883783835434E-0003
  -6.69307824765160067260805979890437074         1.93138379651287839152041068115641636E-0003
  -6.71557802407975534237102881927202766         1.65464915659225519563759805085318766E-0003
  -6.73801152046400087359742775195053797         1.41556116460941277333450342799100134E-0003
  -6.76037851539478472266308166328764684         1.20934540602092032810553452332881071E-0003
  -6.78267878811889684388773940030343889         1.03177370224207087285354800805905054E-0003
  -6.80491211854164843459654816835160000         8.79111694822010811511282388908159533E-0004
  -6.82707828722904418084271542641684901         7.48069710609169021097666414313434804E-0004
  -6.84917707540994798235216978845160034         6.35757035075328783413599709207658390E-0004
  -6.87120826497824213531539006547991265         5.39639634582475081564487802391469912E-0004
  -6.89317163849497995171613999047350402         4.57501299108486815889896100243980970E-0004
  -6.91506697919053179395162489896808065         3.87408122676582099279008716023461405E-0004
  -6.93689407096672450356357505369925984         3.27676197440052198399102960025225722E-0004
  -6.95865269839897420296495775978607297         2.76842367170196626156977294495613952E-0004
  -6.98034264673841244911242627470385154         2.33637865044552343739560052208888128E-0004
  -7.00196370191400571814022712893825518         1.96964647559719910642449342667400977E-0004
  -7.02351565053466820003710819121768169         1.65874229689654233927134632969072488E-0004
  -7.04499827989136788251379698695926414         1.39548824831995174565231244662338773E-0004
  -7.06641137795922590327485175837168898         1.17284595546290217237937040178238813E-0004
  -7.08775473339960914997512588584420077         9.84768266530383837959133855185922250E-0005
  -7.10902813556221608720772891709712691         8.26068401345343889658506848752652541E-0005
  -7.13023137448715578993721391533981700         6.92304807875464499672260170363426939E-0005
  -7.15136424090702016285877048062911768         5.79680121681528933039604211037768622E-0005
  -7.17242652624894932523145495799246466         4.84952735862980003129024563588291047E-0005
  -7.19341802263669014080094335792300801         4.05359603865720889046979519526804623E-0005
  -7.21433852289264787249494771382556060         3.38549012043777643727695309108312411E-0005
  -7.23518782053993094164229231916261640         2.82522170912159160698636936372654963E-0005
  -7.25596570980438877153470185471014009         2.35582581935789709363418006290010623E-0005
  -7.27667198561664269521860816180272039         1.96292239280416760890225694442206678E-0005
  -7.29730644361410990747273566708008946         1.63433822404768422037423730565745359E-0005
  -7.31786888014302044099587654243576040         1.35978125212908896645395147243989948E-0005
  -7.33835909226042714689811491305576682         1.13056050478002039943047553063038603E-0005
  -7.35877687773620865965780412711624191         9.39345743581156771873515695251724128E-0006
  -7.37912203505506532677584159144026796         7.79961551681608875831719553342323333E-0006
  -7.39939436341850808342822127482069993         6.47211233800685899331139329097077018E-0006
  -7.41959366274684025248747399949579645         5.36726464078640099626149561762271202E-0006
  -7.43971973368113225035342939419780500         4.44839124625526750138312963508966914E-0006
  -7.45977237758518917910375018014924125         3.68472230346563707218306999035614056E-0006
  -7.47975139654751128554489861331982837         3.05047237976887981946664458357804689E-0006
  -7.49965659338324726781459571924276681         2.52405393453332966841815872059953887E-0006
  -7.51948777163614041025742573589504156         2.08741085936120270768865501141109430E-0006
  -7.53924473558046752736602022885979972         1.72545452980031425429907464942099414E-0006
  -7.55892729022297069765122796262001308         1.42558723360783789803782977561058678E-0006
  -7.57853524130478176837583710191959453         1.17729995477540852938343244160724723E-0006
  -7.59806839530333961215776497534637447         9.71833334160776148844935888536145572E-0007
  -7.61752655943430011652016675545768496         8.01892227476137582578085263090814713E-0007
  -7.63690954165343888753763728985164421         6.61405667714008947701700026586373196E-0007
  -7.65621715065854664879958924770947542         5.45325237421168620973542602398965831E-0007
  -7.67544919589131731698398501678405495         4.49455889641417030951693234511952252E-0007
  -7.69460548753922873540687868504656509         3.70314145554312931084260631511574677E-0007
  -7.71368583653741604698568725586230333         3.05009360336786359250573910062204238E-0007
  -7.73269005457053768812675626047046271         2.51144403006534699160177278769518194E-0007
  -7.75161795407463398512061342970346227         2.06732655517251626956795650841865811E-0007
  -7.77046934823897833470131434951189613         1.70128713987343651691945387653848377E-0007
  -7.78924405100792095049947533137920134         1.39970581914518961335997959720477425E-0007
  -7.80794187708272515719196035674713054         1.15131491410841534106561320502537010E-0007
  -7.82656264192339621422474017998095055         9.46797824803955789493247910253532061E-0008
  -7.84510616175050265105917177126063795         7.78455196280075963543380507126990864E-0008
  -7.86357225354699009596585452140540409         6.39927361130083698237886069294061131E-0008
  -7.88196073505998758046430528557869128         5.25963745511277795978175975393253884E-0008
  -7.90027142480260630158095668088428082         4.32231431546066144998642605910024403E-0008
  -7.91850414205573082417242134111161408         3.55156338454822043639924172883253284E-0008
  -7.93665870686980270563557833564436873         2.91791553513013552169591449093832014E-0008
  -7.95473494006659652540082594240537406         2.39708242558746206543398742349431550E-0008
  -7.97273266324098830167980668854589679         1.96905324457749599910245322073359450E-0008
  -7.99065169876271627801404529755642379         1.61734726977869914614366616074850985E-0008
  -8.00849186977813406224624716602960764         1.32839571939060181705308855974989300E-0008
  -8.02625300021195610061148349419483015         1.09103081442667397128671814377138122E-0008
  -8.04393491476899546972113846662516918         8.96063681543027285101535245073010551E-0009
  -8.06153743893589396928831317656410335         7.35935826315310369977633441929208548E-0009
  -8.07906039898284449851936956082464591         6.04431493743710367311727234138087215E-0009
  -8.09650362196530569917245471220183073         4.96440389294633775020050935213250693E-0009
  -8.11386693572570884836017081117024088         4.07762029941815407308573646269912934E-0009
  -8.13115016889515698425004781501611539         3.34944489369216013724433952142500429E-0009
  -8.14835315089511624789313420553443265         2.75151544295442483558053959536933757E-0009
  -8.16547571193909942448784476941979087         2.26053261394942419294456683488629800E-0009
  -8.18251768303434166746319281027776948         1.85735921439749477889893402478819800E-0009
  -8.19947889598346838884268660793546349         1.52627888321944471595350092416117140E-0009
  -8.21635918338615529942748558797345927         1.25438620025637817029528013561548182E-0009
  -8.23315837864078058241488977906190406         1.03108506867497639698808333906044375E-0009
  -8.24987631594606918414587595308321859         8.47676265112659103047331841881161779E-0010
  -8.26651283030272920575319459688942900         6.97018396461430448260414689476837205E-0010
  -8.28306775751508037955950278701126011         5.73249266882420957879574246060337480E-0010
  -8.29954093419267461415312836026611306         4.71556943166416422180811675285557310E-0010
  -8.31593219775190859214733972298670330         3.87991693256063097598247074601908311E-0010
  -8.33224138641762840470743244693013824         3.19311530072102582880046418468206553E-0010
  -8.34846833922472620700853768668849680         2.62855377588590708995272369494191105E-0010
  -8.36461289601972887886580764591712604         2.16438935558889749191535851290606257E-0010
  -8.38067489746237867485753904069287766         1.78269192527648585600474028665202680E-0010
  -8.39665418502720584834085597904388902         1.46874256192269452810709830684582483E-0010
  -8.41255060100509323383878811586054759         1.21045762644668062722820934085571117E-0010
  -8.42836398850483277235694757018892323         9.97916137440250824550682344212390966E-0011
  -8.44409419145467396426752812399746542         8.22971932136099831572132359152876442E-0011
  -8.45974105460386423447802187306371882         6.78935422016212331097897742006508168E-0011
  -8.47530442352418119468187098532401607         5.60312465372535784494800098367653395E-0011
  -8.49078414461145678756824475204904496         4.62590111007077663154853051557799739E-0011
  -8.50618006508709329794825390325599019         3.82060801505682553459691869427813341E-0011
  -8.52149203299957121583518441007345551         3.15678131571743528503629913013842035E-0011
  -8.53671989722594893659675092110374022         2.60938494817029335085189505396721171E-0011
  -8.55186350747335428337793478348601421         2.15783969005416719180713313865159130E-0011
  -8.56692271428046783707368248721103119         1.78522624418834943573239943166536301E-0011
  -8.58189736901899805921159654668988269         1.47763125185284120537811014759361085E-0011
  -8.59678732389514819318575149861747103         1.22361055754611037097376760021123640E-0011
  -8.61159243195107492936391205035274714         1.01374866172601196633399324802871849E-0011
  -8.62631254706633881967171765749954548         8.40297084311099004956903691865245983E-0012
  -8.64094752395934642733882714084241096         6.96877467925582306700912542501103349E-0012
  -8.65549721818878419757358756759607223         5.78237797882988971566968327626195956E-0012
  -8.66996148615504403501450271499634075         4.80052205837202242221117153960375602E-0012
  -8.68434018510164057388862719913876030         3.98756538107389006460669386793732920E-0012
  -8.69863317311662012688900198082499951         3.31413275415356960427331039418283611E-0012
  -8.71284030913396129886537464380171840         2.75600543577672158695999780521667452E-0012
  -8.72696145293496725150471276860476981         2.29320900051933487428523218187481490E-0012
  -8.74099646514964960526042008533208201         1.90926356466761428888100330228154542E-0012
  -8.75494520725810396487170206779281639         1.59056732985735176867062410473414275E-0012
  -8.76880754159187705489719941501190031         1.32588961681518858395986848452131800E-0012
  -8.78258333133532545176981363807084735         1.10595383626044416532482344056386386E-0012
  -8.79627244052696589896258791347786626         9.23094350278096839800700534500721352E-0013
  -8.80987473406081719193857766010946226         7.70974053191541295691083099142340336E-0013
  -8.82339007768773361964084812537106726         6.44351859713678009452212589647941212E-0013
  -8.83681833801672994936206980640818887         5.38891223043415428668009135633674544E-0013
  -8.85015938251629794191664596149299886         4.51002392930897514439351519093294057E-0013
  -8.86341307951571438412189896136448417         3.77712426130987828735396253929668001E-0013
  -8.87657929820634062567856296528859728         3.16558030394324561089185087532174101E-0013
  -8.88965790864291360762467855563865784         2.65497200256074535021369475915725763E-0013
  -8.90264878174482836962095970032819179         2.22836322842587149579825289248269437E-0013
  -8.91555178929741202340980390566156305         1.87170022981228692039942919122114804E-0013
  -8.92836680395318917987434184306443695         1.57331502232552213842335280010434061E-0013
  -8.94109369923313881720827225044521076         1.32351525057002986893595975522295447E-0013
  -8.95373234952794257779170069012458073         1.11424532750434212735985152709402929E-0013
  -8.96628263009922448145279595664090836         9.38806348002305098754321782345946494E-0014
  -8.97874441708078204287979473437368777         7.91624483955025889896287787237499710E-0014
  -8.99111758747980878103272267070521907         6.68059385560326849075863772670929167E-0014
  -9.00340201917810810848915751804932539         5.64245607671547026782293796295717838E-0014
  -9.01559759093329858874343656901931333         4.76961308979160638249466494024906941E-0014
  -9.02770418238001054956390542361395939         4.03519482767471639896533544403696294E-0014
  -9.03972167403107404059811734473195084         3.41677809910842007573202919812190270E-0014
  -9.05164994727869812350132123658426936         2.89563909562893436147094211671121237E-0014
  -9.06348888439564148294912077651353432         2.45613326843419497810793790650452181E-0014
  -9.07523836853637434698084660005914198         2.08518061247609492330547859764558756E-0014
  -9.08689828373823170520595683640407999         1.77183822150602889944375509054827158E-0014
  -9.09846851492255781349166787005471437         1.50694513162078974505097614957738393E-0014
  -9.10994894789584197383601611707259779         1.28282707116420392431531158487855739E-0014
  -9.12133946935084557821666200162316765         1.09305087955401064887964413858291713E-0014
  -9.13263996686772040529196835115493951         9.32220127200769456892083999629327537E-0015
  -9.14385032891511815891721624520798702         7.95804929328870221101178657707529785E-0015
  -9.15497044485129123752526110162145985         6.80000152608136966201797534211060221E-0015
  -9.16600020492518472350747961164156702         5.81607209814035029230824148853831526E-0015
  -9.17693950027751958181751318793151121         4.97935461081283468968204855359881261E-0015
  -9.18778822294186705710707501150286216         4.26719921010229035511764691664471625E-0015
  -9.19854626584571425878995469882388948         3.66052533883044461577922740517777571E-0015
  -9.20921352281152092351732620147245024         3.14324745100671348811612399594574816E-0015
  -9.21978988855776734463453993931508238         2.70179482594271501675837792325828400E-0015
  -9.23027525869999345827675849491062704         2.32470981351847983522706639436496606E-0015
  -9.24066952975182907584807560124150005         2.00231148836635037540597617058146326E-0015
  -9.25097259912601525271613977554600686         1.72641388447304731119307861714565922E-0015
  -9.26118436513541678304178592653966149         1.49008980109274708300071311312213943E-0015
  -9.27130472699402581075075972726058555         1.28747268052428738508395810900114433E-0015
  -9.28133358481795654674229963675990120         1.11359031157973111652447172379486669E-0015
  -9.29127083962643108251711930551559921         9.64225153522474272023098820327948666E-0016
  -9.30111639334275629049520784544571397         8.35796940290983154172702651793623753E-0016
  -9.31087014879529180138183621844537496         7.25263944047843062752092224572220072E-0016
  -9.32053200971840904902822392923655120         6.30039875394955353475062023881061949E-0016
  -9.33010188075344137332148042982384572         5.47923895568971424229623190758286823E-0016
  -9.33957966744962517172668928388862065         4.77041630622933590681914751490121968E-0016
  -9.34896527626503209019234932899937123         4.15795423126638616699401517557353970E-0016
  -9.35825861456749224421882494062741381         3.62822344974050068954622446081038194E-0016
  -9.36745959063550846097798617178728742         3.16958735164140769686982497471816126E-0016
  -9.37656811365916153346083814192908772         2.77210226959545722578861665288833223E-0016
  -9.38558409374100647771864670386477814         2.42726396293598356339265371891500054E-0016
  -9.39450744189695978435186325250436326         2.12779303225492434591020364203587363E-0016
  -9.40333807005717765549003467763085223         1.86745315231683129346841753609422975E-0016
  -9.41207589106692521859485402761516390         1.64089698987922772720668459604678951E-0016
  -9.42072081868743670850756256376942425         1.44353549214831678794185925892423239E-0016
  -9.42927276759676660925105366702155920         1.27142691770627531486599397328187716E-0016
  -9.43773165339063174718625262999223287         1.12118255674325258786022995658071893E-0016
  -9.44609739258324432721165284776599124         9.89886569602439430645475016977710697E-0017
  -9.45436990260813590378427742825358119         8.75027777234211750767365927518751060E-0017
  -9.46254910181897227862980489581270878         7.74441576851707511803918613046456553E-0017
  -9.47063490949035931709914757670128408         6.86260441472322721061359711303032581E-0017
  -9.47862724581863967521840054815836486         6.08871701950523701210304804502357503E-0017
  -9.48652603192268042956878681983907005         5.40881511930703964693940658327357733E-0017
  -9.49433118984465160222300981159084068         4.81084066033358801703327454397269525E-0017
  -9.50204264255079557305428630900386965         4.28435284680602337973945040126325961E-0017
  -9.50966031393218737182427103089588641         3.82030299571864486806792613222480139E-0017
  -9.51718412880548584254609684324888768         3.41084175538368778812032084798696439E-0017
  -9.52461401291367567270884161371252647         3.04915390350188269848966995860136005E-0017
  -9.53194989292680028003989283050313563         2.72931666547345017668764071731275979E-0017
  -9.53919169644268554957191351951529581         2.44617810632864837653306544231171000E-0017
  -9.54633935198765441387141679316648718         2.19525266775707256381412105122298253E-0017
  -9.55339278901723226937633066265297562         1.97263136014323802963724097163793758E-0017
  -9.56035193791684322188037864994877512         1.77490449077682124879551671786338290E-0017
  -9.56721673000249715429261435438426622         1.59909512400456053735459152359738442E-0017
  -9.57398709752146760989102856767423370         1.44260173585845280572864035715400253E-0017
  -9.58066297365296048437979489683384940         1.30314875206002438670971576908695745E-0017
  -9.58724429250877352015043325187312256         1.17874385051553209064924547750382499E-0017
  -9.59373098913394659623794908919035010         1.06764107274779132709470256092167433E-0017
  -9.60012299950740280755384907624626645         9.68308927594605022484438190564695515E-0018
  -9.60642026054258032706883996181089518         8.79402788683595080757293026722987555E-0018
  -9.61262271008805504470898600162808619         7.99740987826189438296769705253060720E-0018
  -9.61873028692815397682013040391545661         7.28284092225624238956572740646636490E-0018
  -9.62474293078355944014647702427915706         6.64116926517530018207453023369300628E-0018
  -9.63066058231190398436037905634479963         6.06432963061227991968901867219896614E-0018
  -9.63648318310835607727159083306903968         5.54520757186176415913809921872452775E-0018
  -9.64221067570619653693550617410102520         5.07752149634719764464352973578469938E-0018
  -9.64784300357738570497123108593775476         4.65571997384486398177413846920874127E-0018
  -9.65338011113312135549171914262748492         4.27489227360511358461893592585319018E-0018
  -9.65882194372438733413963364353199934         3.93069036088833455902009055398040915E-0018
  -9.66416844764249292181409075872747574         3.61926082804713848547238537084516404E-0018
  -9.66941957011960291776498142903463474         3.33718544508309919501091797168401540E-0018
  -9.67457525932925843682316588292361392         3.08142919467302001465414748130851409E-0018
  -9.67963546438688841562648236262130502         2.84929481132207918837438105868849706E-0018
  -9.68460013535031182279321011213247657         2.63838297724063929009152955717938819E-0018
  -9.68946922322023056808637496554425785         2.44655744189284996747379415902459787E-0018
  -9.69424267994071310570408307939774535         2.27191443059970693398712944825579402E-0018
  -9.69892045839966872692291357207940812         2.11275579237475617672552505018871946E-0018
  -9.70350251242931253741329315963336122         1.96756541027074473213172223956139399E-0018
  -9.70798879680662111463771440418314430         1.83498846057976284451796524769917518E-0018
  -9.71237926725377884083464301088250046         1.71381316167576693622022198864473474E-0018
  -9.71667388043861490718298781414528809         1.60295470032920330016235754810134161E-0018
  -9.72087259397503098483407877555428073         1.50144106399608156640116784918787769E-0018
  -9.72497536642341955859021256560637032         1.40840054277640261442259279949143241E-0018
  -9.72898215729107291910098121018769022         1.32305069521024633220116491282859068E-0018
  -9.73289292703258280954079594084429205         1.24468859848644721060726224724643998E-0018
  -9.73670763705023072282325488557882199         1.17268222653833205246499524377031612E-0018
  -9.74042624969436884550027866372394739         1.10646281937398630099388265078009262E-0018
  -9.74404872826379164458625139369796140         1.04551812424778168800198463501013524E-0018
  -9.74757503700609809363975517504056225         9.89386404280353023297598820571557756E-0019
  -9.75100514111804453452787285459460432         9.37651123181192911110939818970667791E-0019
  -9.75433900674588817139045591922281846         8.89936226084406184927788049913558575E-0019
  -9.75757660098572119341421076185877236         8.45901946400390706951518075909983388E-0019
  -9.76071789188379552311894643148149203         8.05241077209519033768849847747292779E-0019
  -9.76376284843683818695084938793548878         7.67675653246712413923859072044490352E-0019
  -9.76671144059235730507020482623355830         7.32953996093527498695965212143416318E-0019
  -9.76956363924893869731356889860767082         7.00848080932631760685960659602410428E-0019
  -9.77231941625653310240301073233929386         6.71151188236921946681565354148143791E-0019
  -9.77497874441673400756768660323615183         6.43675808155990427741799544064827996E-0019
  -9.77754159748304608583568006417407913         6.18251769207503311995749989301085230E-0019
  -9.78000795016114423834674033076085875         5.94724566250788685240566049922498639E-0019
  -9.78237777810912323912927587700651840         5.72953865675637982374405538005024995E-0019
  -9.78465105793773797987771007774704890         5.52812168334006098084407671703920657E-0019
  -9.78682776721063431235907993606169589         5.34183613021982317052021877712484928E-0019
  -9.78890788444457048617055653740410351         5.16962905324088690930173987312296675E-0019
  -9.79089138910962917966238596175969170         5.01054358396425445224183734876317178E-0019
  -9.79277826162942012193359104474903089         4.86371033819695174090800395524834217E-0019
  -9.79456848338127330390063669190971265         4.72833972024067339613655668627694958E-0019
  -9.79626203669642277653214350089410584         4.60371502998181493758668781828595977E-0019
  -9.79785890486018103443563531730868516         4.48918629064394473223150061973154656E-0019
  -9.79935907211210398307522512449863321         4.38416472449180144624620865515622150E-0019
  -9.80076252364614648799207942867803508         4.28811781216718178928281570904193608E-0019
  -9.80206924561080850449245313118293523         4.20056487878582757185096137976707677E-0019
  -9.80327922510927178636105386188477804         4.12107315654832217441073838074366091E-0019
  -9.80439245019952717225047596439857994         4.04925427952042636705597350910233633E-0019
  -9.80540890989449244849043885696668985         3.98476117151016407762942112360744664E-0019
  -9.80632859416212078715357142497658421         3.92728529269049445274475787039491234E-0019
  -9.80715149392549975830750251403889953         3.87655421485845307383554547478392533E-0019
  -9.80787760106294091547604656835583769         3.83232949904704604935401091744133872E-0019
  -9.80850690840805995342531207959146039         3.79440485267083718506861500794355565E-0019
  -9.80903940974984743748360785836092974         3.76260454654002532302262747986219786E-0019
  -9.80947509983273010369707729544537610         3.73678207496571597901967900655708072E-0019
  -9.80981397435662272921605282449625126         3.71681904484156759973900736081673056E-0019
  -9.81005602997697057240019081383274653         3.70262428206090860637825316150490972E-0019
  -9.81020126430478238222352018341447562         3.69413314594761240729138438825826153E-0019
  -9.81024967590665397665361524559550042         3.69130704457484091069402532030627417E-0019
