   9.81024967590665397665361524559557438         2.61423222218610037615261129862500367E-0010
   9.81020126430478238599785193480758503         2.61584875442208128776475948407230634E-0010
   9.81005602997697057994881706548826813         2.62070422306673756835453316328253967E-0010
   9.80981397435662274053889907452058163         2.62881627868188592842332284969265230E-0010
   9.80947509983273011879403179191724706         2.64021445499045846932218811136437992E-0010
   9.80903940974984745635452160043434837         2.65494034404264761785671816747587265E-0010
   9.80850690840805997606999881896628908         2.67304784343136067280493684251818358E-0010
   9.80787760106294094189428281111598639         2.69460347756393531222340916134949418E-0010
   9.80715149392549978849902752285812723         2.71968679560523555633069620751639644E-0010
   9.80632859416212082111808722169186334         2.74839084934205508740267459374748892E-0010
   9.80540890989449248622761022551913984         2.78082275488676906105918607627852849E-0010
   9.80439245019952721375993045414190364         2.81710434284636667318579400867620282E-0010
   9.80327922510927183164238179126120869         2.85737290233882342767886333217641364E-0010
   9.80206924561080855354520759176662008         2.90178202505027438982933667615863056E-0010
   9.80076252364614654081577628958584481         2.95050255640235024844310199321633131E-0010
   9.79935907211210403966934303716834176         3.00372366184885225028593214388909329E-0010
   9.79785890486018109479961572064446291         3.06165401735510015547569441634984272E-0010
   9.79626203669642284066539062677929835         3.12452313424326865784821946473861573E-0010
   9.79456848338127337180251757108682500         3.19258282982551027115827050955871365E-0010
   9.79277826162942019360343551306688357         3.26610885660768977663315298902238421E-0010
   9.79089138910962925509948666678767112         3.34540270434572155071020933664415122E-0010
   9.78890788444457056537416894541343767         3.43079359089116076754536200366192431E-0010
   9.78682776721063439532842233937371380         3.52264065959220053926033729049473926E-0010
   9.78465105793773806661196360244830489         3.62133540304217396531560203513507355E-0010
   9.78237777810912332962758449103075997         3.72730433521420967168618124876156858E-0010
   9.78000795016114433260821085233771140         3.84101193651488446666609362632808400E-0010
   9.77754159748304618385938217064438832         3.96296389906186199993959861646237361E-0010
   9.77497874441673410935265284023389705         4.09371070257459331529253853923906567E-0010
   9.77231941625653320794823652333996881         4.23385155470134211468113637957816868E-0010
   9.76956363924893880661801255484304927         4.38403873343295185296026352564749093E-0010
   9.76671144059235741813278755697274420         4.54498237352208410351487599288801516E-0010
   9.76376284843683830377045531113213956         4.71745574359033679791055478180477941E-0010
   9.76071789188379564369442258478712724         4.90230106592571109578780194770333348E-0010
   9.75757660098572131774436711400205063         5.10043593691804821794742366322138009E-0010
   9.75433900674588829947406538175465795         5.31286041272772246921795004570846983E-0010
   9.75100514111804466636367129399905575         5.54066483222032904517806705050010252E-0010
   9.74757503700609822922644142521129279         5.78503845752577661937491136133198074E-0010
   9.74404872826379178392248726878023995         6.04727902190514991898244993256230634E-0010
   9.74042624969436898858468897132200193         6.32880328505832130506644385294998986E-0010
   9.73670763705023086965442744032843184         6.63115870772115212902105163489119811E-0010
   9.73289292703258296011728157835048243         6.95603637054320221064607636714130906E-0010
   9.72898215729107307342129380132740605         7.30528527698596508020539815983843816E-0010
   9.72497536642341971665282903119596579         7.68092819654220790849094705734152243E-0010
   9.72087259397503114663743910138170138         8.08517922318027318259122594530461752E-0010
   9.71667388043861507272549506636677912         8.52046324482488162010086537996709912E-0010
   9.71237926725377901011466335178369324         8.98943754319429975036525953523862728E-0010
   9.70798879680662128765357710830438706         9.49501576975817455843133496159451143E-0010
   9.70350251242931271416329063025908907         1.00403945733409376854493693292669401E-0009
   9.69892045839966890740530135809145061         1.06290831884031391869309939476748898E-0009
   9.69424267994071328991707989249233898         1.12649363307756560435793980131909851E-0009
   9.68946922322023075602816269781265416         1.19521907901531676592261771500806203E-0009
   9.68460013535031201446193385400492693         1.26955061566017905206312360355664935E-0009
   9.67963546438688861102025042117427276         1.35000101724142178426066173739306870E-0009
   9.67457525932925863594004980055001655         1.43713492616634199147898862571737548E-0009
   9.66941957011960312060301600247694060         1.53157448586819673999696681470213588E-0009
   9.66416844764249312837127405847347487         1.63400562344723361281275022043363663E-0009
   9.65882194372438754441392703357303276         1.74518506079204457864151117563655327E-0009
   9.65338011113312156948104730057895525         1.86594814279886149143335272495882420E-0009
   9.64784300357738592267348202352173167         1.99721758253382717648907966246696995E-0009
   9.64221067570619675834853125799071001         2.14001323588209174330290203779954634E-0009
   9.63648318310835630239320480609490728         2.29546303259618450871575162306988251E-0009
   9.63066058231190421318836005906220967         2.46481520692025974036309115931704754E-0009
   9.62474293078355967267856661689720648         2.64945198938349706735726741832793072E-0009
   9.61873028692815421305403358858686697         2.85090494221776568848086680252103621E-0009
   9.61262271008805528464237124509991015         3.07087214449489433709261466236895415E-0009
   9.60642026054258057069933921843580633         3.31123745987717611783708654580798829E-0009
   9.60012299950740305487905781135421531         3.57409215026368350761696268877381526E-0009
   9.59373098913394684725542630282034435         3.86175913308763712283239419509903865E-0009
   9.58724429250877377485770150286492049         4.17682021913856211191187083781923709E-0009
   9.58066297365296074277434032727929679         4.52214671218822264283962058205600639E-0009
   9.57398709752146787197030092772802866         4.90093380212235150451312488009861136E-0009
   9.56721673000249742005402702743390215         5.31673924055487496058879915092068132E-0009
   9.56035193791684349132130867814338925         5.77352685297910720326234583046096999E-0009
   9.55339278901723254249411877279089352         6.27571551547700720294921728043440631E-0009
   9.54633935198765469066336742294117358         6.82823430810230478152777638716476751E-0009
   9.53919169644268583003529484411946675         7.43658465269079650748701628096169509E-0009
   9.53194989292680056417193678959076235         8.10691035164658786837004911228551991E-0009
   9.52461401291367596050674393871848136         8.84607656805092490566227506072504580E-0009
   9.51718412880548613400701708506593812         9.66175892834693886205257566422658833E-0009
   9.50966031393218766694533258790877601         1.05625440892750746682766754128528184E-0008
   9.50204264255079587183257645548022500         1.15580432934185708138685492594420396E-0008
   9.49433118984465190465557972642859086         1.26590206458059652404769995993301058E-0008
   9.48652603192268073565265161567012468         1.38775380810956346614231122186696499E-0008
   9.47862724581863998495053930080824248         1.52271192610349048415769998820718523E-0008
   9.47063490949035963047650335500442284         1.67229349498272921366532645199918082E-0008
   9.46254910181897259564928479178312969         1.83820127661086008185230235837457267E-0008
   9.45436990260813622444275258761065433         2.02234746105428792906238560816819662E-0008
   9.44609739258324465150595850081495672         2.22688055245932210056795958247633249E-0008
   9.43773165339063207511318812285920230         2.45421582567891176128284932759610258E-0008
   9.42927276759676694080738249324267873         2.70706984069315508570144962535436043E-0008
   9.42072081868743704369001239623388178         2.98849956965829667349164448237628218E-0008
   9.41207589106692555740011675086174619         3.30194676878048381314457242737592227E-0008
   9.40333807005717799791476642049769599         3.65128831550550975713673323781903632E-0008
   9.39450744189696013039268442113162441         4.04089333230086425713455914475648636E-0008
   9.38558409374100682737214201504985105         4.47568803336021471596744463829750502E-0008
   9.37656811365916188672355665683407854         4.96122936191477399501951344217520428E-0008
   9.36745959063550881784644132999838568         5.50378863581170351514765213050757035E-0008
   9.35825861456749260468949459456582940         6.11044659026732573675337850774528286E-0008
   9.34896527626503245426167577868351938         6.78920140224915162737875738861370737E-0008
   9.33957966744962553939107931204717133         7.54909150424107476249594652931250212E-0008
   9.33010188075344174457730533735934465         8.40033525014484442278419743181394042E-0008
   9.32053200971840942387181957103919651         9.35448978726932449004514060666890114E-0008
   9.31087014879529217980950303955666597         1.04246318208925739291809220765032254E-0007
   9.30111639334275667250321091757155768         1.16255633376080230428491171695518119E-0007
   9.29127083962643146810168836388854159         1.29740457872641733611749449176828410E-0007
   9.28133358481795693589962911735012448         1.44890667183909677822923970947043391E-0007
   9.27130472699402620347700880433528611         1.61921434272510863623472069156060789E-0007
   9.26118436513541717933307855057044794         1.81076688259434205923809154605572026E-0007
   9.25097259912601565256856471146395005         2.02633054715713554189815474233200904E-0007
   9.24066952975182947925768646703943446         2.26904345391771353278212231517271152E-0007
   9.23027525869999386523957380059235673         2.54246674805048117085980634970676383E-0007
   9.21978988855776775514654312619107568         2.85064292052541513425819986586093370E-0007
   9.20921352281152133757446568180165333         3.19816228701530706802997872456448538E-0007
   9.19854626584571467638814389580125976         3.59023877852903190165015733576530900E-0007
   9.18778822294186747824219239959223628         4.03279635709867688240921119140892476E-0007
   9.17693950027752000648540233354339178         4.53256755495791589350152415452270109E-0007
   9.16600020492518515170394921415545040         5.09720584660612328179557273930745411E-0007
   9.15497044485129166924608503475227846         5.73541380349375727404240926842272646E-0007
   9.14385032891511859415813359871626833         6.45708925479259593006241214164992088E-0007
   9.13263996686772084404868347290026915         7.27349198935722740225708344231268044E-0007
   9.12133946935084602048484453996054650         8.19743388865855471818464970280686947E-0007
   9.10994894789584241961130106359126186         9.24349578395313045959079301491542239E-0007
   9.09846851492255826276965560265900440         1.04282747897603518476936009625928737E-0006
   9.08689828373823215798221316273593715         1.17706663871957554722399989949482107E-0006
   9.07523836853637480325090280126179360         1.32921861231178334032673469510328585E-0006
   9.06348888439564194270847365133594911         1.50173364636801127197880370628796610E-0006
   9.05164994727869858674543314582593048         1.69740251041738526379229670094836247E-0006
   9.03972167403107450732241625602753109         1.91940419027007792511332358779538183E-0006
   9.02770418238001101976378495655742376         2.17136025863335435022281940850422615E-0006
   9.01559759093329906241425604062704222         2.45739684896567339939564155185891746E-0006
   9.00340201917810858562624198856178248         2.78221528432920795349219629470554801E-0006
   8.99111758747980926163136298972671075         3.15117255524305900108503870087190173E-0006
   8.97874441708078252693524758734978894         3.57037300128062456505814322462833478E-0006
   8.96628263009922496896028391167305077         4.04677273264738486956285322349957039E-0006
   8.95373234952794306874641224512138324         4.58829853271552595451765674830410505E-0006
   8.94109369923313931160536188061006160         5.20398321323861262963909239204080490E-0006
   8.92836680395318967770893004871886407         5.90411965376618544183905282228824302E-0006
   8.91555178929741252467697726040393368         6.70043604897238043058621389926683171E-0006
   8.90264878174482887431577089952723555         7.60629521587659105371571690509910000E-0006
   8.88965790864291411574214646526137911         8.63692118128339828790792719848739706E-0006
   8.87657929820634113721367267106204833         9.80965668257981468588526366016466511E-0006
   8.86341307951571489906960181827094753         1.11442556770520779145725059340026548E-0005
   8.85015938251629846027185964359807512         1.26632154712600063836468717914230925E-0005
   8.83681833801673047111967835702130167         1.43921536582650473697266538439985004E-0005
   8.82339007768773414479570200753788749         1.63602356925714617833146890776806829E-0005
   8.80987473406081772048549380743576489         1.86006596468147616945750852484992860E-0005
   8.79627244052696643089634978128430199         2.11512054871876719378536552705287791E-0005
   8.78258333133532598708517125487812674         2.40548570833331496578662033343927753E-0005
   8.76880754159187759358886943435589900         2.73605061402409091789160977299874481E-0005
   8.75494520725810450693436782036906671         3.11237483120577607914426590692644549E-0005
   8.74099646514965015068873163146916106         3.54077829382851838686700914778385450E-0005
   8.72696145293496780029328695106603083         4.02844291392153350293759662231784404E-0005
   8.71284030913396185100879514091489248         4.58352724271244584825682839457140503E-0005
   8.69863317311662068238181935993909596         5.21529575398332600742532858993757498E-0005
   8.68434018510164113272535897040776967         5.93426448903095325828556849692897043E-0005
   8.66996148615504459718963338548919800         6.75236498557099543743121996931517626E-0005
   8.65549721818878476308156869573233942         7.68312861060929022723459493333012153E-0005
   8.64094752395934699617407739115316469         8.74189362997948695892442885560742925E-0005
   8.62631254706633939182862285571289449         9.94603757498170659854500497374642358E-0005
   8.61159243195107550483682523880347161         1.13152377091449128814536951753981718E-0004
   8.59678732389514877196899299198021349         1.28717626550274104156751816095200253E-0004
   8.58189736901899864129945398803535277         1.46407985111942559400716523698773175E-0004
   8.56692271428046842246041090438465734         1.66508130715823549541034193752292443E-0004
   8.55186350747335487205775664580850141         1.89339620512795651840447258672771422E-0004
   8.53671989722594952856385619639296847         2.15265415214610190663919798340483792E-0004
   8.52149203299957181108373062198714260         2.44694910581295720617929042840188877E-0004
   8.50618006508709389647236618895458736         2.78089524096610836656504837749906238E-0004
   8.49078414461145738936201592017824912         3.15968887810342933993293723632829204E-0004
   8.47530442352418179973936157431637472         3.58917701107341271119446733115103261E-0004
   8.45974105460386484279326020975870670         4.07593299707926096426432353478089006E-0004
   8.44409419145467457583451038257949529         4.62733999406278370026031115266497525E-0004
   8.42836398850483338716963783144268664         5.25168274786054293564381524121717960E-0004
   8.41255060100509385189111842674308494         5.95824834266803795717650256373015585E-0004
   8.39665418502720646962672641257285565         6.75743653156931598225886371883502658E-0004
   8.38067489746237929937081775615034355         7.66088025717704254773641717694323240E-0004
   8.36461289601972950660033094936838521         8.68157695347195461094096860957937884E-0004
   8.34846833922472683795811009181522087         9.83403118610048639992101680027361941E-0004
   8.33224138641762903886582673617733634         1.11344091367140043395848627067950369E-0003
   8.31593219775190922950829700902283977         1.26007053640835310212722290438789228E-0003
   8.29954093419267525471035814775580360         1.42529221770016546876635923720546144E-0003
   8.28306775751508102330668303469991917         1.61132618273160184029924100468664773E-0003
   8.26651283030272985268397177999926163         1.82063315713843795673896469609646293E-0003
   8.24987631594606983425386512601994783         2.05593614500045372569315455344023691E-0003
   8.23315837864078123569367463843160398         2.32024343953359040125329344039938838E-0003
   8.21635918338615595587061853590888487         2.61687279831019173661666498949665073E-0003
   8.19947889598346904844368881573123359         2.94947668038489539006749624686741779E-0003
   8.18251768303434233021555428233378770         3.32206840225347154378761217343188921E-0003
   8.16547571193910009038502440749228233         3.73904902255405308153961732044124729E-0003
   8.14835315089511691692855987329393537         4.20523471128363404383918803567898120E-0003
   8.13115016889515765641711640291181940         4.72588429753356991489765275630041857E-0003
   8.11386693572570952365224830160000313         5.30672661989355288033634526133717665E-0003
   8.09650362196530637758287624498726669         5.95398722537173504814214628252992594E-0003
   8.07906039898284518004143949899059034         6.67441387569098449047165694905302894E-0003
   8.06153743893589465391530517242185818         7.47530022407285355493143929725882846E-0003
   8.04393491476899615744629552815883259         8.36450692124557574719202835977980738E-0003
   8.02625300021195679142801805175008137         9.35047929680382579390738444271309506E-0003
   8.00849186977813475614734113930428505         1.04422606419160181095806016775945305E-0002
   7.99065169876271697499285016289221362         1.16494999928080491086548706172001481E-0002
   7.97273266324098900172944354652050546         1.29824531829845035673609414628758939E-0002
   7.95473494006659722851438558572448382         1.44519757978294552776611538769901712E-0002
   7.93665870686980341180612131733273027         1.60695065306982765550713645722665296E-0002
   7.91850414205573153339297804300257664         1.78470393081711652246775513962338420E-0002
   7.90027142480260701384452738240712114         1.97970824278243088831085754087009874E-0002
   7.88196073505998829576386023284301877         2.19326028395218972931594443543683257E-0002
   7.86357225354699081429433399658200363         2.42669536065350600611137054460376787E-0002
   7.84510616175050337240948616225802919         2.68137825123464051124061615320910865E-0002
   7.82656264192339693858977005041699658         2.95869197403201193370541445228738635E-0002
   7.80794187708272588456455651621500343         3.26002425549500118112439618500628423E-0002
   7.78924405100792168087245890600700496         3.58675149644735769052996552327145776E-0002
   7.77046934823897906806747685281525068         3.94022004554069473714854415088436573E-0002
   7.75161795407463472147271683373035482         4.32172460708543868335683794464643283E-0002
   7.73269005457053842745753306723766892         4.73248363676307855785087620938657359E-0002
   7.71368583653741678928784056908264919         5.17361161439275813389201590543835124E-0002
   7.69460548753922948067308228214635011         5.64608812910188696647323923832827218E-0002
   7.67544919589131806520688342120991639         6.15072377004548551389615592012307195E-0002
   7.65621715065854739997179780152396325         6.68812288624830707856007388417961155E-0002
   7.63690954165343964165174222661682360         7.25864336306944402706946987868791265E-0002
   7.61752655943430087356872527340600885         7.86235366085094102746511103387052581E-0002
   7.59806839530334037213330531083814154         8.49898747384958857986604230597279587E-0002
   7.57853524130478253127085860318622662         9.16789649451732675704928466397135497E-0002
   7.55892729022297146345820116379247359         9.86800190906189916553440364842160758E-0002
   7.53924473558046829607738692428137854        0.105977454038750881328960284708899926      
   7.51948777163614118186559905471778491        0.113550406270650748846431199344831677      
   7.49965659338324804231196020030684222        0.121372262223873163593500662702002466      
   7.47975139654751206292381028031504011        0.129410217308622454605131414521813247      
   7.45977237758518995935653661705800333        0.137624878338492568978921817276135746      
   7.43971973368113303347238982101877309        0.145969925848178905905476082477286469      
   7.41959366274684103846487934824747605        0.154391854389262402105277640556160542      
   7.39939436341850887225631426582421195        0.162829810320803454201502732975306643      
   7.37912203505506611844683680988057754        0.171215547756206159821860588638863628      
   7.35877687773620945416388809988105243        0.179473524093725749014367585905664449      
   7.33835909226042794423144618585134805        0.187521156838578204907532243972438248      
   7.31786888014302124114858575717894103        0.195269263106871176656555148325244381      
   7.29730644361411071043692563956563537        0.202622702168971269533248705440427244      
   7.27667198561664350098635395964536203        0.209481239526208831755100366060901728      
   7.25596570980438958009805087556044863        0.215740648208810896814075998736368372      
   7.23518782053993175299326436919598907        0.221294059134240755433215989004531442      
   7.21433852289264868662553508650349862        0.226033567390737613889306703880474421      
   7.19341802263669095770311091302595990        0.229852095152760632403437152201169496      
   7.17242652624895014489714020092340907        0.232645504568373234554510997410277942      
   7.15136424090702098527988364198712846        0.234314945400347804918594816755553049      
   7.13023137448715661510563803076283016        0.234769412520692309938537498114740366      
   7.10902813556221691511531990737309131        0.233928477679648470781237275982674951      
   7.08775473339960998061371263728985906        0.231725148489758576817328370800300071      
   7.06641137795922673663623620347816541        0.228108795552434543631038756754709160      
   7.04499827989136871858975418530368872        0.223048076456891456214681263548915268      
   7.02351565053466903881938641064002800        0.216533773429123536573926205574690955      
   7.00196370191400655962054792698259835        0.208581450211985740443229078867487486      
   6.98034264673841329328248458032326758        0.199233823901704814871725886008943677      
   6.95865269839897504981642195531032119        0.188562739601537044885585285136018250      
   6.93689407096672535308808705706450192        0.176670630579280074353872980256082487      
   6.91506697919053264614080024620775966        0.163691344858761832354320640274227037      
   6.89317163849498080656156791846963383        0.149790221562213450258209726783459839      
   6.87120826497824299280863359497390101        0.135163307540955920506949369524095747      
   6.84917707540994884248476580731383995        0.120035617500106183377078313779050572      
   6.82707828722904504360617477317421368        0.104658359430583918246069399388768689      
   6.80491211854164929998235571597203322         8.93050720274942142405555564936072326E-0002
   6.78267878811889771188735414023683206         7.42666519918848840493453458636244002E-0002
   6.76037851539478559326793678976213355         5.98452864996510628561201071468117552E-0002
   6.73801152046400174679893074652342472         4.63473491675230859558740939636226968E-0002
   6.71557802407975621816056153563446126         3.40753656737253379155323517018919910E-0002
   6.69307824765160155097697854793898116         2.33192065221583194253255185523991925E-0002
   6.67051241324324756391930194202681746         1.43467175794805490643575598429596496E-0002
   6.64788074357036967154045880842843787         7.39405185636747511946603800703150802E-0003
   6.62518346199841077047279713948101562         2.65601605275672637341968201839615085E-0003
   6.60242079254037671268297341997401355         2.76789814647835195473565378747571182E-0004
   6.57959295985462538754190280938195428         3.41411381652360735154721898334976417E-0004
   6.55670018924264943453063930159849782         2.86844713363028726996310038521647446E-0003
   6.53374270664685260846591630004077464         7.80427128332360497954969319335135417E-0003
   6.51072073864831981919172511436317170         1.50193726197226117555476992733921733E-0002
   6.48763451246458086774573935150405401         2.43070751971909596553443274617454604E-0002
   6.46448425594736790107160642222392745         3.53850072289937208086141392212522062E-0002
   6.44127019758036660741012280065946450         4.78995760822464448883084993885780082E-0002
   6.41799256647696117456408664684501688         6.14336071750789874676612239988271531E-0002
   6.39465159237797303329317932092790438         7.55171820346308740200463783121189610E-0002
   6.37124750564939340815656557537410434         8.96415685441179134974120906030054535E-0002
   6.34778053728010969818202020244309138        0.103275978829702156415192060413526222      
   6.32425091887962570980128603539472459        0.115886723275339304435332307392022727      
   6.30065888267577576455204385224699210        0.126958160331776587071134783655676748      
   6.27700466151243270410732831158729157        0.136014680024781173750971476255327914      
   6.25328848884720981525345496429893193        0.142642814390705913561623563720248941      
   6.22951059874915669749753103864416143        0.146512451180126316019635707397221283      
   6.20567122589644909604540649669383593        0.147396048913389279582376755271976762      
   6.18177060557407272295048121756981975        0.145184722060735921899023988345466451      
   6.15780897367150108929311848954263915        0.139900093791638804056885632034872606      
   6.13378656668036737130952370309789050        0.131700907344220326653452504087233773      
   6.10970362169213033344782964727133153        0.120883549652160149254468192078182541      
   6.08556037639573433138778554070783714        0.107875872802403359581217473432445436      
   6.06135706907526341811887529811519158         9.32239962141827451801551904568861000E-0002
   6.03709393860758957622989096539549056         7.75721263452772590846070694509814947E-0002
   6.01277122446001509962095917833005125         6.16358274220603543402099503727950420E-0002
   5.98838916668790914790676133810867489         4.61695973869003104770729398739270979E-0002
   5.96394800593233849683720138233239691         3.19300247125101977059085937672323794E-0002
   5.93944798341769250811905799474851096         1.96361970988308083093794637355520373E-0002
   5.91488934094930234207921027553805970         9.92937319023210341365012640970738380E-0003
   5.89027232091105443666684672338699022         3.33418356762079625814371436467111761E-0003
   5.86559716626299827634865630003433558         2.23769051463198930910843329253552809E-0004
   5.84086412053894847450735679899413629         7.91268185567380467045779925672460592E-0004
   5.81607342784408119301003916647707522         5.02991316078047278853967749463247887E-0003
   5.79122533285252492266869627027727786         1.27236743388473844939297965145849472E-0002
   5.76632008080494564837096032992936672         2.34499084384818461895629957078199252E-0002
   5.74135791750612642271449425948094798         3.65948269749950386542734288124226758E-0002
   5.71633908932254137203366798578326223         5.13818353806290617926804253377349614E-0002
   5.69126384317992415876210084561582984         6.69119381312643826619750207115937854E-0002
   5.66613242656083092412936489189494023         8.22145119759378988877684817027000973E-0002
   5.64094508750219773524462081266848906         9.63058787007468309482189313243753543E-0002
   5.61570207459289256067419764890593887        0.108252327999749861721051244419222577      
   5.59040363697126179867412905293062608        0.117233619351893255659218291495237145      
   5.56505002432267138229242192573830139        0.122602595538317569455590396020985314      
   5.53964148687704248560935737778107941        0.123936426780547130224122965269743082      
   5.51417827540638185543740854580808460        0.121075215598453263171530091398189639      
   5.48866064122230679285540434214603156        0.114144249833964596398603395519570745      
   5.46308883617356480900437218884633041        0.103557090868783812078692381226713674      
   5.43746311264354797962505567626615535         8.99978931924455708215041092398983780E-0002
   5.41178372354780202286942436511487769         7.43828075591462037436171079408554393E-0002
   5.38605092233153012497057210639431591         5.78019317888394144321709289815586982E-0002
   5.36026496296709153840723677099125036         4.14449250123063760316180225457649610E-0002
   5.33442609995149497725076764833802054         2.65149593016451509800579843274450344E-0002
   5.30853458830388683443371648233612631         1.41370054131764657075170394870517427E-0002
   5.28259068356303424573033365583765186         5.26739846225625855546907626963608830E-0003
   5.25659464178480302529011190800891107         6.12082833063073673436485643904647164E-0004
   5.23054671953963049761613566988381263         5.60801329245040827168128456220482463E-0004
   5.20444717390999325093036413279436855         5.14372145907937858561326267405425613E-0003
   5.17829626248786983691810002501082500         1.40155840304205451009010175916007347E-0002
   5.15209424337219844189377326913166147         2.64704768298341993945586710008329805E-0002
   5.12584137516632955447979873426650324         4.14879003623349369002969762036434028E-0002
   5.09953791697547365493964969302428918         5.78080810204206347749040236726610266E-0002
   5.07318412840414395135542285637052327         7.40317233281932316673902025825527646E-0002
   5.04678026955359418788905650461578775         8.87368306884916907184317300200035045E-0002
   5.02032660101925155041499977766133356        0.100603125529605168875041540612296757      
   4.99382338388814469486051815213340297        0.108533210579053337040970572785807687      
   4.96727087973632692363795703962617769        0.111759135690176467438872924792113335      
   4.94066935062629453560117181385209756        0.109923602881078673988967127213264425      
   4.91401905910440037500596794244847803        0.103126699057857106360214541120532489      
   4.88732026819826260500177879136919338         9.19317286748851518401757182240674017E-0002
   4.86057324141416873122894061853956351         7.73272533633300016263045419479796765E-0002
   4.83377824273447490114280381359841322         6.06465525117352946449550424163356613E-0002
   4.80693553661500050473254610941129966         4.34500298667534929400325627082856579E-0002
   4.78004538798241810234892682842671239         2.73801795995229774966681679840800730E-0002
   4.75310806223163870540134077517661726         1.40021448034513475546983202675483438E-0002
   4.72612382522319243573039569011265571         4.64523300077468379993827193930136731E-0003
   4.69909294328060458950784778684755828         2.61653944343770365118266981380106354E-0004
   4.67201568318776713156108535457973835         1.31799409129755549693272001365385856E-0003
   4.64489231218630564606445027237733086         7.73247894287091284541922691625313991E-0003
   4.61772309797294176958453110696888805         1.88670222729142120407272464937199392E-0002
   4.59050830869685113251114880814089035         3.35777327345185856432978136099985383E-0002
   4.56324821295701683495008643571825789         5.03214294055147062732927873617068946E-0002
   4.53594307979957848319768741187973687         6.73094296537703649308430177472361648E-0002
   4.50859317871517681296126205725206072         8.26941131498191683631967561751224697E-0002
   4.48119877963629392553279920639624811         9.47692354223581853840808864459170507E-0002
   4.45376015293458916316677807805585799        0.102162283523468688722123803688592248      
   4.42627756941823064995591487054300233        0.103996793613344458124587327883029581      
   4.39875130032922252454145833811284976        0.100004710905687354773118526859112811      
   4.37118161734072789103716845790222772         9.05735084766161195187192507632575143E-0002
   4.34356879255438751458837179932869749         7.67195313322223028581927123465519935E-0002
   4.31591309849763428802948594167915652         5.99872460051270876461436352581160556E-0002
   4.28821480812100349614514283645084752         4.22828689789985307526781202010672790E-0002
   4.26047419479543890408151696691005994         2.56591881802887321449024687669711209E-0002
   4.23269153230959469649567810895365513         1.20752193320657146389501287171479540E-0002
   4.20486709486713329407174003793094170         3.15869383815297496121933263788904854E-0003
   4.17700115708401907407326525143305078         5.31889310350484430158015915055771964E-0007
   4.14909399398580802164181128660264578         3.00803736140123604080473898043353551E-0003
   4.12114588100493333859166610327501553         1.18376125808729063362607993636650583E-0002
   4.09315709397798703649071788485070980         2.54188442114838467347520714174208408E-0002
   4.06512790914299754085703808344388947         4.20708025081089436299276649770494713E-0002
   4.03705860313670333334012521338312781         5.96996162394324614171114923256214000E-0002
   4.00894945299182265879486038900949329         7.60553280161578813107756621073344700E-0002
   3.98080073613431932419506352298474973         8.90172109074559350294804960002980601E-0002
   3.95261273038066461637211106667583610         9.68714627637350338051505775369906347E-0002
   3.92438571393509536560238180393060676         9.85444327961066921274343040333509272E-0002
   3.89611996538686818210533612564319410         9.37586748393192915705719942634111767E-0002
   3.86781576370750989255180603949639901         8.30879184300072128484536464634966826E-0002
   3.83947338824806420371957753437062304         6.78995952541133568997026881427254101E-0002
   3.81109311873633462047058345197104958         5.01883596180862342442382262767277446E-0002
   3.78267523527412364526099335173756044         3.23191792293065575497995059402527353E-0002
   3.75422001833446828643218662420259410         1.67119454874412477899182892507650720E-0002
   3.72572774875887190256702595043913893         5.50916353506757685394902087777532475E-0003
   3.69719870775453241023200976153624485         2.72534913811484280430971325427129025E-0004
   3.66863317689156688246177426525329903         1.75220655537736102743667651779978548E-0003
   3.64003143810023256537803752289774584         9.76404580975168084021957695706536546E-0003
   3.61139377366814434037042962647031760         2.31963550628926262694388693445772326E-0002
   3.58272046623748865930173389532128729         4.01496736960304764712865907313931624E-0002
   3.55401179880223398023487383672685805         5.81941201790716172436994124643444102E-0002
   3.52526805470533773121351905236756704         7.47108618453994224136893329570982569E-0002
   3.49648951763594982966244998179018260         8.72705013441827915471492165476486003E-0002
   3.46767647162661278500781601636220225         9.39937344489097630243404883007964797E-0002
   3.43882920105045841215114375747065148         9.38400396735983572431364709145585697E-0002
   3.40994799061840118346440169794921634         8.67787759543482332360532372960431257E-0002
   3.38103312537632824700660404580689772         7.38130211411675423956245330747229704E-0002
   3.35208489070228613869533945683925090         5.68477235302117629511884673437338138E-0002
   3.32310357230366421619923977289000791         3.84172573558245146896611916387167772E-0002
   3.29408945621437484234975915335823859         2.13097313058774054520317486413283612E-0002
   3.26504282879203034590271491968047583         8.14284655343767541972171885876316791E-0003
   3.23596397671511678751184768933260919         9.55741981367893999353572459520201124E-0004
   3.20685318698016455880818964347784099         8.81174145843327171268966183585455776E-0004
   3.17771074689891584251028573953384387         7.95208198053626999740147825848441185E-0003
   3.14853694409548896152129303816057238         2.10772226845162864887730500869851644E-0002
   3.11933206650353964499968775771637993         3.81948094397309464906592302045245931E-0002
   3.09009640236341923942073789505371921         5.65847961511980894498485199309585526E-0002
   3.06083024021932989267605095931244113         7.32941269267693350147091255629102207E-0002
   3.03153386891647673928838125753336618         8.56093057385935653833495315348728634E-0002
   3.00220757759821711484847895260431462         9.15006329988941806457070495567766261E-0002
   2.97285165570320682781008349314683631         8.99645214438409370131178340494353084E-0002
   2.94346639296254351680820670207443958         8.12046548369106063787502377049896784E-0002
   2.91405207939690712169461551906226477         6.66175453662430471233568025383512424E-0002
   2.88460900531369749651291083816810936         4.85795761811465222879446990204605893E-0002
   2.85513746130416919266380678418555852         3.00658502913684118519469369693182134E-0002
   2.82563773824056344053914385159122835         1.41605310121399925754914315603896893E-0002
   2.79611012727323735793081931252096932         3.53866789319926641219848393304959826E-0003
   2.76655491982779041354818891218016781         6.88135745582134971588923719644456181E-0006
   2.73697240760218817400458484132416826         4.18290960991400344084230842635946043E-0003
   2.70736288256388336266040603855924589         1.53725650084322443470653959975122589E-0002
   2.67772663694693425873676776559830603         3.16702612872702568510728230918983892E-0002
   2.64806396324912046513994785440922326         5.02711814552044299638960061278098820E-0002
   2.61837515422905607346283678733617320         6.79458278364586177747055895351906264E-0002
   2.58866050290330025465528758344429662         8.15977551888593775519274536126017257E-0002
   2.55892030254346530388066907299747397         8.88083377616023121912866073824902757E-0002
   2.52915484667332216810105229636490341         8.82719852601442807144509641370195823E-0002
   2.49936442906590348495830421577971798         8.00420091342553874426278762974068180E-0002
   2.46954934374060416154292543303715144         6.55389791235619370523923187863009830E-0002
   2.43970988496027952166674892099899098         4.73147381389662502985615218439989766E-0002
   2.40984634722834105027961466202809068         2.86091203561591582113254636437555380E-0002
   2.37995902528584976369385030536234540         1.27749430587642178773745876941946814E-0002
   2.35004821410860723430382027389190759         2.67277998971358924301907894975889221E-0003
   2.32011420890424429851095493755922641         1.45166452769976773869439186136091944E-0004
   2.29015730510930747658753729718540466         5.66811532579215046745370499885107028E-0003
   2.26017779838634313323510686326210522         1.82476363684067072572232765958795043E-0002
   2.23017598462097940761563884625796253         3.55853378906137526686755314816470776E-0002
   2.20015215991900594165567117819593872         5.44878405936888521538568342293941998E-0002
   2.17010662060345143544528204238974931         7.14487024808137266531169313464095627E-0002
   2.14003966321165905857526628481568910         8.32976014392269577179625521382239931E-0002
   2.10995158449235974627702010498045900         8.77964388130342800560895239199706809E-0002
   2.07984268140274340925051956747517620         8.40692606388554622465480944885839010E-0002
   2.04971325110552808608636953164156849         7.27817573597000781725934372172778762E-0002
   2.01956359096602706720820536269291253         5.60317503178464434487684735867823950E-0002
   1.98939399854921401928175006282002402         3.69662703238744435929426769701704482E-0002
   1.95920477161678613905656404767925985         1.91934241455536448706440201302872872E-0002
   1.92899620812422536562597349743295782         6.09804893328237576839738406031627337E-0003
   1.89876860621785768010982584024186134         1.90947763452410100347157715760239034E-0004
   1.86852226423191052178359729066666753         2.61768704773362739441287066341314749E-0003
   1.83825748068556834969596727951966874         1.29245809481087458237387862237731549E-0002
   1.80797455428002637883527789184265930         2.91314573580957086323009739224780185E-0002
   1.77767378389554251992331289522779387         4.81019731039931235531744546372412176E-0002
   1.74735546858848755193256041382878970         6.61438921727901764638839479479217316E-0002
   1.71701990758839355644056560914781424         7.97253661695516152402467357365114380E-0002
   1.68666740029500064295213469488034514         8.61683255223502681773930857404423600E-0002
   1.65629824627530199433701907044339671         8.41820759341559760884227060124916854E-0002
   1.62591274526058726154728813982692853         7.41293603120653358671590213845872715E-0002
   1.59551119714348433679489132545817237         5.79683332170906791219070982387588545E-0002
   1.56509390197499953438591373005916341         3.88773956747940922705448093584553472E-0002
   1.53466115996155620842374568505644874         2.06332182021685506741166009470130834E-0002
   1.50421327146203183660881389686033121         6.86280834849298272241149634071064473E-0003
   1.47375053698479359937766091000620000         3.17697420720955984231355750951791781E-0004
   1.44327325718473248363900999932647039         2.31622833164180768495445964057965225E-0003
   1.41278173286029594037901423543123873         1.24683210710939501411998925929630612E-0002
   1.38227626495051912542216119510130574         2.87417679227719231738596910624896155E-0002
   1.35175715453205475264828846987280847         4.78608292951879769557435500021379226E-0002
   1.32122470281620158897985962410500116         6.59603165134034675929556571241460181E-0002
   1.29067921114593162046705543301255476         7.93652754988224458876607425964684692E-0002
   1.26012098099291591881135095920740349         8.53389645520586032948050816760344754E-0002
   1.22955031395454923768107517378577922         8.26461542311169427652076823399992047E-0002
   1.19896751175097336818498626832455954         7.18145570210690271206445552683649254E-0002
   1.16837287622209928288214241358808948         5.50376117405439620860218591117781238E-0002
   1.13776670932462809771830437842284650         3.57348645335559593056856255937988774E-0002
   1.10714931312907088129077301022551195         1.78569230516451271218403530379531038E-0002
   1.07652098981676734085494098136558509         5.07572391329941895649141030218136446E-0003
   1.04588204167690341449692431174616161         2.62156715291614920213591719523437221E-0005
   1.01523277110352779890743487688047461         3.75680219602446083714651788442986951E-0003
  0.984573480592567442202560296898146963         1.55043168425889506371536699781023451E-0002
  0.953904472738842031247332171091716906         3.28430900602223251757623724578199328E-0002
  0.923226050233077502947887474157456631         5.21803083487440578439683939824796513E-0002
  0.892538515858918608987660966230129025         6.94973721248313538017038457835101318E-0002
  0.861842172489940563492388594085137271         8.11846009428717945184863893663137515E-0002
  0.831137323086659803117752983280417765         8.47956597053758234572560139333084815E-0002
  0.800424270693543889062262151203514006         7.95632969027752011157316221736767392E-0002
  0.769703318436020580516421422518582383         6.65666393020221132278790935694767669E-0002
  0.738974769517486109067436117789462198         4.85125231230477408639313854420890764E-0002
  0.708238927216312683586568832378943834         2.91741906071838452813251052419760476E-0002
  0.677496094882855255133869948256780109         1.26031608081443910539880653818021977E-0002
  0.646746575936457571422303351132169339         2.27877790295002702026834708608900830E-0003
  0.615990673862457550390301087279248110         3.74297072929443491924490929833000116E-0004
  0.585228692209192002438500819343461475         7.29500719378815271712227648364042751E-0003
  0.554460934585000730892848361977544973         2.15874119286463768977420424174865083E-0002
  0.523687704655230040262384232912342996         4.02405905526614562197299519741588921E-0002
  0.492909306139235681865877982453487361         5.93179086926693977026961093967361624E-0002
  0.462126042807385266407027006724038665         7.47868496959087345806476858615976353E-0002
  0.431338218478060173083197552440103387         8.33719727742956323739384896765741899E-0002
  0.400546137014656984817654631687443786         8.32501873427164975554959348297724315E-0002
  0.369750102322588479209904535019827946         7.44401602167878361847519934834467069E-0002
  0.338950418346284204803158514064682378         5.88020346517529824390705067043193925E-0002
  0.308147389066190672272018957421413690         3.96461945256459339509103394376461233E-0002
  0.277341318495771190137289965578760073         2.10330278171652806678626751401137597E-0002
  0.246532510678505374618322604349513850         6.91175429397763994409292589747478462E-0003
  0.215721269684888363236521247297664868         2.81168777494369610595137441258915058E-0004
  0.184907899609429761786561274072611900         2.55103513337716392090394641947919974E-0003
  0.154092704567652354294499944610130752         1.32405694831261347102281888501669306E-0002
  0.123275988693090605584301492838145843         3.00788839046855804456091233491760213E-0002
   9.24580561342889860763443547495950053E-0002   4.94866445586505481270926319055187475E-0002
   6.16392110518001484432329442731732841E-0002   6.73368164530026635045788081966701221E-0002
   3.08197576151829857496984989692256334E-0002   7.98326525558610469860685209228032978E-0002
   6.00704543221772133721764985001508439E-0016   8.43158656632599245836031035110432917E-0002
  -3.08197576151817843465407667523240301E-0002   7.98326525558613901798149950443027920E-0002
  -6.16392110517989470578612875243762410E-0002   6.73368164530032768790248033046767668E-0002
  -9.24580561342877847206159620682588071E-0002   4.94866445586513012044518563160930164E-0002
 -0.123275988693089404270073260256577903         3.00788839046863130623851984518387267E-0002
 -0.154092704567651153033628358570812600         1.32405694831266911017191938891492758E-0002
 -0.184907899609428560590902294409464588         2.55103513337742584563627602158849809E-0003
 -0.215721269684887162117930190222511937         2.81168777494281461563025743363013660E-0004
 -0.246532510678504173588654025444894610         6.91175429397722051120214255892914992E-0003
 -0.277341318495769989208397542798259369         2.10330278171646190688028682539615798E-0002
 -0.308147389066189471455755374098634816         3.96461945256451706238868902520105662E-0002
 -0.338950418346283004111375341932055055         5.88020346517522792682127163046179441E-0002
 -0.369750102322587278654452117238378322         7.44401602167873421301934450223446468E-0002
 -0.400546137014655784410381965888691542         8.32501873427163170973918122662915742E-0002
 -0.431338218478058972835952173781238655         8.33719727742958034585631654091662003E-0002
 -0.462126042807384066331654870957533072         7.47868496959092207161194530730426608E-0002
 -0.492909306139234481974223349012293308         5.93179086926700958326603936699346933E-0002
 -0.523687704655228840566289548011832783         4.02405905526622186524152077353207581E-0002
 -0.554460934584999531404154141735355149         2.15874119286470425988642320808120024E-0002
 -0.585228692209190803169045532918367835         7.29500719378858131604404393254362283E-0003
 -0.615990673862456351351921040030261700         3.74297072929544810317452083293941507E-0004
 -0.646746575936456372626832567798979711         2.27877790294977991619437211916364472E-0003
 -0.677496094882854056593140056162708080         1.26031608081438476628415411663293000E-0002
 -0.708238927216311485312408944657556981         2.91741906071831198349615394104977684E-0002
 -0.738974769517484911071672716636003462         4.85125231230469855197039885738872492E-0002
 -0.769703318436019382810878242467363678         6.65666393020214860536053765000598092E-0002
 -0.800424270693542691658760062432437315         7.95632969027748329879086781107792362E-0002
 -0.831137323086658606028109874943747227         8.47956597053757908093526491779561419E-0002
 -0.861842172489939366728419257675711898         8.11846009428721035998316792203572601E-0002
 -0.892538515858917412561176978972139151         6.94973721248319396575185084067799391E-0002
 -0.923226050233076306870697082430944676         5.21803083487447981286463003366566259E-0002
 -0.953904472738840835531240173889952788         3.28430900602230658194236825831556425E-0002
 -0.984573480592566246859367929319027964         1.55043168425895379451698426512427362E-0002
  -1.01523277110352660394893969365309743         3.75680219602477331481908776305058413E-0003
  -1.04588204167690221993492007079372585         2.62156715291348059305291403505310685E-0005
  -1.07652098981676614670121752740575990         5.07572391329905892797546540701633459E-0003
  -1.10714931312906968755711615840942474         1.78569230516445081714700127077181720E-0002
  -1.13776670932462690441649579801385083         3.57348645335552087945042175985843070E-0002
  -1.16837287622209809002395951168144471         5.50376117405432338976509964373505618E-0002
  -1.19896751175097217578220207360917706         7.18145570210684700024222664020827783E-0002
  -1.22955031395454804574545822034918227         8.26461542311166699595191521585049109E-0002
  -1.26012098099291472735466517038504679         8.53389645520586696529737900590682798E-0002
  -1.29067921114593042950106000528264914         7.93652754988228370582700119149015369E-0002
  -1.32122470281620039851630891102999879         6.59603165134041033612879174869227615E-0002
  -1.35175715453205356269893186608866683         4.78608292951887279089713139849626446E-0002
  -1.38227626495051793599874302035571458         2.87417679227726371747456510143475800E-0002
  -1.41278173286029475149327361867192309         1.24683210710944831544090578624984284E-0002
  -1.44327325718473129530268076284072666         2.31622833164205269429885351930793956E-0003
  -1.47375053698479241160247145361280821         3.17697420720864208954975868173511721E-0004
  -1.50421327146203064940648708215498295         6.86280834849257296806705679565660070E-0003
  -1.53466115996155502180599871971183450         2.06332182021679050898946286058287634E-0002
  -1.56509390197499834836445805218087009         3.88773956747933395260706017478106061E-0002
  -1.59551119714348315138143248799750671         5.79683332170899685082746015751109545E-0002
  -1.62591274526058607675352569505184250         7.41293603120648075771878661490251312E-0002
  -1.65629824627530081017464645446862795         8.41820759341557336066503995062682419E-0002
  -1.68666740029499945943283911225792378         8.61683255223503581993898276949839168E-0002
  -1.71701990758839237357602791751907138         7.97253661695520189696165089307378473E-0002
  -1.74735546858848636973445500863900946         6.61438921727908138365806579514653846E-0002
  -1.77767378389554133840330759450464182         4.81019731039938693806028923708234299E-0002
  -1.80797455428002519800503382103952883         2.91314573580964173445044138083336632E-0002
  -1.83825748068556716956713875642508757         1.29245809481092798777248623208087574E-0002
  -1.86852226423190934236783171038087427         2.61768704773388378915504642632040040E-0003
  -1.89876860621785650141876356022172668         1.90947763452339906824664672468782224E-0004
  -1.92899620812422418767124772260635285         6.09804893328199302351914440254176790E-0003
  -1.95920477161678496184980071563002083         1.91934241455530232961452553227492702E-0002
  -1.98939399854921284283456772904464103         3.69662703238737019612874292789794391E-0002
  -2.01956359096602589153221508593007915         5.60317503178457225688391821172570023E-0002
  -2.04971325110552691119317475927571528         7.27817573596995140030656524019759978E-0002
  -2.07984268140274223515171602101513918         8.40692606388551602882755608701486214E-0002
  -2.10995158449235857298419566561437661         8.77964388130342958283256776250561262E-0002
  -2.14003966321165788610000087904330283         8.32976014392272868791773537141689279E-0002
  -2.17010662060345026379914752773319991         7.14487024808143064445576677488628921E-0002
  -2.20015215991900477085023122899020610         5.44878405936895736939334538883124465E-0002
  -2.23017598462097823766244883952206725         3.55853378906144816181848695832684711E-0002
  -2.26017779838634196414571376465220322         1.82476363684073088791283982582328520E-0002
  -2.29015730510930630837347954703089532         5.66811532579251438289305560312120375E-0003
  -2.32011420890424313118376233698301069         1.45166452770036878608555536285260689E-0004
  -2.35004821410860606787501387101590284         2.67277998971333523903394999486647553E-0003
  -2.37995902528584859817494228159938620         1.27749430587636964857814060804298666E-0002
  -2.40984634722833988568210821846135357         2.86091203561584640520393849663748790E-0002
  -2.43970988496027835800213816485003933         4.73147381389655082904056039183521308E-0002
  -2.46954934374060299882269526422374060         6.55389791235612796684269220302016415E-0002
  -2.49936442906590232319393021356446695         8.00420091342549309949481536202445306E-0002
  -2.52915484667332100730400060609596200         8.82719852601441049111246305817908456E-0002
  -2.55892030254346414406239629294229561         8.88083377616024465189856800069049031E-0002
  -2.58866050290329909582724065171764421         8.15977551888597967393033869441473144E-0002
  -2.61837515422905491563645286892345273         6.79458278364592469344029326159724933E-0002
  -2.64806396324911930832665422828628876         5.02711814552051582997403691783058887E-0002
  -2.67772663694693310294798171194882603         3.16702612872709573534506454225425587E-0002
  -2.70736288256388220790753472609076216         1.53725650084327959304639790666008391E-0002
  -2.73697240760218702029902521468394015         4.18290960991431165342591568461097128E-0003
  -2.76655491982778926090132757947193293         6.88135745583413811120502661532072736E-0006
  -2.79611012727323620635403243292371691         3.53866789319898236946436168261745290E-0003
  -2.82563773824056229004379702308110736         1.41605310121394604526071900695010765E-0002
  -2.85513746130416804326125493136200199         3.00658502913677216272161155082096972E-0002
  -2.88460900531369634821449810018532258         4.85795761811457895016442687745440234E-0002
  -2.91405207939690597451167513766714838         6.66175453662423932624539565960720708E-0002
  -2.94346639296254237075206090975206821         8.12046548369101386710332490827649050E-0002
  -2.97285165570320568289204340137459740         8.99645214438407309858363417392344045E-0002
  -3.00220757759821597107984444021580133         9.15006329988942682448613899170079777E-0002
  -3.03153386891647559668044085919313883         8.56093057385939304510525307360700722E-0002
  -3.06083024021932875124008175410274134         7.32941269267699166657404201251539402E-0002
  -3.09009640236341809916800539517426352         5.65847961511987925905679469353303562E-0002
  -3.11933206650353850594144579729828943         3.81948094397316575963980284501728096E-0002
  -3.14853694409548782366878366219558074         2.10772226845168919743795525354956816E-0002
  -3.17771074689891470587473909291985012         7.95208198053667419030793068815859454E-0003
  -3.20685318698016342340082386018191390         8.81174145843467059239708321407282342E-0004
  -3.23596397671511565334386878167253189         9.55741981367748528519918862245523470E-0004
  -3.26504282879202921298531666772593040         8.14284655343726804764526156527414620E-0003
  -3.29408945621437371069412299445271366         2.13097313058767997548569299497857144E-0002
  -3.32310357230366308581653469129453252         3.84172573558238039037053602192392670E-0002
  -3.35208489070228500959672187349901886         5.68477235302110552305719944247659364E-0002
  -3.38103312537632711920321770824190339         7.38130211411669441583405770500359549E-0002
  -3.40994799061840005696737757026996568         8.67787759543478331754412648987201613E-0002
  -3.43882920105045728697159991052003730         9.38400396735982133873929175278290970E-0002
  -3.46767647162661166115685751798463567         9.39937344489098946821308122000569548E-0002
  -3.49648951763594870715116878722905578         8.72705013441831771814985294010710528E-0002
  -3.52526805470533661005299389479213145         7.47108618454000035703353065927975530E-0002
  -3.55401179880223286043617011788960530         5.81941201790723077658330316852348300E-0002
  -3.58272046623748754087590357634689912         4.01496736960311754907481480728538280E-0002
  -3.61139377366814322332851111877726541         2.31963550628932329758004055972232525E-0002
  -3.64003143810023144973105557925363451         9.76404580975210885178385501402153103E-0003
  -3.66863317689156576822073987096500544         1.75220655537755033145506684562442794E-0003
  -3.69719870775453129740792002577593653         2.72534913811409136396983279504473458E-0004
  -3.72572774875887079117086399770724789         5.50916353506724868787099920625381185E-0003
  -3.75422001833446717647492148592881205         1.67119454874407128482046661837609145E-0002
  -3.78267523527412253675357985802092425         3.23191792293058898189822499349424434E-0002
  -3.81109311873633351342396212346019870         5.01883596180855247745151155682723319E-0002
  -3.83947338824806309814467447428526526         6.78995952541127011145618258797565274E-0002
  -3.86781576370750878845953282579109399         8.30879184300066976288355195251475421E-0002
  -3.89611996538686707950658970331447770         9.37586748393189838554009463810649257E-0002
  -3.92438571393509426450804437746854550         9.85444327961066304936156330568429719E-0002
  -3.95261273038066351679304999266106173         9.68714627637352240301025238426900079E-0002
  -3.98080073613431822614213120283203703         8.90172109074563500698709618982094888E-0002
  -4.00894945299182156227889416185893885         7.60553280161584655341930653293076079E-0002
  -4.03705860313670223837194724913999206         5.96996162394331383790156166613103227E-0002
  -4.06512790914299644744745527596814059         4.20708025081096262642694434601355222E-0002
  -4.09315709397798594465052174529735355         2.54188442114844485707286758288638804E-0002
  -4.12114588100493224833163265358622738         1.18376125808733522884143824147617823E-0002
  -4.14909399398580693297270095315279173         3.00803736140147144166887580289594628E-0003
  -4.17700115708401798700582275882762477         5.31889310347311132616860375691738642E-0007
  -4.20486709486713220861669430296046171         3.15869383815273460443976371531994871E-0003
  -4.23269153230959361266374213470359889         1.20752193320652670177731941890608923E-0002
  -4.26047419479543782188338773702783641         2.56591881802881314245463340534728053E-0002
  -4.28821480812100241559150120957090029         4.22828689789978483184554818761852106E-0002
  -4.31591309849763320913099654600718597         5.99872460051264032819554289362068410E-0002
  -4.34356879255438643735568292738610032         7.67195313322216952425464737905956795E-0002
  -4.37118161734072681548091196143173682         9.05735084766156571746977116200818849E-0002
  -4.39875130032922145067224952314645908        0.100004710905687088497583143118816815      
  -4.42627756941822957778435239263317981        0.103996793613344415698308988082573832      
  -4.45376015293458809270344383767108654        0.102162283523468872400145727015128109      
  -4.48119877963629285678825824448195310         9.47692354223585723247000503020934405E-0002
  -4.50859317871517574594606245095790781         8.26941131498197138161107990864912918E-0002
  -4.53594307979957741792236017045437941         6.73094296537710077082739593749972785E-0002
  -4.56324821295701577142514539657251691         5.03214294055153758026465822143191820E-0002
  -4.59050830869685007074709053308043412         3.35777327345192097660868673937331659E-0002
  -4.61772309797294070959183477859740495         1.88670222729147246882274079885591167E-0002
  -4.64489231218630458785357759067121249         7.73247894287126078335253611783967530E-0003
  -4.67201568318776607514248043363534523         1.31799409129770347562821450218174239E-0003
  -4.69909294328060353489193705180201334         2.61653944343704216564689626099218758E-0004
  -4.72612382522319138292758777423924958         4.64523300077441126260992790506230287E-0003
  -4.75310806223163765442202641715578900         1.40021448034508968532331329118036964E-0002
  -4.78004538798241705320347876979366341         2.73801795995223939302579386215183331E-0002
  -4.80693553661499945743131899218121305         4.34500298667528339188529806045233562E-0002
  -4.83377824273447385569613407807032549         6.06465525117346237423752276912587738E-0002
  -4.86057324141416768764714640127987388         7.73272533633293822774446635061743513E-0002
  -4.88732026819826156329515982337580841         9.19317286748846413135059869086895765E-0002
  -4.91401905910439933518480544749663844        0.103126699057856750564000796583723373      
  -4.94066935062629349767572840702284102        0.109923602881078503559734847227665674      
  -4.96727087973632588761847662601847904        0.111759135690176495409852188743537502      
  -4.99382338388814366075722582576095570        0.108533210579053558221879036778531779      
  -5.02032660101925051823810172053501558        0.100603125529605560907860106993716450      
  -5.04678026955359315764873988601274665         8.87368306884922166227482583330159853E-0002
  -5.07318412840414292306185573229094353         7.40317233281938435662119558262174007E-0002
  -5.09953791697547262860298090583678023         5.78080810204212784064891539536781256E-0002
  -5.12584137516632853011015781254311625         4.14879003623355564781378418890916821E-0002
  -5.15209424337219741950127032767354304         2.64704768298347423764761742282105261E-0002
  -5.17829626248786881651282566506545399         1.40155840304209664657119740566037752E-0002
  -5.20444717390999223252238934246540427         5.14372145907964428530177558748576237E-0003
  -5.23054671953962948121551172473450147         5.60801329245130175017982761626341865E-0004
  -5.25659464178480201090687027186005965         6.12082833062980534094980589306699974E-0004
  -5.28259068356303323337448588176112839         5.26739846225599131120687072665990655E-0003
  -5.30853458830388582411525411384486916         1.41370054131760460765967647482851257E-0002
  -5.33442609995149396897966212077354635         2.65149593016446118502189675771189749E-0002
  -5.36026496296709053219343931310960146         4.14449250123057585383540795516738683E-0002
  -5.38605092233152912082401364215145859         5.78019317888387645541644679078638806E-0002
  -5.41178372354780102080001541565248653         7.43828075591455687051929921843659262E-0002
  -5.43746311264354697964268626209877825         8.99978931924449955852685543296558778E-0002
  -5.46308883617356381111891173225086785        0.103557090868783336183472211692599417      
  -5.48866064122230579707670156975453171        0.114144249833964251352657279086760697      
  -5.51417827540638086177529139140478790        0.121075215598453070553925483635792586      
  -5.53964148687704149407363288530467257        0.123936426780547100583700900511701785      
  -5.56505002432267039289287615249036063        0.122602595538317702032509953846862758      
  -5.59040363697126081142052697299117566        0.117233619351893538893596954338985466      
  -5.61570207459289157557628305675710868        0.108252327999750274460767074306427253      
  -5.64094508750219675231211622702718103         9.63058787007473442265304583220816833E-0002
  -5.66613242656082994337197145975551437         8.22145119759384781128952613060229162E-0002
  -5.69126384317992318018949824650367953         6.69119381312649900458658443106735043E-0002
  -5.71633908932254039565551433622029968         5.13818353806296588445100869018854639E-0002
  -5.74135791750612544854042601766388789         3.65948269749955885744782228277525340E-0002
  -5.76632008080494467641059220062177364         2.34499084384823160204744090419739014E-0002
  -5.79122533285252395293162110991631612         1.27236743388477469108502770877519063E-0002
  -5.81607342784408022550582788849587758         5.02991316078070744774416717903467133E-0003
  -5.84086412053894750924555827936076956         7.91268185567474861993170070048781963E-0004
  -5.86559716626299731333879728300823148         2.23769051463148742391773928396125493E-0004
  -5.89027232091105347591843172749384216         3.33418356762060521598400951454771584E-0003
  -5.91488934094930138360172149976404680         9.92937319023178271517662790735335461E-0003
  -5.93944798341769155192195522495483460         1.96361970988303756618781218558571663E-0002
  -5.96394800593233754292992189789101024         3.19300247125096760760200767842111528E-0002
  -5.98838916668790819629871981876014078         4.61695973868997266392315556846770545E-0002
  -6.01277122446001415032154761126445822         6.16358274220597373190358201783265427E-0002
  -6.03709393860758862924847855255732673         7.75721263452766385831801592559623094E-0002
  -6.06135706907526247346480836373311092         9.32239962141821500781888514321054850E-0002
  -6.08556037639573338907038743905020410        0.107875872802402816575355870718365828      
  -6.10970362169212939347640067062848609        0.120883549652159681698402871120386234      
  -6.13378656668036643369334098999201813        0.131700907344219953639448901169145635      
  -6.15780897367150015404143593316614845        0.139900093791638539763731898898068975      
  -6.18177060557407179007252937445316617        0.145184722060735775215345558465731906      
  -6.20567122589644816555039249560364281        0.147396048913389253999523897249443442      
  -6.22951059874915576939463848971258742        0.146512451180126409775584894692216351      
  -6.25328848884720888955184386838513766        0.142642814390706120006976946398274041      
  -6.27700466151243178081613496987193762        0.136014680024781481900438226995210007      
  -6.30065888267577484368038077606062274        0.126958160331776982298899965045716335      
  -6.32425091887962479135824185628097240        0.115886723275339769270372374895505569      
  -6.34778053728010878217665958245755024        0.103275978829702671392661583974507327      
  -6.37124750564939249459792911761976441         8.96415685441184580243867640018355546E-0002
  -6.39465159237797212219028348032806731         7.55171820346314272177805660990597661E-0002
  -6.41799256647696026592592364115450478         6.14336071750795289576871921188451719E-0002
  -6.44127019758036570124566052171508031         4.78995760822469554957451839576321437E-0002
  -6.46448425594736699738978834743496932         3.53850072289941831625586564995441253E-0002
  -6.48763451246457996655548445558381364         2.43070751971913586728178786820934607E-0002
  -6.51072073864831892050192778130224468         1.50193726197229350018370461328316530E-0002
  -6.53374270664685171228544623532308964         7.80427128332384290366237052099520658E-0003
  -6.55670018924264854086834144466090349         2.86844713363043331909813330746420014E-0003
  -6.57959295985462449640659724631823127         3.41411381652411356442982321055032189E-0004
  -6.60242079254037582408345529648419381         2.76789814647789736685121444792908175E-0004
  -6.62518346199840988441783657406683708         2.65601605275658689684588824943885882E-0003
  -6.64788074357036878803880080583582658         7.39405185636724614478472038555819808E-0003
  -6.67051241324324668297966630693620612         1.43467175794802372570415845899687875E-0002
  -6.69307824765160067260805979890437074         2.33192065221579332471483997904289961E-0002
  -6.71557802407975534237102881927202766         3.40753656737248872530694586940091821E-0002
  -6.73801152046400087359742775195053797         4.63473491675225817417161413622808930E-0002
  -6.76037851539478472266308166328764684         5.98452864996505166959326571580391470E-0002
  -6.78267878811889684388773940030343889         7.42666519918843078660473214260089476E-0002
  -6.80491211854164843459654816835160000         8.93050720274936199448669631949056590E-0002
  -6.82707828722904418084271542641684901        0.104658359430583317440597762222783228      
  -6.84917707540994798235216978845160034        0.120035617500105587099064720349171104      
  -6.87120826497824213531539006547991265        0.135163307540955339012852673649242849      
  -6.89317163849497995171613999047350402        0.149790221562212892851529287180285893      
  -6.91506697919053179395162489896808065        0.163691344858761307256485804233951082      
  -6.93689407096672450356357505369925984        0.176670630579279588616688167727771393      
  -6.95865269839897420296495775978607297        0.188562739601536604342626185125552964      
  -6.98034264673841244911242627470385154        0.199233823901704424125236353638100437      
  -7.00196370191400571814022712893825518        0.208581450211985402882461428207393183      
  -7.02351565053466820003710819121768169        0.216533773429123254420483597956163247      
  -7.04499827989136788251379698695926414        0.223048076456891230590237930390862466      
  -7.06641137795922590327485175837168898        0.228108795552434374642806162866200540      
  -7.08775473339960914997512588584420077        0.231725148489758463656775267569385334      
  -7.10902813556221608720772891709712691        0.233928477679648411831830393473334465      
  -7.13023137448715578993721391533981700        0.234769412520692302888619418698610677      
  -7.15136424090702016285877048062911768        0.234314945400347846875929931740404341      
  -7.17242652624894932523145495799246466        0.232645504568373322159485206605439010      
  -7.19341802263669014080094335792300801        0.229852095152760761938370723263689659      
  -7.21433852289264787249494771382556060        0.226033567390737781381814122962275230      
  -7.23518782053993094164229231916261640        0.221294059134240956752006545697793589      
  -7.25596570980438877153470185471014009        0.215740648208811127756022247357015599      
  -7.27667198561664269521860816180272039        0.209481239526209088122799489714562984      
  -7.29730644361410990747273566708008946        0.202622702168971547202657951572486434      
  -7.31786888014302044099587654243576040        0.195269263106871471634593158672931023      
  -7.33835909226042714689811491305576682        0.187521156838578513379801673832586529      
  -7.35877687773620865965780412711624191        0.179473524093726067383371108729761586      
  -7.37912203505506532677584159144026796        0.171215547756206484736253883405014965      
  -7.39939436341850808342822127482069993        0.162829810320803782577057153126193596      
  -7.41959366274684025248747399949579645        0.154391854389262731138315584828824827      
  -7.43971973368113225035342939419780500        0.145969925848179233079597794052920079      
  -7.45977237758518917910375018014924125        0.137624878338492892065867895272564016      
  -7.47975139654751128554489861331982837        0.129410217308622771660625295977461106      
  -7.49965659338324726781459571924276681        0.121372262223873472948894219676111400      
  -7.51948777163614041025742573589504156        0.113550406270651049096938689527537730      
  -7.53924473558046752736602022885979972        0.105977454038751171319215190571915368      
  -7.55892729022297069765122796262001308         9.86800190906192704629534551143940604E-0002
  -7.57853524130478176837583710191959453         9.16789649451735344881982671932800042E-0002
  -7.59806839530333961215776497534637447         8.49898747384961403156447378911238109E-0002
  -7.61752655943430011652016675545768496         7.86235366085096520574619035163464235E-0002
  -7.63690954165343888753763728985164421         7.25864336306946691441851764408063636E-0002
  -7.65621715065854664879958924770947542         6.68812288624832867142236482394378287E-0002
  -7.67544919589131731698398501678405495         6.15072377004550582086892621037672401E-0002
  -7.69460548753922873540687868504656509         5.64608812910190600658187603279661947E-0002
  -7.71368583653741604698568725586230333         5.17361161439277593496677034469526088E-0002
  -7.73269005457053768812675626047046271         4.73248363676309515501577131909895775E-0002
  -7.75161795407463398512061342970346227         4.32172460708545411763833913452056489E-0002
  -7.77046934823897833470131434951189613         3.94022004554070905420801622277885082E-0002
  -7.78924405100792095049947533137920134         3.58675149644737093952093655943007709E-0002
  -7.80794187708272515719196035674713054         3.26002425549501341367315566731812210E-0002
  -7.82656264192339621422474017998095055         2.95869197403202320301145344538528675E-0002
  -7.84510616175050265105917177126063795         2.68137825123465087129182956331918333E-0002
  -7.86357225354699009596585452140540409         2.42669536065351551100774085252314527E-0002
  -7.88196073505998758046430528557869128         2.19326028395219843269456746533619253E-0002
  -7.90027142480260630158095668088428082         1.97970824278243884286460880312873569E-0002
  -7.91850414205573082417242134111161408         1.78470393081712377954958667852762121E-0002
  -7.93665870686980270563557833564436873         1.60695065306983426481189793718050592E-0002
  -7.95473494006659652540082594240537406         1.44519757978295153708187133372981650E-0002
  -7.97273266324098830167980668854589679         1.29824531829845581175712713790289703E-0002
  -7.99065169876271627801404529755642379         1.16494999928080985505950314300246964E-0002
  -8.00849186977813406224624716602960764         1.04422606419160628548052028158779970E-0002
  -8.02625300021195610061148349419483015         9.35047929680386623039704397713276828E-0003
  -8.04393491476899546972113846662516918         8.36450692124561223924587667278625260E-0003
  -8.06153743893589396928831317656410335         7.47530022407288644334777323077745393E-0003
  -8.07906039898284449851936956082464591         6.67441387569101409296611020599144460E-0003
  -8.09650362196530569917245471220183073         5.95398722537176165995793740757791649E-0003
  -8.11386693572570884836017081117024088         5.30672661989357677500620539400291319E-0003
  -8.13115016889515698425004781501611539         4.72588429753359134512185215022014489E-0003
  -8.14835315089511624789313420553443265         4.20523471128365324244862240938192091E-0003
  -8.16547571193909942448784476941979087         3.73904902255407026251714781360105718E-0003
  -8.18251768303434166746319281027776948         3.32206840225348690332475490807736191E-0003
  -8.19947889598346838884268660793546349         2.94947668038490910763711930577950172E-0003
  -8.21635918338615529942748558797345927         2.61687279831020397604557118587882462E-0003
  -8.23315837864078058241488977906190406         2.32024343953360131178145294262450954E-0003
  -8.24987631594606918414587595308321859         2.05593614500046344300891419383892430E-0003
  -8.26651283030272920575319459688942900         1.82063315713844660398181672108557858E-0003
  -8.28306775751508037955950278701126011         1.61132618273160952902370212217419966E-0003
  -8.29954093419267461415312836026611306         1.42529221770017229986221198540049916E-0003
  -8.31593219775190859214733972298670330         1.26007053640835916669282754484071479E-0003
  -8.33224138641762840470743244693013824         1.11344091367140581412510488899670757E-0003
  -8.34846833922472620700853768668849680         9.83403118610053409698209052181208835E-0004
  -8.36461289601972887886580764591712604         8.68157695347199686809506377531289036E-0004
  -8.38067489746237867485753904069287766         7.66088025717707996173969773335729210E-0004
  -8.39665418502720584834085597904388902         6.75743653156934908818434468835009296E-0004
  -8.41255060100509323383878811586054759         5.95824834266806723420218658131511253E-0004
  -8.42836398850483277235694757018892323         5.25168274786056881238858229975453252E-0004
  -8.44409419145467396426752812399746542         4.62733999406280655968840354473449219E-0004
  -8.45974105460386423447802187306371882         4.07593299707928114818091410693486528E-0004
  -8.47530442352418119468187098532401607         3.58917701107343052435580984442440453E-0004
  -8.49078414461145678756824475204904496         3.15968887810344505379508190788165478E-0004
  -8.50618006508709329794825390325599019         2.78089524096612222269515970700046723E-0004
  -8.52149203299957121583518441007345551         2.44694910581296941935331227480642091E-0004
  -8.53671989722594893659675092110374022         2.15265415214611266764904550218741918E-0004
  -8.55186350747335428337793478348601421         1.89339620512796599659715483115764864E-0004
  -8.56692271428046783707368248721103119         1.66508130715824384098048621350742880E-0004
  -8.58189736901899805921159654668988269         1.46407985111943294006336993935621759E-0004
  -8.59678732389514819318575149861747103         1.28717626550274750599184269167631926E-0004
  -8.61159243195107492936391205035274714         1.13152377091449697526410935479551947E-0004
  -8.62631254706633881967171765749954548         9.94603757498175661937218191996079338E-0005
  -8.64094752395934642733882714084241096         8.74189362997953094495052375466023031E-0005
  -8.65549721818878419757358756759607223         7.68312861060932889890008016519125200E-0005
  -8.66996148615504403501450271499634075         6.75236498557102943079793737176385363E-0005
  -8.68434018510164057388862719913876030         5.93426448903098313462344824683548927E-0005
  -8.69863317311662012688900198082499951         5.21529575398335226175997380963110262E-0005
  -8.71284030913396129886537464380171840         4.58352724271246891698240866811839173E-0005
  -8.72696145293496725150471276860476981         4.02844291392155377059032424034597547E-0005
  -8.74099646514964960526042008533208201         3.54077829382853619214588752956996682E-0005
  -8.75494520725810396487170206779281639         3.11237483120579172025780258889349362E-0005
  -8.76880754159187705489719941501190031         2.73605061402410465730176946823420798E-0005
  -8.78258333133532545176981363807084735         2.40548570833332703441444238947526455E-0005
  -8.79627244052696589896258791347786626         2.11512054871877779473636462878050941E-0005
  -8.80987473406081719193857766010946226         1.86006596468148548131919365499057454E-0005
  -8.82339007768773361964084812537106726         1.63602356925715435809002654440241486E-0005
  -8.83681833801672994936206980640818887         1.43921536582651192259103007216618801E-0005
  -8.85015938251629794191664596149299886         1.26632154712600695105983641376843310E-0005
  -8.86341307951571438412189896136448417         1.11442556770521333771058160110552874E-0005
  -8.87657929820634062567856296528859728         9.80965668257986341919570298597862170E-0006
  -8.88965790864291360762467855563865784         8.63692118128344111321268156579272684E-0006
  -8.90264878174482836962095970032819179         7.60629521587662869203846256919762919E-0006
  -8.91555178929741202340980390566156305         6.70043604897241351490011097785424632E-0006
  -8.92836680395318917987434184306443695         5.90411965376621452775870556233327620E-0006
  -8.94109369923313881720827225044521076         5.20398321323863820483080679762282602E-0006
  -8.95373234952794257779170069012458073         4.58829853271554844697829086111156423E-0006
  -8.96628263009922448145279595664090836         4.04677273264740465490053617757842032E-0006
  -8.97874441708078204287979473437368777         3.57037300128064197289294335223217253E-0006
  -8.99111758747980878103272267070521907         3.15117255524307432067411061781774185E-0006
  -9.00340201917810810848915751804932539         2.78221528432922143867186858092397037E-0006
  -9.01559759093329858874343656901931333         2.45739684896568527292217064437445140E-0006
  -9.02770418238001054956390542361395939         2.17136025863336480758399494509879765E-0006
  -9.03972167403107404059811734473195084         1.91940419027008713787464124744607134E-0006
  -9.05164994727869812350132123658426936         1.69740251041739338253390361922734852E-0006
  -9.06348888439564148294912077651353432         1.50173364636801842887276650771768330E-0006
  -9.07523836853637434698084660005914198         1.32921861231178965139828866471999629E-0006
  -9.08689828373823170520595683640407999         1.17706663871958111433522650083709091E-0006
  -9.09846851492255781349166787005471437         1.04282747897604009735913397827827606E-0006
  -9.10994894789584197383601611707259779         9.24349578395317382569057813193018876E-0007
  -9.12133946935084557821666200162316765         8.19743388865859301431302680855701685E-0007
  -9.13263996686772040529196835115493951         7.27349198935726123438512146958605787E-0007
  -9.14385032891511815891721624520798702         6.45708925479262583059490019141250109E-0007
  -9.15497044485129123752526110162145985         5.73541380349378371083934661598733127E-0007
  -9.16600020492518472350747961164156702         5.09720584660614666608194541795300288E-0007
  -9.17693950027751958181751318793151121         4.53256755495793658680230560079818000E-0007
  -9.18778822294186705710707501150286216         4.03279635709869520262976254161729288E-0007
  -9.19854626584571425878995469882388948         3.59023877852904812840746565160792349E-0007
  -9.20921352281152092351732620147245024         3.19816228701532144732721962286914649E-0007
  -9.21978988855776734463453993931508238         2.85064292052542788258373288808047415E-0007
  -9.23027525869999345827675849491062704         2.54246674805049247878171939159634167E-0007
  -9.24066952975182907584807560124150005         2.26904345391772356810066966890542006E-0007
  -9.25097259912601525271613977554600686         2.02633054715714445241073518836698879E-0007
  -9.26118436513541678304178592653966149         1.81076688259434997516465901932514069E-0007
  -9.27130472699402581075075972726058555         1.61921434272511567234559610765584255E-0007
  -9.28133358481795654674229963675990120         1.44890667183910303571209784581225247E-0007
  -9.29127083962643108251711930551559921         1.29740457872642290421574561525223818E-0007
  -9.30111639334275629049520784544571397         1.16255633376080726173570576384570588E-0007
  -9.31087014879529180138183621844537496         1.04246318208926180921467495163353039E-0007
  -9.32053200971840904902822392923655120         9.35448978726936385504599326819229109E-0008
  -9.33010188075344137332148042982384572         8.40033525014487953177556123942353813E-0008
  -9.33957966744962517172668928388862065         7.54909150424110609436152590317248138E-0008
  -9.34896527626503209019234932899937123         6.78920140224917960544220173863155500E-0008
  -9.35825861456749224421882494062741381         6.11044659026735073537946834086523730E-0008
  -9.36745959063550846097798617178728742         5.50378863581172586554474259585475402E-0008
  -9.37656811365916153346083814192908772         4.96122936191479399034119117165461215E-0008
  -9.38558409374100647771864670386477814         4.47568803336023261579923225861056803E-0008
  -9.39450744189695978435186325250436326         4.04089333230088029144088718267286497E-0008
  -9.40333807005717765549003467763085223         3.65128831550552412973410402087753601E-0008
  -9.41207589106692521859485402761516390         3.30194676878049670475870085770377811E-0008
  -9.42072081868743670850756256376942425         2.98849956965830824444923241815457657E-0008
  -9.42927276759676660925105366702155920         2.70706984069316547830100806425058333E-0008
  -9.43773165339063174718625262999223287         2.45421582567892110188351531568379545E-0008
  -9.44609739258324432721165284776599124         2.22688055245933050143046615584324229E-0008
  -9.45436990260813590378427742825358119         2.02234746105429548997214852339800069E-0008
  -9.46254910181897227862980489581270878         1.83820127661086689155091283198421930E-0008
  -9.47063490949035931709914757670128408         1.67229349498273535111351979052280460E-0008
  -9.47862724581863967521840054815836486         1.52271192610349601965004912016478441E-0008
  -9.48652603192268042956878681983907005         1.38775380810956846229142209282792643E-0008
  -9.49433118984465160222300981159084068         1.26590206458060103665351907557229110E-0008
  -9.50204264255079557305428630900386965         1.15580432934186116020480000678536591E-0008
  -9.50966031393218737182427103089588641         1.05625440892751115624762701904023783E-0008
  -9.51718412880548584254609684324888768         9.66175892834697225852044395454097873E-0009
  -9.52461401291367567270884161371252647         8.84607656805095515830792012541820781E-0009
  -9.53194989292680028003989283050313563         8.10691035164661529346587868022352842E-0009
  -9.53919169644268554957191351951529581         7.43658465269082138783122921438525876E-0009
  -9.54633935198765441387141679316648718         6.82823430810232737013190714341561848E-0009
  -9.55339278901723226937633066265297562         6.27571551547702772630604533766052973E-0009
  -9.56035193791684322188037864994877512         5.77352685297912586424320887387060872E-0009
  -9.56721673000249715429261435438426622         5.31673924055489194101349235629212958E-0009
  -9.57398709752146760989102856767423370         4.90093380212236696743042391850379665E-0009
  -9.58066297365296048437979489683384940         4.52214671218823673455194531434549715E-0009
  -9.58724429250877352015043325187312256         4.17682021913857496377363329185954019E-0009
  -9.59373098913394659623794908919035010         3.86175913308764885284808109132052275E-0009
  -9.60012299950740280755384907624626645         3.57409215026369422186193061923066420E-0009
  -9.60642026054258032706883996181089518         3.31123745987718591172134534339046928E-0009
  -9.61262271008805504470898600162808619         3.07087214449490329648549633678656519E-0009
  -9.61873028692815397682013040391545661         2.85090494221777389071238407800935215E-0009
  -9.62474293078355944014647702427915706         2.64945198938350458211012268904174734E-0009
  -9.63066058231190398436037905634479963         2.46481520692026663046767316996737832E-0009
  -9.63648318310835607727159083306903968         2.29546303259619083085902672191153092E-0009
  -9.64221067570619653693550617410102520         2.14001323588209754866084605625428579E-0009
  -9.64784300357738570497123108593775476         1.99721758253383251129118484395965898E-0009
  -9.65338011113312135549171914262748492         1.86594814279886639746676366493961842E-0009
  -9.65882194372438733413963364353199934         1.74518506079204909370147865925808206E-0009
  -9.66416844764249292181409075872747574         1.63400562344723777110532829858225388E-0009
  -9.66941957011960291776498142903463474         1.53157448586820057249920427916066212E-0009
  -9.67457525932925843682316588292361392         1.43713492616634552626127054851148358E-0009
  -9.67963546438688841562648236262130502         1.35000101724142504677533054533314699E-0009
  -9.68460013535031182279321011213247657         1.26955061566018206540304402300114208E-0009
  -9.68946922322023056808637496554425785         1.19521907901531955105293859893653978E-0009
  -9.69424267994071310570408307939774535         1.12649363307756818032394197174153873E-0009
  -9.69892045839966872692291357207940812         1.06290831884031630280669659744929280E-0009
  -9.70350251242931253741329315963336122         1.00403945733409597655211188167381293E-0009
  -9.70798879680662111463771440418314430         9.49501576975819502074338445473555840E-0010
  -9.71237926725377884083464301088250046         8.98943754319431872541853465725506513E-0010
  -9.71667388043861490718298781414528809         8.52046324482489922680817744481492663E-0010
  -9.72087259397503098483407877555428073         8.08517922318028952937084331861673627E-0010
  -9.72497536642341955859021256560637032         7.68092819654222309425100828990767327E-0010
  -9.72898215729107291910098121018769022         7.30528527698597919523053456726927290E-0010
  -9.73289292703258280954079594084429205         6.95603637054321533739638155620562721E-0010
  -9.73670763705023072282325488557882199         6.63115870772116434285244261777476019E-0010
  -9.74042624969436884550027866372394739         6.32880328505833267488048708537647219E-0010
  -9.74404872826379164458625139369796140         6.04727902190516050781286195120504773E-0010
  -9.74757503700609809363975517504056225         5.78503845752578648491717540007938184E-0010
  -9.75100514111804453452787285459460432         5.54066483222033824026792323800465668E-0010
  -9.75433900674588817139045591922281846         5.31286041272773104226390794540670221E-0010
  -9.75757660098572119341421076185877236         5.10043593691805621332190354160586365E-0010
  -9.76071789188379552311894643148149203         4.90230106592571855418102775762691969E-0010
  -9.76376284843683818695084938793548878         4.71745574359034375665089080004416245E-0010
  -9.76671144059235730507020482623355830         4.54498237352209059685891449244503912E-0010
  -9.76956363924893869731356889860767082         4.38403873343295791235562760314045759E-0010
  -9.77231941625653310240301073233929386         4.23385155470134776900465549975197118E-0010
  -9.77497874441673400756768660323615183         4.09371070257459859106618042905030435E-0010
  -9.77754159748304608583568006417407913         3.96296389906186692152629622978894847E-0010
  -9.78000795016114423834674033076085875         3.84101193651488905644738680498378864E-0010
  -9.78237777810912323912927587700651840         3.72730433521421395022339658493183262E-0010
  -9.78465105793773797987771007774704890         3.62133540304217795149611877228876763E-0010
  -9.78682776721063431235907993606169589         3.52264065959220425043032964390807293E-0010
  -9.78890788444457048617055653740410351         3.43079359089116421963026704686581657E-0010
  -9.79089138910962917966238596175969170         3.34540270434572475832404281580766401E-0010
  -9.79277826162942012193359104474903089         3.26610885660769275317768151799933913E-0010
  -9.79456848338127330390063669190971265         3.19258282982551302891294616111006592E-0010
  -9.79626203669642277653214350089410584         3.12452313424327120805169055802690346E-0010
  -9.79785890486018103443563531730868516         3.06165401735510250839962319203714624E-0010
  -9.79935907211210398307522512449863321         3.00372366184885441530177502042354954E-0010
  -9.80076252364614648799207942867803508         2.95050255640235223408244032127521846E-0010
  -9.80206924561080850449245313118293523         2.90178202505027620383828455634641993E-0010
  -9.80327922510927178636105386188477804         2.85737290233882507706702342019674594E-0010
  -9.80439245019952717225047596439857994         2.81710434284636816427018166154372149E-0010
  -9.80540890989449244849043885696668985         2.78082275488677039950349611631614910E-0010
  -9.80632859416212078715357142497658421         2.74839084934205627825222286444766167E-0010
  -9.80715149392549975830750251403889953         2.71968679560523660404332949701140433E-0010
  -9.80787760106294091547604656835583769         2.69460347756393622069664154910876037E-0010
  -9.80850690840805995342531207959146039         2.67304784343136144539953769505890036E-0010
  -9.80903940974984743748360785836092974         2.65494034404264825741694651459621368E-0010
  -9.80947509983273010369707729544537610         2.64021445499045897819283964966805281E-0010
  -9.80981397435662272921605282449625126         2.62881627868188630846372904350252365E-0010
  -9.81005602997697057240019081383274653         2.62070422306673782094962656379742896E-0010
  -9.81020126430478238222352018341447562         2.61584875442208141383329520248137990E-0010
  -9.81024967590665397665361524559550042         2.61423222218610037615261129862747982E-0010
