   4.12309545227067064420632151831095302                                            Infinity
   4.12305475898311770608912572787905729         38.6008070961661076123583129167585377      
   4.12297337280963814945743633632644323         19.3004987921486297684326397563453498      
   4.12285129455348064962702634827966613         12.8671050224801274669786421207249742      
   4.12268852541950830988659882606374464         9.65043988749559414017216044822514094      
   4.12248506701418676998538034309522945         7.72046620761301885256620303344236522      
   4.12224092134556835096581307494010085         6.43383825659758856763787908635627950      
   4.12195609082327223649782962837556546         5.51483643774229630122571635195195882      
   4.12163057825846069091031283804414197         4.82560095291310001257318812478381118      
   4.12126438686381131415445895902275131         4.28954302556398166118072253964141697      
   4.12085752025348533397287656578764997         3.86070938994297631541726586814952727      
   4.12040998244309193558736464759989432         3.50985705891309946388787325098000119      
   4.11992177784964862925742148125391321         3.21749070786281524681532587052844060      
   4.11939291129153765610064047844268873         2.97011357373475434508211858295785039      
   4.11882338798845843260524996075024951         2.75808511161355670043233269612168626      
   4.11821321356137603430415032457691181         2.57433558867858081467437324844628622      
   4.11756239403246571911889393526829165         2.41356270542435050200014269628479331      
   4.11687093582505349092113994853443083         2.27171176233261191031270827851299825      
   4.11613884576355270389819771213899129         2.14562910432037459834297377161636421      
   4.11536613107339670834834806609210937         2.03282500378331096633000380764146632      
   4.11455279938096753857070134953321344         1.93130767872613861908664259727262851      
   4.11369885871352064355341385154172345         1.83946473428432468658485794944407481      
   4.11280431749910566120314042572877619         1.75597693837623693638029551951884782      
   4.11186918456648323689764963917517891         1.67975449066343178735187490231394851      
   4.11089346914503788718256875969521205         1.60988922427087263120520518784227813      
   4.10987718086468690947225871620451100         1.54561827909429797825151468303045894      
   4.10882032975578533865384350991469595         1.48629615819050678516900756664566426      
   4.10772292624902695153243402401324902         1.43137299385869354991727481028928246      
   4.10658498117534132009459239134734480         1.38037747099007073475457364905027915      
   4.10540650576578691460607964843944618         1.33290328351757123401781359318107875      
   4.10418751165144025759891594504001331         1.28859829957561221232234490326503517      
   4.10292801086328112984175870658726643         1.24715582372571290974016826022592792      
   4.10162801583207382942656947771694418         1.20830749751481086147589844643868804      
   4.10028753938824448514349432377430378         1.17181749084115868934967117882980745      
   4.09890659476175442535482524966447237         1.13747771837329958547720648287953798      
   4.09748519558196960361784072698822183         1.10510387601150575254053752579903116      
   4.09602335587752608234524171701851319         1.07453213793897867304563577975556228      
   4.09452109007619157583080515457104218         1.04561638928636978331682621833359451      
   4.09297841300472305400676933222704503         1.01822589574400990159014500264571562      
   4.09139533988872040833834461182582919        0.992243331695335585423629927001472682      
   4.08977188635247618129960800693795856        0.967563104130302958681063576895016108      
   4.08810806841882136091389104257473368        0.944089921839766760083334744192965476      
   4.08640390250896724188060652324322224        0.921737569010663745972848637271536330      
   4.08465940544234335484928104432079098        0.900427849947450904172559263374358037      
   4.08287459443643146544036588144919083        0.880089677695167034645661914903312488      
   4.08104948710659564465118890523825925        0.860658284179420731721816472978093854      
   4.07918410146590841232418401118138971        0.842074533371598579291117370029425810      
   4.07727845592497295539329184463697564        0.824284322135111828072462037419864114      
   4.07533256929174142266316595550314164        0.807238055965863445948900806034817472      
   4.07334646077132929791454155445575497        0.790890188927761205330923755532076718      
   4.07132014996582585316782938015102837        0.775198818795970365342972014312261753      
   4.06925365687410068397568444260802328        0.760125329830373066257002016959510989      
   4.06714700189160632865396820025547040        0.745634076767475843290031847018714671      
   4.06500020581017697339917267520609080        0.731692104586819284741291631290767044      
   4.06281328981782324527900573175070452        0.718268899414454374327114706561192199      
   4.06058627549852309512144785557425186        0.705336166600586124564626746030727550      
   4.05831918483200877236618189471026312        0.692867632574613592853192510692170747      
   4.05601204019354989398086797689059831        0.680838867557535148574771606153784614      
   4.05366486435373260958328582103555136        0.669227126614450774309392159236077986      
   4.05127768047823486494889553269277835        0.658011206871217688308886173571548012      
   4.04885051212759776612187533400757077        0.647171319009441403812201901683496156      
   4.04638338325699304638618014823955769        0.636688971401304719128327921371699298      
   4.04387631821598663839162815709604985        0.626546865457156165512564037594458406      
   4.04132934174829835376846299661361098        0.616728800939995753947611750820694338      
   4.03874247899155767260225677459441715        0.607219590156728631858668962123794882      
   4.03611575547705564517941320052713831        0.598004980070227031798024548615922154      
   4.03344919712949290845190043855910782        0.589071581492114787276745748432869447      
   4.03074283026672381970818944673788987        0.580406804616497434238375118633581021      
   4.02799668159949670997569517294492760        0.571998800241893502783399652143621331      
   4.02521077823119025971831466148298362        0.563836406104303113417754932166375381      
   4.02238514765754599943092750617979973        0.555909097810300150520836514102186471      
   4.01951981776639693777096978840963600        0.548206943916624564914370686113437013      
   4.01661481683739231990541228414252471        0.540720564753142851701431567920149546      
   4.01367017354171851878966693579571787        0.533441094630223593852412986877453030      
   4.01068591694181606213311198533126914        0.526360147110380703636527231759337128      
   4.00766207649109279784406537803108612        0.519469783058186046624848036827039369      
   4.00459868203363320078514769526745555        0.512762481212558218860141525917281263      
   4.00149576380390382370805958322636665        0.506231111052120557387821703490089090      
   3.99835335242645489527485403706213638        0.499868907747840122834169005598605792      
   3.99517147891561806811081060077350978        0.493669449017998710369212041741480429      
   3.99195017467520031987201617688538707        0.487626633719041839807466421637467366      
   3.98868947149817401034872533177528497        0.481734662022291581747397074382402637      
   3.98538940156636309766351135746889785        0.475988017041144602855407247564805847      
   3.98204999745012551666112753450817362        0.470381447786425354836186861745619293      
   3.97867129210803172262487565892976736        0.464909953339214815056583182694824381      
   3.97525331888653940349212557564470916        0.459568768140892089617816122449456755      
   3.97179611151966436377944482705022861        0.454353348309452951505234045251061297      
   3.96829970412864758346558120630947380        0.449259358899531310848345177389739848      
   3.96476413122161845511829262649472294        0.444282662031056341913709654809256483      
   3.96118942769325420258873790711128782        0.439419305818225611759070675538504257      
   3.95757562882443548463482846612952654        0.434665514036547413752628977806081287      
   3.95392277028189818687259411660175187        0.430017676471177755080283485254407548      
   3.95023088811788140549223583060737270        0.425472339894714364877782320110216952      
   3.94650001876977162621312407836245915        0.421026199627069240928121446639775735      
   3.94273019905974310198955280589289552        0.416676091634073464149828375705519499      
   3.93892146619439443301657591008575479        0.412418985125118222423516460053183161      
   3.93507385776438135262273483492577894        0.408251975613443990220999404152612976      
   3.93118741174404572267393227736305762        0.404172278405690887127221866210407505      
   3.92726216649104074215011758596365146        0.400177222490048705893656164716091483      
   3.92329816074595237259382389103949555        0.396264244794822798433406692880787606      
   3.91929543363191698416693495246672668        0.392430884791486713140737659090592100      
   3.91525402465423522608936078237206607        0.388674779418346267586063058526511861      
   3.91117397369998212527056492614860352        0.384993658302812314482414143440620480      
   3.90705532103761341698211249907631576        0.381385339261988409707378171513017949      
   3.90289810731656811145659630976119341        0.377847724062840652072121995909266491      
   3.89870237356686730033544828863717523        0.374378794424644220216413997641967297      
   3.89446816119870920692525461324266691        0.370976608247707205609535107721736079      
   3.89019551200206048425926501561611810        0.367639296053568557580257234248117523      
   3.88588446814624376499781940506620653        0.364365057622963488497419068581045090      
   3.88153507217952146723840777626443564        0.361152158818855680065493387311067669      
   3.87714736702867586034303203297700282        0.357998928582759316037420194364658874      
   3.87272139599858539492745047709077752        0.354903756093422757660510284152503411      
   3.86825720277179730119375692658747525        0.351865088077726262764368621913447896      
   3.86375483140809645982457637087656718        0.348881426264364563538956877256203658      
   3.85921432634407054969394738391450093        0.345951324971546815284708563077125984      
   3.85463573239267147668670783172959219        0.343073388820556340649848586554825096      
   3.85001909474277308795490436866720169        0.340246270567575185326942235532494780      
   3.84536445895872517597640745361525922        0.337468669046697816372011933481646942      
   3.84067187097990377681753177183429619        0.334739327217538000715450497363278854      
   3.83594137712025776703803665839240804        0.332057030311276327523795208225759441      
   3.83117302406785176371341202461642757        0.329420604069406007204883814920411148      
   3.82636685888440533208584202887076198        0.326828913069814240534788107722428399      
   3.82152292900482850539168094725539728        0.324280859135188104315642549316036912      
   3.81664128223675362144967302880455979        0.321775379819059822202323943499145307      
   3.81172196676006348063050020424061223        0.319311446965108555919501631252235093      
   3.80676503112641582986454799851334736        0.316888065335616355480493120320869448      
   3.80177052425876417738104051690283817        0.314504271305236374453223403925197994      
   3.79673849545087494290790957450755678        0.312159131616473465430737238039819539      
   3.79166899436684094809793056205912230        0.309851742193502263710541040362760711      
   3.78656207104059125198277813024194859        0.307581227011157162858894968072879702      
   3.78141777587539733629272787355548231        0.305346737016123391808039830028791077      
   3.77623615964337564551575554721191914        0.303147449097539825490200707007969764      
   3.77101727348498648660576260105732422        0.300982565104393213662368052532134920      
   3.76576116890852929328558560795829044        0.298851310907241125573382679916566328      
   3.76046789778963425992632714590673137        0.296752935501947935175168850219232957      
   3.75513751237075035002037650914134047        0.294686710153255396827312346407818567      
   3.74977006526062968430126992022990167        0.292651927576137505609379301339716590      
   3.74436560943380831359927133915504886        0.290647901153009062291133707626537943      
   3.73892419823008338155723616434255744        0.288673964184969280733767958662204319      
   3.73344588535398668236695074210673780        0.286729469175366446747345078086534994      
   3.72793072487425461872172029350215134        0.284813787144067579815930962178086977      
   3.72237877122329456521650627990751744        0.282926306970908739846900340193075843      
   3.71679007919664764246239101017516512        0.281066434766887500461064244570082941      
   3.71116470395244790721757209271628050        0.279233593271739584706143169553266560      
   3.70550270101087796387246180582995355        0.277427221276617103794529594325060545      
   3.69980412625362100266178624981070923        0.275646773070656601409489863623434354      
   3.69406903592330927001184590629266837        0.273891717910291506029982183820080663      
   3.68829748662296897646631261584011363        0.272161539510225928330343160049222832      
   3.68248953531546164766909764643203674        0.270455735555045284699654381704216810      
   3.67664523932292192391793111620064097        0.268773817230494235700508644457628796      
   3.67076465632619181383734420709268846        0.267115308773504135595734650473923013      
   3.66484784436425140775474201608713364        0.265479747040100814488326767015740375      
   3.65889486183364605639819619182219973        0.263866681090369260900430746223656328      
   3.65290576748791002056947235210343633        0.262275671789694827940591726738011299      
   3.64688062043698659748063732747205463        0.260706291425541125312066607024082588      
   3.64081948014664472947736518405151940        0.259158123339062944635603280302686652      
   3.63472240643789210090677840205545996        0.257630761570888547787635477236411147      
   3.62858945948638472892232118198459920        0.256123810520439567507368658944099956      
   3.62242069982183305405276527657838281        0.254636884618188756952797101438047681      
   3.61621618832740453639699466149660394        0.253169608010286001703656838790550796      
   3.60997598623912276334070342053322480        0.251721614255011487081726756755098815      
   3.60370015514526307472557109152558387        0.250292546030541801017147696005637901      
   3.59738875698574471143585105720834303        0.248882054853540146306021164088799218      
   3.59104185405151949340162003184159566        0.247489800808105827620074030560129071      
   3.58465950898395703305218995086636102        0.246115452284640853537606792963843250      
   3.57824178477422649028737727904243202        0.244758685728212931960655901405596108      
   3.57178874476267487506845857502508316        0.243419185396014413073091456970996685      
   3.56530045263820190376471475025148851        0.242096643123535917077403384217756816      
   3.55877697243763141542547950104212704        0.240790758099091539366276970450738610      
   3.55221836854507935418155953928200110        0.239501236646349714347289747207224303      
   3.54562470569131832401378516383719874        0.238227792014540097719071421290458274      
   3.53899604895313872216027906749448293        0.236970144176022248810397708100753676      
   3.53233246375270645746779872880319081        0.235728019630916509451971644713323080      
   3.52563401585691726002621296147857904        0.234501151218511330398877342296615850      
   3.51890077137674758845881585333695735        0.233289277935174434255857450659235986      
   3.51213279676660214127476109003599554        0.232092144758507666127048354509523441      
   3.50533015882365797872341619476982227        0.230909502477497208206651541223988072      
   3.49849292468720526162388919272322733        0.229741107528422058251448974732622092      
   3.49162116183798461367636929835505516        0.228586721836294328109327971762067483      
   3.48471493809752111379524809492095885        0.227446112661615038923490960616113112      
   3.47777432162745492503724800015695876        0.226319052452238704055780184692738678      
   3.47079938092886856673098026146182408        0.225205318700149127131556579625464367      
   3.46379018484161083644748497061241665        0.224104693802957527170136100053644312      
   3.45674680254361738848437030503970901        0.223016964929942360217297415021348622      
   3.44966930355022797556916706364873782        0.221941923892458060452287471551891104      
   3.44255775771350036052044724439791685        0.220879367018547395233321326687671931      
   3.43541223522152090463812158332958732        0.219829095031599238513900452804654281      
   3.42823280659771183962713031608863494        0.218790912932900334840160068581096028      
   3.42101954270013522989147360946315818        0.217764629887936069928527163297467862      
   3.41377251472079363206819281907709340        0.216750059116301400765499174365141118      
   3.40649179418492745870351063767185375        0.215747017785088944417163898988173388      
   3.39917745295030905300586698471417278        0.214755326905626795504904773845419377      
   3.39182956320653348164304783131438352        0.213774811233443951943339106857261905      
   3.38444819747430605258299573426291359        0.212805299171346290576938876870900345      
   3.37703342860472656501021334970092829        0.211846622675490861555837103363729391      
   3.36958532977857029838192429152390944        0.210898617164350874701924601826693600      
   3.36210397450556574772033907374942521        0.209961121430468144100512475931286937      
   3.35458943662366911226948721212552869        0.209033977554893949442888631834861525      
   3.34704179029833554467711954126850287        0.208117030824223274377106061554707947      
   3.33946111002178716789415711334668203        0.207210129650131202874095356484919250      
   3.33184747061227786701606436721712296        0.206313125491323903432814326543386387      
   3.32420094721335486332235427812072416        0.205425872777820116385528769073994521      
   3.31652161529311707780219160339956749        0.204548228837482389710549346589564124      
   3.30880955064347029148574681577517136        0.203680053824720491264648459259222342      
   3.30106482937937910993256754978520077        0.202821210651292467448276108270310767      
   3.29328752793811573925977606699934196        0.201971564919131726862568880617841536      
   3.28547772307850558112437006031876987        0.201130984855131308991262856011188374      
   3.27763549188016965410529975642353196        0.200299341247819158481719920794733064      
   3.26976091174276384896231642840582585        0.199476507385860771021453332382845741      
   3.26185406038521502527983578867771267        0.198662358998328012617883148561864053      
   3.25391501584495395703523398696045651        0.197856774196675245509137131777839051      
   3.24594385647714513466209378187220400        0.197059633418366125909999507676639448      
   3.23794066095391343120994358038818361        0.196270819372096576020352253505318519      
   3.22990550826356764023298214104752015        0.195490216984561479642159787422352290      
   3.22183847770982089307115650875818542        0.194717713348714611585064869280319772      
   3.21373964891100796321775988668489810        0.193953197673473189793939030745428026      
   3.20560910179929946549843935001903515        0.193196561234820239604308122050142004      
   3.19744691661991295781715026419909354        0.192447697328259685330866993123966295      
   3.18925317393032095325516468390198998        0.191706501222580738945695943557280988      
   3.18102795459945585033973457714172806        0.190972870114889742159633025410018711      
   3.17277133980691178932942714013363028        0.190246703086869139873211455792846737      
   3.16448341104214344239348844301149097        0.189527901062224722649477012854847365      
   3.15616425010366174559285287458834148        0.188816366765283676371174262181070585      
   3.14781393909822658060059903746286510        0.188112004680707321232862506428685107      
   3.13943256044003641412975758499700396        0.187414721014283712207810143464891763      
   3.13102019684991490306640269190343887        0.186724423654766511519975267430294623      
   3.12257693135449447333590611403779700        0.186041022136727732726154599283948858      
   3.11410284728539688056010082492235958        0.185364427604393097944979149469821825      
   3.10559802827841076059288972175020046        0.184694552776429846625546561915147135      
   3.09706255827266617805154357813062510        0.184031311911657887997478665784326127      
   3.08849652150980618099056099142574450        0.183374620775656201860310789553501710      
   3.07990000253315536989451123677198786        0.182724396608237365438340271058865811      
   3.07127308618688548919574840615086649        0.182080558091764019347736037824523730      
   3.06261585761517804955227168833840816        0.181443025320281984915915922792481496      
   3.05392840226138398915031184418961279        0.180811719769445609702853001813302459      
   3.04521080586718038232544756227268818        0.180186564267211749571727748971433199      
   3.03646315447172420382519715393214374        0.179567482965279595445256507762540936      
   3.02768553441080315706509067681261193        0.178954401311254322302035323609843736      
   3.01887803231598357475920477490965795        0.178347246021513278290440975598963749      
   3.01004073511375540033503700533656221        0.177745945054754144283395029918895192      
   3.00117373002467425857140790203031341        0.177150427586205179927193034583899504      
   2.99227710456250062392680722020805685        0.176560623982478332360183095767612090      
   2.98335094653333609505424542899143455        0.175976465777046619350510897507525686      
   2.97439534403475678402723229052966101        0.175397885646327810636696321628485021      
   2.96541038545494382882998100028961395        0.174824817386357020715190217729185123      
   2.95639615947181103769332858388969739        0.174257195890031394126684795507405205      
   2.94735275505212967388617077071406964        0.173694957124910611328022872994792242      
   2.93828026145065038960043211417112027        0.173138038111557470340075868687832168      
   2.92917876820922231759572942430970123        0.172586376902403307337641513078072553      
   2.92004836515590932929793834287478683        0.172039912561123508963448515710261016      
   2.91088914240410346807383884691139415        0.171498585142508841139145030879179623      
   2.90170119035163556643189533869899533        0.170962335672818774213904291100596467      
   2.89248459967988305592702049195531444        0.170431106130603423107565797596939633      
   2.88323946135287497857487890257742225        0.169904839427981144312407401230044882      
   2.87396586661639420860890656323392212        0.169383479392359239830257203452687549      
   2.86466390699707689344075497228658387        0.168866970748585611927739599052824399      
   2.85533367430150912271231402706568947        0.168355259101519592554775170881567031      
   2.84597526061532083435482546857601415        0.167848290919010537928700570146981603      
   2.83658875830227696659786826926129092        0.167346013515273132654256187802484602      
   2.82717426000336586489817871836389015        0.166848375034648689322017834643127046      
   2.81773185863588495278536079241430346        0.166355324435742059277543467602887173      
   2.80826164739252367564854643407644763        0.165866811475924088633555618039535205      
   2.79876371974044372651498033444095415        0.165382786696189861041854594299293206      
   2.78923816942035656289832945625949306        0.164903201406363265666176117174112862      
   2.77968509044559822382125358379059602        0.164428007670638715600363578354224792      
   2.77010457710120145614341937500737390        0.163957158293451119039972326485249767      
   2.76049672394296515935269646091280354        0.163490606805665473205919199009440954      
   2.75086162579652115800373982252126017        0.163028307451077709687107908018180141      
   2.74119937775639831101453771749000410        0.162570215173218669851763342246895255      
   2.73151007518508396705778856511042330        0.162116285602453330597392168613756768      
   2.72179381371208277531016317098216436        0.161666475043367634276595281282752716      
   2.71205068923297286084861022267974192        0.161220740462435502447559307824069633      
   2.70228079790845937400887285746913392        0.160779039475958831439101537181382216      
   2.69248423616342542304730203593421578        0.160341330338273478864297874706551021      
   2.68266110068598039947287819543023461        0.159907571930214454426663132200335146      
   2.67281148842650570544208594970417735        0.159477723747833725890746689693031692      
   2.66293549659669789263492719183265957        0.159051745891364242176973893833551235      
   2.65303322266860922205590559376459249        0.158629599054423960421109450412881373      
   2.64310476437368565422926992507347244        0.158211244513453842735148906051410218      
   2.63315021970180227928316458479780513        0.157796644117383961533259577146803755      
   2.62316968690029619644260300317531285        0.157385760277522019849667868150897992      
   2.61316326447299685247635287527952404        0.156978555957658755273133994571264212      
   2.60313105117925384866790128759578472        0.156574994664384853145152399680091591      
   2.59307314603296222590565244390698151        0.156175040437614146699155381983513502      
   2.58298964830158523751240064190907445        0.155778657841308029031583940310737351      
   2.57288065750517461945891615108913040        0.155385811954396144361743710166869040      
   2.56274627341538836763118145085729789        0.154996468361888564118404729989761172      
   2.55258659605450603184541966195195119        0.154610593146174787143422568740758852      
   2.54240172569444153632956570089881635        0.154228152878505032876576838356249698      
   2.53219176285575353641424346490931576        0.153849114610649421925941778590203395      
   2.52195680830665332120062897210639119        0.153473445866730760073538359682483189      
   2.51169696306201027199679959937246395        0.153101114635226759650625743501493778      
   2.50141232838235488633829313838023713        0.152732089361137646469587243958823720      
   2.49110300577287937743262709140272372        0.152366338938315211243931639141281146      
   2.48076909698243585889145821517036385        0.152003832701949471783805939462478483      
   2.47041070400253212463789455717503702        0.151644540421209216336491944121589110      
   2.46002792906632503390020687919860506        0.151288432292032799360258263715669104      
   2.44962087464761151122682319321593341        0.150935478930065658882187299145271233      
   2.43918964345981717148102891190315997        0.150585651363741119498786479887756337      
   2.42873433845498257979723560745308936        0.150238921027501137131144401157649983      
   2.41825506282274715650402334691276629        0.149895259755153730939301837397386250      
   2.40775191998933073704240479943772904        0.149554639773363934425092828124506589      
   2.39722501361651279693090356130180962        0.149217033695275181797349640132819107      
   2.38667444760060935185208418978629376        0.148882414514258127223226843545062853      
   2.37610032607144754295811704975243117        0.148550755597783973726572002289378400      
   2.36550275339133791751580703031282279        0.148222030681419465297881386991111596      
   2.35488183415404441503426125807970109        0.147896213862940770326712387621996261      
   2.34423767318375206904101689348710407        0.147573279596563556830030731192698566      
   2.33357037553403243469499572415287497        0.147253202687286630199774555921863631      
   2.32288004648680675244709734164914320        0.146935958285346572398318784311644708      
   2.31216679155130685798158698386257094        0.146621521880780887757495293710112381      
   2.30143071646303384869367742381904170        0.146309869298097224849007259916203555      
   2.29067192718271451698084636788925236        0.146000976691046306352866578320483843      
   2.27989052989525556064747147314843994        0.145694820537496259515120967582083016      
   2.26908663100869558074430408780288693        0.145391377634406098713786893082152585      
   2.25826033715315487718613994348899233        0.145090625092896168897734661522523233      
   2.24741175517978305251278006837383996        0.144792540333413414280531771740099072      
   2.23654099215970443418000793082339044        0.144497101080989390711341374557399059      
   2.22564815538296132578883905144915178        0.144204285360588992657518405377918702      
   2.21473335235745509768272682410185137        0.143914071492547916766459787772124527      
   2.20379669080788512736373285237039791        0.143626438088096933573813676496077709      
   2.19283827867468560019989152690145881        0.143341364044971087136017619594024788      
   2.18185822411296018091711663093242669        0.143058828543101989230472446735680227      
   2.17085663549141456639001225840168321        0.142778811040391420328154078964963719      
   2.15983362139128693026686105346025017        0.142501291268564493841390941017478289      
   2.14878929060527626998486952577780357        0.142226249229100683222799319339052450      
   2.13772375213646866675245275735936326        0.141953665189241053377569529655735103      
   2.12663711519726146909593898934088025        0.141683519678070078586764594833114834      
   2.11552948920828541058856815811679154        0.141415793482670468759144779884988475      
   2.10440098379732467240004723690695888        0.141150467644349464367206748242855710      
   2.09325170879823490132520903026525789        0.140887523454935097912435405467848069      
   2.08208177424985919397049966487450030        0.140626942453140956236929955731072120      
   2.07089129039494205779709322110786161        0.140368706420998013484253144692861614      
   2.05968036767904135973939955815106501        0.140112797380352139041221355051653254      
   2.04844911674943827313759320390008911        0.139859197589425918393084226000060784      
   2.03719764845404523374254701334791468        0.139607889539443457524875643701912520      
   2.02592607384031191557120395076880061        0.139358855951316873328485570526383363      
   2.01463450415412923740996362776554955        0.139112079772393203454161262999661587      
   2.00332305083873141078309693828005199        0.138867544173260499201809816724633103      
   1.99199182553359604022253208114750090        0.138625232544611894405940235704720485      
   1.98064094007334228669457825992134376        0.138385128494166471851865388792135379      
   1.96927050648662710505826920878597484        0.138147215843645776592637447115661365      
   1.95788063699503956644901722374161315        0.137911478625804852638138580839493956      
   1.94647144401199327650016939228417133        0.137677901081516705881110041874895516      
   1.93504304014161690033385102596690522        0.137446467656909121830314432631586711      
   1.92359553817764280527116672303777233        0.137217163000552791758467772304408809      
   1.91212905110229383223040683837917946        0.136989971960699725261395195693981495      
   1.90064369208516820680037623188422004        0.136764879582570950983789446465965988      
   1.88913957448212260099432282190307323        0.136541871105692530414126001335052785      
   1.87761681183415335670819550627272241        0.136320931961278932204282829912897922      
   1.86607551786627588192510424956228772        0.136102047769662836445245097798827563      
   1.85451580648640223072588939245872247        0.135885204337770459745431561527310879      
   1.84293779178421687818363233969241601        0.135670387656641512828631520732305569      
   1.83134158803005070123775554964604902        0.135457583898992922709763559047381637      
   1.81972730967375317666106600596827069        0.135246779416825471333654390529096252      
   1.80809507134356280725069292437291844        0.135037960739072521889318541142103290      
   1.79644498784497578739135716267343925        0.134831114569290022853879731952932457      
   1.78477717415961291915678648639412009        0.134626227783386998189961957750930450      
   1.77309174544408479013235732451381397        0.134423287427395750031323039096789060      
   1.76138881702885522415919975962087276        0.134222280715281017656531943123896700      
   1.74966850441710301621704806466603766        0.134023195026787353582038404640276132      
   1.73793092328358196268005395636030249        0.133826017905323994216106245617433664      
   1.72617618947347919819660371593696905        0.133630737055886518715471673432380702      
   1.71440441900127185046089326543539503        0.133437340343014605488582695050221050      
   1.70261572804958202416061701691834450        0.133245815788785211203871815441865775      
   1.69081023296803012540161666925302530        0.133056151570840512199377086957305738      
   1.67898805027208653792671494951465198        0.132868336020449962861502381445251117      
   1.66714929664192166246222642205837116        0.132682357620605839855833323152673448      
   1.65529408892125433054179275730063861        0.132498205004151655061438417015042106      
   1.64342254411619860417323310480865387        0.132315866951942833691433961637963825      
   1.63153477939410897273003129307585917        0.132135332391039067385944837455823941      
   1.61963091208242395846490032412942787        0.131956590392927765047848830127719724      
   1.60771105966750814205857088874750961        0.131779630171778036865485298824204912      
   1.59577533979349261963254424254534137        0.131604441082724659338221581461984145      
   1.58382387026111390267003060061746246        0.131431012620181481198538896167613647      
   1.57185676902655127230466207600881162        0.131259334416183741916022377165511001      
   1.55987415420026259945182395335578338        0.131089396238758785981985979373815079      
   1.54787614404581864227258960303092074        0.130921187990324667415878325321905772      
   1.53586285697873583247527245360133182        0.130754699706116149913330587121077513      
   1.52383441156530756197452300304960091        0.130589921552637618777743889283996721      
   1.51179092652143398144269971480627664        0.130426843826142431249491050304886564      
   1.49973252071145032230292966712639577        0.130265456951138242075749576264215310      
   1.48765931314695375372784785875391790        0.130105751478917851156123932762406602      
   1.47557142298562878622246297632748204        0.129947718086115129860805899134390605      
   1.46346896953007123338394205688499765        0.129791347573285592155135051358888154      
   1.45135207222661074344533669054754369        0.129636630863511185982957647643641285      
   1.43922085066413191222438906355848921        0.129483559001028889466875023518829545      
   1.42707542457289398911255710100576938        0.129332123149882705381893961067432461      
   1.41491591382334918775328409358010381        0.129182314592598656055556624707476030      
   1.40274243842495961307230934656914456        0.129034124728882389347599982609240244      
   1.39055511852501281633647243604136549        0.128887545074339014670690468176090757      
   1.37835407440743598993100446205431040        0.128742567259214796135772712175323677      
   1.36613942649160881355872511808727985        0.128599183027160337845897038936663211      
   1.35391129533117496357787431724514228        0.128457384234014904125750675825922054      
   1.34166980161285229720850139774409632        0.128317162846611525065084047819716572      
   1.32941506615524172335041344254971301        0.128178510941602545177242032492832095      
   1.31714720990763477176864686171275817        0.128041420704305280233404532069348464      
   1.30486635394881987241527297300340401        0.127905884427567454433116775881078980      
   1.29257261948588735666907875008884680        0.127771894510652097016338293404059211      
   1.28026612785303319228727806208882211        0.127639443458141584215540167298519025      
   1.26794700051036146387590647938141084        0.127508523878860519092204805144255930      
   1.25561535904268561069793394467015487        0.127379128484817148304198279991337905      
   1.24327132515832843365039418336508961        0.127251250090163021212558064712829275      
   1.23091502068792088325397753222853302        0.127124881610170602961836117360226825      
   1.21854656758319964051056478009734144        0.127000016060228559260730726787205627      
   1.20616608791580350249609352057663493        0.126876646554854436552709692634752368      
   1.19377370387606858456794529632022806        0.126754766306724467102961885605723812      
   1.18136953777182235107772135144074899        0.126634368625720234241516491559316538      
   1.16895371202717648649183698745535486        0.126515446917991938595857248068088264      
   1.15652634918131861883380922485703016        0.126397994685038011622868696097076363      
   1.14408757188730290737343959395207209        0.126282005522800828112439291120053872      
   1.13163750291083950649930330322732367        0.126167473120778274586391344765744157      
   1.11917626512908291772204765057365826        0.126054391261150935659414483968166428      
   1.10670398152941924176697624272521241        0.125942753817924665466079206660686046      
   1.09422077520825234272525126297102621        0.125832554756088316192461219364495721      
   1.08172676936978893624378356941591428        0.125723788130786400585008133123860968      
   1.06922208732482261374449970983534060        0.125616448086506470045553890537337547      
   1.05670685248951681467417589967658486        0.125510528856280994562294623818575675      
   1.04418118838418675879641152336533884        0.125406024760903535274481528447115258      
   1.03164521863208035054757868331177242        0.125302930208159004925900044201986998      
   1.01909906695815806748872963457198524        0.125201239692067815831169450848489567      
   1.00654285718787184489547050587935939        0.125100947792143719261734943459325010      
  0.993976713245942968537717420757587537        0.125002049172665144357301810324960722      
  0.981400759155138987711039897877919373        0.124904538581959848785491001981600139      
  0.968815119035049660590966131116289366        0.124808410851702697409737286232613363      
  0.956219917100861943991175331465202231        0.124713660896226389184914619597824480      
  0.943615277662134039615933660800216117        0.124620283711844956383818257991878340      
  0.931001325121568508906442308407895222        0.124528274376189864067371485254280034      
  0.918378183973784468589958863245438429        0.124437628047558541449122140473860447      
  0.905745978804088879049626227394434346        0.124348339964275180472070689537960669      
  0.893104834287246937641896809544676130        0.124260405444063640514903877757076479      
  0.880454875186251589097273543231276045        0.124173819883432301677029910672312809      
  0.867796226351092165148803305763378856        0.124088578757070712559115199172575626      
  0.855129012717522165541352484321596124        0.124004677617257881859761405745665957      
  0.842453359305826192583168660742890023        0.123922112093282066451148317199409116      
  0.829769391219586051409586582418849750        0.123840877890871911878478601531236402      
  0.817077233644446028136970671053545505        0.123760970791638804451433722881797482      
  0.804377011846877358093100212493401990        0.123682386652530297262089485634063453      
  0.791668851172941896318196989372886045        0.123605121405294475574313552986753622      
  0.778952877047055002538668385022530728        0.123529171055955130086010945435560383      
  0.766229214970747652823391824253919207        0.123454531684297609569099476386498048      
  0.753497990521427790139998747752370912        0.123381199443365227344156185900923640      
  0.740759329351140926036128066544167881        0.123309170558966098948618234849451830      
  0.728013357185330005678010137223329313        0.123238441329190291210557756394725711      
  0.715260199821594548486012664375997160        0.123169008123937165745661236266947047      
  0.702499983128449076613929502172961892        0.123100867384452802654383441307342201      
  0.689732833044080843525822021849318006        0.123034015622877392910539831009835677      
  0.676958875575106874931130466384367680        0.122968449421802490603049434052280397      
  0.664178236795330334345559459957919660        0.122904165433838018820316375940025518      
  0.651391042844496225551907510708617170        0.122841160381188925552991758033500245      
  0.638597419927046444241554875168395779        0.122779431055241388536713441772074233      
  0.625797494310874191123747476902733325        0.122718974316158470462981118826201233      
  0.612991392326077758796116626953444951        0.122659787092485128454666796294247821      
  0.600179240363713704676055017460557470        0.122601866380762484133843449312705060      
  0.587361164874549422298628791331159864        0.122545209245151263004672723861349000      
  0.574537292367815123292643370222775598        0.122489812817064314234041177821947425      
  0.561707749409955242352297091812364074        0.122435674294808124238468571656031725      
  0.548872662623379277527551507924273911        0.122382790943233239778506704175158145      
  0.536032158685212078161920371385969978        0.122331160093393518522359984943262341      
  0.523186364326043592811830836464141406        0.122280779142214127269727896366376511      
  0.510335406328678089487040161601795727        0.122231645552168210225815660943666521      
  0.497479411526882860556799181326514635        0.122183756850962151884986675699180366      
  0.484618506804136424671539955230596258        0.122137110631229361224525989951460724      
  0.471752819092376238054829255637125201        0.122091704550232506022319707621684523      
  0.458882475370745927525171872966947105        0.122047536329574128198786681588973742      
  0.446007602664342057611968051118355223        0.122004603754915573143967307811277130      
  0.433128328042960444134527667776233870        0.121962904675704168026106279658769831      
  0.420244778619842026617520001097054347        0.121922437004908586089174565339951008      
  0.407357081550418311920592030491961219        0.121883198718762335934359921079344806      
  0.394465364031056401464120162278885745        0.121845187856515316745401279506406250      
  0.381569753297803614437170009028705437        0.121808402520193382360524179913001547      
  0.368670376625131719377726343928379176        0.121772840874365859015413803827828273      
  0.355767361324680786519120559070857957        0.121738501145920963482889303707233966      
  0.342860834744002673300325841109324421        0.121705381623849070216456945325967440      
  0.329950924265304155441410802241206518        0.121673480659033777967448355117872128      
  0.317037757304189715988940433282324570        0.121642796664050728189711767838194575      
  0.304121461308404004739488944128336343        0.121613328112974129372526578948252888      
  0.291202163756573980452682291862593902        0.121585073541190943252253169681847822      
  0.278279992156950748268318936048433635        0.121558031545222690646900213775724808      
  0.265355074046151104745125573440754293        0.121532200782554836435971077886317408      
  0.252427536987898802941590260776553963        0.121507579971473714971311720714646038      
  0.239497508571765549962078405976695726        0.121484167890910958953888925689400795      
  0.226565116411911749394077567741124596        0.121461963380295396547136404101043220      
  0.213630488145827001064934825086803998        0.121440965339412383220366667672583695      
  0.200693751433070370548845637011883459        0.121421172728270536526401090532448602      
  0.187755033954010440857125584531834531        0.121402584566975843716655223707243107      
  0.174814463408565158746946150395049934        0.121385199935613113785060966923464914      
  0.161872167514941488085742724629494938        0.121369017974134747210035576145064681      
  0.148928274008374882710407306692339237        0.121354037882256798331838121158030391      
  0.135982910639868591222159888596644204        0.121340258919362306961700168432231551      
  0.123036205174932806159651230390285667        0.121327680404411877469687577615699725      
  0.110088285392323669994385663391401760        0.121316301715861485240948285221968951      
   9.71392790827821503939656624828136309E-0002  0.121306122291587492025426543947425924      
   8.41893140477727971999502025882851974E-0002  0.121297141628818853334873167854501566      
   7.12385180982223935682863434617127066E-0002  0.121289359284076502663646238408743758      
   5.82870190532585137213180595942460179E-0002  0.121282774873119898926966565399320628      
   4.53349447389479997612980380745301272E-0002  0.121277388070900725122553170912630408      
   3.23824229870353699961269975267524399E-0002  0.121273198611523727829499776091558013      
   1.94295816336811712287210279159210762E-0002  0.121270206288214688762445033381591928      
   6.47654851820028746196050737843424820E-0003  0.121268410953295521200116395455825528      
  -6.47654851819978252839568714990495236E-0003  0.121267812518166485705767707303724471      
  -1.94295816336806663001396981222406268E-0002  0.121268410953295521153460144317797662      
  -3.23824229870348650775125994177310103E-0002  0.121270206288214688669130228661456409      
  -4.53349447389474948576339145303859775E-0002  0.121273198611523727689521812623907560      
  -5.82870190532580088375874059420231372E-0002  0.121277388070900724935905140256172494      
  -7.12385180982218887094721582931547041E-0002  0.121282774873119898693639255004885830      
  -8.41893140477722923710352385796509074E-0002  0.121289359284076502383628130509673192      
  -9.71392790827816455999323772171198826E-0002  0.121297141628818853008150438079164941      
 -0.110088285392323165240216170183578479        0.121306122291587491651983059653559260      
 -0.123036205174932301450327249115728834        0.121316301715861484820765603552457981      
 -0.135982910639868086562662696523651861        0.121327680404411877002744943275373047      
 -0.148928274008374378105717689318915938        0.121340258919362306447974511185164701      
 -0.161872167514940983540840926525009603        0.121354037882256797771304053044798556      
 -0.174814463408564654266811826047232763        0.121369017974134746602665388419319459      
 -0.187755033954009936446737749199597260        0.121385199935613113130824626707146428      
 -0.200693751433069866213182617584449055        0.121402584566975843015520370363675605      
 -0.213630488145826496808974210949630196        0.121421172728270535778333031756503581      
 -0.226565116411911245222796161649105956        0.121440965339412382425328375297030433      
 -0.239497508571765045880452174935129861        0.121461963380295395705088509618142281      
 -0.252427536987898298954594286930355948        0.121484167890910958064789715486730794      
 -0.265355074046150600857734004972404487        0.121507579971473714035117131024089322      
 -0.278279992156950244485504938085143254        0.121532200782554835452634689445064143      
 -0.291202163756573476779417997393172985        0.121558031545222689616373246198089351      
 -0.304121461308403501180745404930248351        0.121585073541190942174484475540624733      
 -0.317037757304189212549687570859412370        0.121613328112974128247462637564272598      
 -0.329950924265303652126617358772573639        0.121642796664050727017296678776672097      
 -0.342860834744002170114959330409855528        0.121673480659033776747623831390073643      
 -0.355767361324680283468147217563862952        0.121705381623849068949162306294651160      
 -0.368670376625131216466111081630844877        0.121738501145920962168061467694253146      
 -0.381569753297803111669876360549638086        0.121772840874365857652987280422214178      
 -0.394465364031055898846110237831228048        0.121808402520193380950431061977774050      
 -0.407357081550417809456826466918567908        0.121845187856515315287571234882288773      
 -0.420244778619841524312957912911209473        0.121883198718762334428720183983489277      
 -0.433128328042959941994126598217191556        0.121922437004908584535649927457705468      
 -0.446007602664341555640683923222392525        0.121962904675704166424619080926448905      
 -0.458882475370745425727958940654399933        0.122004603754915571494437426887821901      
 -0.471752819092375736436640054815905140        0.122047536329574126501131526014312502      
 -0.484618506804135923237325254916659857        0.122091704550232504276454203659531220      
 -0.497479411526882359311507934781771995        0.122137110631229359430362572114211409      
 -0.510335406328677588435619457489939861        0.122183756850962150042435275952490885      
 -0.523186364326043091959225850024879822        0.122231645552168208334783697588216846      
 -0.536032158685211577513074315628142400        0.122280779142214125330120262594248408      
 -0.548872662623378777087405584838334564        0.122331160093393516534079037066276957      
 -0.561707749409954742125790443602713939        0.122382790943233237741452249522439273      
 -0.574537292367814623284713030560421710        0.122435674294808122152537856137979110      
 -0.587361164874548922514209636627186980        0.122489812817064312099128873157720809      
 -0.600179240363713205120079718160890018        0.122545209245151260820670914466880415      
 -0.612991392326077259473515598855380759        0.122601866380762481900641618846170990      
 -0.625797494310873692039448832493730888        0.122659787092485126172151813855847041      
 -0.638597419927045945400484374987592605        0.122718974316158468131037224808996615      
 -0.651391042844495726958988514731562899        0.122779431055241386155222233360567549      
 -0.664178236795329836005712879004999951        0.122841160381188923121832174346519883      
 -0.676958875575106376849274713553401602        0.122904165433838016339364682814414666      
 -0.689732833044080345706872963972805885        0.122968449421802488072179208463781518      
 -0.702499983128448579062800411300464911        0.123034015622877390329621945127472358      
 -0.715260199821594051207614169282125369        0.123100867384452800023286046177504368      
 -0.728013357185329508677250174941817910        0.123169008123937163064249745123288377      
 -0.740759329351140429317911833928520626        0.123238441329190288478694827589883679      
 -0.753497990521427293709228653063547652        0.123309170558966096166163754404500840      
 -0.766229214970747156684967438775544549        0.123381199443365224510967249668370006      
 -0.778952877047054506697486394704104387        0.123454531684297606685030371822522266      
 -0.791668851172941400779151146501469126        0.123529171055955127150913132977107451      
 -0.804377011846876862861081287394257698        0.123605121405294472588035647028965137      
 -0.817077233644445533216866403820210188        0.123682386652530294224477235103437028      
 -0.829769391219585556806281634673111605        0.123760970791638801362329991400348754      
 -0.842453359305825698301544567425151283        0.123840877890871908737723347166826188      
 -0.855129012717521671586287605512093540        0.123922112093282063258578571797285349      
 -0.867796226351091671525172778534739168        0.124004677617257878615211253836152449      
 -0.880454875186251095809949233532881359        0.124088578757070709262415756449723116      
 -0.893104834287246444695747264119313753        0.124173819883432298328009302038206148      
 -0.905745978804088386449516625727706306        0.124260405444063637113387214926370839      
 -0.918378183973783976340750969548403687        0.124348339964275177017880048197093880      
 -0.931001325121568017012994423633419703        0.124437628047558537942076536989262807      
 -0.943615277662133548083100574693503854        0.124528274376189860507286852923773074      
 -0.956219917100861452823808274648980734        0.124620283711844952770507422833323043      
 -0.968815119035049169793912727211120576        0.124713660896226385518187275668945328      
 -0.981400759155138497289144115658115195        0.124808410851702693689399970475788151      
 -0.993976713245942478495819526343188596        0.124904538581959845011347068587266577      
  -1.00654285718787135523840701496466601        0.125002049172665140529151404607149148      
  -1.01909906695815757822133326469109915        0.125100947792143715379374975236682461      
  -1.03164521863207986167467830614162526        0.125201239692067811894393567324013126      
  -1.04418118838418627032283211706667938        0.125302930208159000934498602334534047      
  -1.05670685248951632660473850127339128        0.125406024760903531228241566807606409      
  -1.06922208732482212608402136763313213        0.125510528856280990460999833923649495      
  -1.08172676936978844899707729545942865        0.125616448086506465888984587653057062      
  -1.09422077520825185589712598554173361        0.125723788130786396372941226531911012      
  -1.10670398152941875536223675887913669        0.125832554756088311924670182083143512      
  -1.11917626512908243174549457871996734        0.125942753817924661142334044612609850      
  -1.13163750291083902095573303574816527        0.126054391261150931279481704587084272      
  -1.14408757188730242226764424986411684        0.126167473120778270150033925033600063      
  -1.15652634918131813417057660251519185        0.126282005522800823619416645026338755      
  -1.16895371202717600227595051729915299        0.126397994685038007072936641511679258      
  -1.18136953777182186731396004878378296        0.126515446917991933988767973018885921      
  -1.19377370387606810126108371418322318        0.126634368625720229577018519905519873      
  -1.20616608791580301965090170256453349        0.126754766306724462380800042097804864      
  -1.21854656758319915813180821332089759        0.126876646554854431772625067351577221      
  -1.23091502068792040134641710027087832        0.127000016060228554422460638940796065      
  -1.24327132515832795221878611929373471        0.127124881610170598065114078458366788      
  -1.25561535904268512974702978409488899        0.127251250090163016257113741069520799      
  -1.26794700051036098341045301355856422        0.127379128484817143289757454574895488      
  -1.28026612785303271231201729107235175        0.127508523878860514018489338752608021      
  -1.29257261948588687718874783592871025        0.127639443458141579082267959051060069      
  -1.30486635394881939343460419299168385        0.127771894510652091823223240539165919      
  -1.31714720990763429329236756167799459        0.127905884427567449179868732848169308      
  -1.32941506615524124538324599019990837        0.128041420704305274919729268904122042      
  -1.34166980161285181975516313605885344        0.128178510941602539802841192464084971      
  -1.35391129533117448664307751791739385        0.128317162846611519629655104335873096      
  -1.36613942649160833714717693501506818        0.128457384234014898628986888589170161      
  -1.37835407440743551404740688488307983        0.128599183027160332287487409332317102      
  -1.39055511852501234098552224375722171        0.128742567259214790515401937883770897      
  -1.40274243842495913825869806114354394        0.128887545074339008988038896994406491      
  -1.41491591382334871348169793366642341        0.129034124728882383602343565469271581      
  -1.42707542457289351538767693568822182        0.129182314592598650247366867876913494      
  -1.43922085066413143905089036615383558        0.129332123149882699510437877520092925      
  -1.45135207222661027082788949246005801        0.129483559001028883531815083460075355      
  -1.46346896953007076132721090151514265        0.129636630863511179983951728176555147      
  -1.47557142298562831473110687303474902        0.129791347573285586091836385276509115      
  -1.48765931314695328280652023687428497        0.129947718086115123732863022822997419      
  -1.49973252071144985195627833004486081        0.130105751478917844963180633200506303      
  -1.51179092652143351167536679408491111        0.130265456951138235817444837101560144      
  -1.52383441156530709279114491261158756        0.130426843826142424925458997005499510      
  -1.53586285697873536388047984397143086        0.130589921552637612387613733316834694      
  -1.54787614404581817427100731563281843        0.130754699706116143456726569181602372      
  -1.55987415420026213204807097486677395        0.130921187990324660892419657567466235      
  -1.57185676902655080550335149277226373        0.131089396238758779391286786655365572      
  -1.58382387026111343647576955311351985        0.131259334416183735257691637237809454      
  -1.59577533979349215404993387992030603        0.131431012620181474472180378859645718      
  -1.60771105966750767709220632340235617        0.131604441082724652543433786788957934      
  -1.61963091208242349411937058636790108        0.131779630171778030001861394022046920      
  -1.63153477939410850900991928581259723        0.131956590392927758114976585590580771      
  -1.64342254411619814108311555833778496        0.132135332391039060383406561556669556      
  -1.65529408892125386808624018412530313        0.132315866951942826618806434411881081      
  -1.66714929664192120064580307178160651        0.132498205004151647918292822684439888      
  -1.67898805027208607675397876379209305        0.132682357620605832641735181473088744      
  -1.69081023296802966487711923680785960        0.132868336020449955576011477849996890      
  -1.70261572804958156428890352861896922        0.133056151570840504842047401478707918      
  -1.71440441900127139124650246943621752        0.133245815788785203774251450386337009      
  -1.72617618947347873964406787288279796        0.133437340343014597986213801403906474      
  -1.73793092328358150479389879465475897        0.133630737055886511139890375973586154      
  -1.74966850441710255900179273580444886        0.133826017905323986566842566711508531      
  -1.76138881702885476761935679358806981        0.134023195026787345858616186692072430      
  -1.77309174544408433427243258524727924        0.134222280715281009858468769662360217      
  -1.78477717415961246398127912731293486        0.134423287427395742158130154465660696      
  -1.79644498784497533290475958227345092        0.134626227783386990241144185378940545      
  -1.80809507134356235345749072188858375        0.134831114569290014828935391176264719      
  -1.81972730967375272356573793710159936        0.135037960739072513787739362551279185      
  -1.83134158803005024884477348236309837        0.135246779416825463154925429811792844      
  -1.84293779178421642649746121008775343        0.135457583898992914453363109298039503      
  -1.85451580648640177975098716068831249        0.135670387656641504494031023198710942      
  -1.86607551786627543166592185584522605        0.135885204337770451332095514763647548      
  -1.87761681183415290716917682696224822        0.136102047769662827952630965193986098      
  -1.88913957448212215217990462562730955        0.136320931961278923631840945562105307      
  -1.90064369208516775871498813575705086        0.136541871105692521761299474222141118      
  -1.91212905110229338487847126428172573        0.136764879582570942250014062922836409      
  -1.92359553817764235865709885397086636        0.136989971960699716446099320103036164      
  -1.93504304014161645446205876247502097        0.137217163000552782861072246008921034      
  -1.94647144401199283137505330895122666        0.137446467656909112850232471018154908      
  -1.95788063699503912207497052575907006        0.137677901081516696817747129591281198      
  -1.96927050648662666143967768859368334        0.137911478625804843490892365110276279      
  -1.98064094007334184383582025392153606        0.138147215843645767360897629117249965      
  -1.99199182553359559812797842649238463        0.138385128494166462535013613047769149      
  -2.00332305083873096945711092973340516        0.138625232544611885003349977459141506      
  -2.01463450415412879685690097463876905        0.138867544173260489712846267257162150      
  -2.02592607384031147579541273393180548        0.139112079772393193878181212833412132      
  -2.03719764845404479474836764231534532        0.139358855951316863664837290490335941      
  -2.04844911674943783492935837399321884        0.139607889539443447772898763801529192      
  -2.05968036767904092232143420773584248        0.139859197589425908552109612051047912      
  -2.07089129039494162117371448890952054        0.140112797380352129110570983030382560      
  -2.08208177424985875814601684736913697        0.140368706420998003463239972755828962      
  -2.09325170879823446630392353914882074        0.140626942453140946124857793854615460      
  -2.10440098379732423818625255664204597        0.140887523454935087708598782658151643      
  -2.11552948920828497718654980355769743        0.141150467644349454070890777265047526      
  -2.12663711519726103650997446343729054        0.141415793482670458369625019458876532      
  -2.13772375213646823498681150893912896        0.141683519678070068103306909241818960      
  -2.14878929060527583904381290740920746        0.141953665189241042799429945712140729      
  -2.15983362139128650015464227939417075        0.142226249229100672549223880653650208      
  -2.17085663549141413711087636259409497        0.142501291268564483071615559509749990      
  -2.18185822411295975247530042514762265        0.142778811040391409461404383559034146      
  -2.19283827867468517259962355889643094        0.143058828543101978265963629179472571      
  -2.20379669080788470060923336416077847        0.143341364044971076072954277339634214      
  -2.21473335235745467177820771030982672        0.143626438088096922411389652577512163      
  -2.22564815538296090073850381773376678        0.143914071492547905503858007614950725      
  -2.23654099215970400998805165239363815        0.144204285360588981293910710473696602      
  -2.24741175517978262918338934858496886        0.144497101080989379245888352934084749      
  -2.25826033715315445472349287252241696        0.144792540333413402712382585157845192      
  -2.26908663100869515915257020143012808        0.145090625092896157226026869322504664      
  -2.27989052989525513993081171157948564        0.145391377634406086937646272614192043      
  -2.29067192718271409714341303470576527        0.145694820537496247633661331134946061      
  -2.30143071646303342973961414499278938        0.146000976691046294365189586476749921      
  -2.31216679155130643991502866685951833        0.146309869298097212754202231251604043      
  -2.32288004648680633527217013461958184        0.146621521880780875554639010755148135      
  -2.33357037553403201841581697520800637        0.146935958285346560086475295691159506      
  -2.34423767318375165366169511006247840        0.147253202687286617777994974586050886      
  -2.35488183415404400055889606638590264        0.147573279596563544297353028650753553      
  -2.36550275339133750394848913487382049        0.147896213862940757682161184087296817      
  -2.37610032607144713030292819303197169        0.148222030681419452540467737344409527      
  -2.38667444760060894011309711190275454        0.148550755597783960855293177764014640      
  -2.39722501361651238611218195983189432        0.148882414514258114237066109035674209      
  -2.40775191998933032714800328930941632        0.149217033695275168695276027026386159      
  -2.41825506282274674753798742038789908        0.149554639773363921206060902549892419      
  -2.42873433845498217176360159419999289        0.149895259755153717602251463786738033      
  -2.43918964345981676438382393915970377        0.150238921027501123675000501010171412      
  -2.44962087464761110507006514604340592        0.150585651363741105922458785623410169      
  -2.46002792906632462868790436082681801        0.150935478930065645184570102932932168      
  -2.47041070400253172037404684943902009        0.151288432292032785540230161157114898      
  -2.48076909698243545558005523903907563        0.151644540421209202392915572669492839      
  -2.49110300577287897507764936760013727        0.152003832701949457715527711447236361      
  -2.50141232838235448494371174809921096        0.152366338938315197049781469278084362      
  -2.51169696306200987156657614508177262        0.152732089361137632148378271202847362      
  -2.52195680830665292173871553845130679        0.153101114635226745201154047115433003      
  -2.53219176285575313792458257970613085        0.153473445866730745494582669376910391      
  -2.54240172569444113881609029622368199        0.153849114610649407216263178593345949      
  -2.55258659605450563531205303532443068        0.154228152878505018034918465265793243      
  -2.56274627341538797208183722651899826        0.154610593146174772168509303006160415      
  -2.57288065750517422489749824137781579        0.154996468361888549008942880869306718      
  -2.58298964830158484394280320872862598        0.155385811954396129116420693999324918      
  -2.59307314603296183333175986029358981        0.155778657841308013649067951936921354      
  -2.60313105117925345709358809938075861        0.156175040437614131178095059148444272      
  -2.61316326447299646190548376284908482        0.156574994664384837484176480241556738      
  -2.62316968690029580687903274332776244        0.156978555957658739470850966335677977      
  -2.63315021970180189073073801269843170        0.157385760277522003904665611152185235      
  -2.64310476437368526669182189630758255        0.157796644117383945444104998178752630      
  -2.65303322266860883553726094648903221        0.158211244513453826500387565258464199      
  -2.66293549659669750713890070902620822        0.158629599054423944039265179738696611      
  -2.67281148842650532097248232151717903        0.159051745891364225646548407120812182      
  -2.68266110068598001603349198163384031        0.159477723747833709210219184221996029      
  -2.69248423616342504064191762846961408        0.159907571930214437594489881447358683      
  -2.70228079790845899264126444309712608        0.160341330338273461878911812097416395      
  -2.71205068923297248052254174573104687        0.160779039475958814298911830607617258      
  -2.72179381371208239602938829620880281        0.161220740462435485150950924683579959      
  -2.73151007518508358882605064063856781        0.161666475043367616821928543799005863      
  -2.74119937775639793383556973787463731        0.162116285602453312983002299180427146      
  -2.75086162579652078188126439190303252        0.162570215173218652075959998537307680      
  -2.76049672394296478429042575627742901        0.163028307451077691748174707591059787      
  -2.77010457710120108214505510954794246        0.163490606805665455102113233134384588      
  -2.77968509044559785089048697037316062        0.163957158293451100769523662902963811      
  -2.78923816942035619103884117099228585        0.164428007670638697161474752677919500      
  -2.79876371974044335573044048034760296        0.164903201406363247057021612629492042      
  -2.80826164739252330594261450487353626        0.165382786696189842260580309491316976      
  -2.81773185863588458416168563639365130        0.165866811475924069678278322424555414      
  -2.82717426000336549736039850237988976        0.166355324435742040146350244334841835      
  -2.83658875830227660014961044282366830        0.166848375034648670012965510452223844      
  -2.84597526061532046899970672804837110        0.167346013515273113165370749554188212      
  -2.85533367430150875845394027997016511        0.167848290919010518257976567718131149      
  -2.86466390699707653028272130171500807        0.168355259101519572700175105979076154      
  -2.87396586661639384655479719236579383        0.168866970748585591887193299588638140      
  -2.88323946135287461762826715930507609        0.169383479392359219601661183076476408      
  -2.89248459967988269609146877361661170        0.169904839427981123893624203608485668      
  -2.90170119035163520771095507691790820        0.170431106130603402496423325015351796      
  -2.91088914240410311047105047254680409        0.170962335672818753408195116949150752      
  -2.92004836515590897281683125107786306        0.171498585142508820136625695571854945      
  -2.92917876820922196223982193969019477        0.172039912561123487761838805570178298      
  -2.93828026145065003537323145607292023        0.172586376902403285934623721707753983      
  -2.94735275505212932079117301860036572        0.173138038111557448733294040327308422      
  -2.95639615947181068573401864283808525        0.173694957124910589515082027354277354      
  -2.96541038545494347800983256659749010        0.174257195890031372105150133544462221      
  -2.97439534403475643434970781743024200        0.174824817386356998482586307822886691      
  -2.98335094653333574652279609248074164        0.175397885646327788190506265585009347      
  -2.99227710456250027654487288498320406        0.175976465777046596688175475812889233      
  -3.00117373002467391234241708753942901        0.176560623982478309479099891483801493      
  -3.01004073511375505526240685194068764        0.177150427586205156824715535264497629      
  -3.01887803231598323084634101015694923        0.177745945054754120956831706899362421      
  -3.02768553441080281431538758182518833        0.178347246021513254737054339995015061      
  -3.03646315447172386224203752990589805        0.178954401311254298519040958334809340      
  -3.04521080586718004191220269709041021        0.179567482965279571429822074851188504      
  -3.05392840226138364991034147914773537        0.180186564267211725320971971473417157      
  -3.06261585761517771148892398498771745        0.180811719769445585213844619494159190      
  -3.07127308618688515231235991325150110        0.181443025320281960185672620853865191      
  -3.07990000253315503419440685736304513        0.182080558091763994373223347828131751      
  -3.08849652150980584647705395000983509        0.182724396608237340216470443210195925      
  -3.09706255827266584472793538797368067        0.183374620775656176387941635472164593      
  -3.10559802827841042846247015229687485        0.184031311911657862271412370857060438      
  -3.11410284728539654962614786932732747        0.184694552776429820642528466295897335      
  -3.12257693135449414360168595681328783        0.185364427604393071701696496758191056      
  -3.13102019684991457453516967668331569        0.186041022136727706219235251878969156      
  -3.13943256044003608680475418241770199        0.186724423654766484745986387520712223      
  -3.14781393909822625448505581316151808        0.187414721014283685163256838579979776      
  -3.15616425010366142068998845731840203        0.188112004680707293914186438434904793      
  -3.16448341104214311870650949287616520        0.188816366765283648774752218569643723      
  -3.17277133980691146686152831693743652        0.189527901062224694771619439123394958      
  -3.18102795459945552909409850886049300        0.190246703086869111710160947680628674      
  -3.18925317393032063323496193527159727        0.190972870114889713707562779700887158      
  -3.19744691661991263902553930542329030        0.191706501222580710200708166117163949      
  -3.20560910179929914793856652559660527        0.192447697328259656288991262790430736      
  -3.21373964891100764689275938435651059        0.193196561234820210261499708940263558      
  -3.22183847770982057798415032857322965        0.193953197673473160146077167494720573      
  -3.22990550826356732638708006455122317        0.194717713348714581627950973669744651      
  -3.23794066095391311860824313992932496        0.195490216984561449371515634792340496      
  -3.24594385647714482330768023003171919        0.196270819372096545431818097295173400      
  -3.25391501584495364693118026610123973        0.197059633418366094999132146364539611      
  -3.26185406038521471642920250061591822        0.197856774196675214271407920430793971      
  -3.26976091174276354136815180420396086        0.198662358998327981048675953136269147      
  -3.27763549188016934777063962630565067        0.199476507385860739116062424844596930      
  -3.28547772307850527605223782370805084        0.200299341247819126235347813053046855      
  -3.29328752793811543545318266267835810        0.201130984855131276399018070582189432      
  -3.30106482937937880739451142617916928        0.201971564919131693919463655852451416      
  -3.30880955064346999021921390135847785        0.202821210651292434149224035895844880      
  -3.31652161529311677781015527722585691        0.203680053824720457604462051895186748      
  -3.32420094721335456460777534047685107        0.204548228837482355683937532805260626      
  -3.33184747061227756958189101040124878        0.205425872777820081987094313458488716      
  -3.33946111002178687174332489257080460        0.206313125491323868657051172156959968      
  -3.34704179029833524981255134568571359        0.207210129650131167715385886955100180      
  -3.35458943662366881869409323598227555        0.208117030824223238829718279969105443      
  -3.36210397450556545543701678766307219        0.209033977554893913500973253467097391      
  -3.36958532977857000739355841388586890        0.209961121430468107758099931715033690      
  -3.37703342860472627531967581820565707        0.210898617164350837952921949365944131      
  -3.38444819747430576419314567756304522        0.211846622675490824394024842134629236      
  -3.39182956320653319455673154080228541        0.212805299171346252995967664131479118      
  -3.39917745295030876722591788643019837        0.213774811233443913936726370635864495      
  -3.40649179418492717423274926433957012        0.214755326905626757066031219226234521      
  -3.41377251472079334890942678226576272        0.215747017785088905539269903752612523      
  -3.42101954270013494804749757187774501        0.216750059116301361441681069880550395      
  -3.42823280659771155910072596398761483        0.217764629887936030151733396369366749      
  -3.43541223522152062543205759907082387        0.218790912932900294603187239801375477      
  -3.44255775771350008263747927911288707        0.219829095031599197809389226735503187      
  -3.44966930355022769901203771004536526        0.220879367018547354053752209018928832      
  -3.45674680254361711325580907033408401        0.221941923892458018789976448157544090      
  -3.46379018484161056255020824958966171        0.223016964929942318064391447618471627      
  -3.47079938092886829416769130966637061        0.224104693802957484518608472933598179      
  -3.47777432162745465381063690721251048        0.225205318700149083973202091682091683      
  -3.48471493809752084390799175798038966        0.226319052452238660382210180714887966      
  -3.49162116183798434513113139568051912        0.227446112661614994726128195541463963      
  -3.49849292468720499442332015739672341        0.228586721836294283379401301305149312      
  -3.50533015882365771287015318853449584        0.229741107528422012979987865501361736      
  -3.51213279676660187677142797726841471        0.230909502477497162384480393125247447      
  -3.51890077137674732530802317515062905        0.232092144758507619744780627914030026      
  -3.52563401585691699823055790995896451        0.233289277935174387303889590449131860      
  -3.53233246375270619702986512137446556        0.234501151218511282867382490553553502      
  -3.53899604895313846308263732141830678        0.235728019630916461330893133420578958      
  -3.54562470569131806629899227084372913        0.236970144176022200089442322828070472      
  -3.55221836854507909783215904033342191        0.238227792014540048387702426404083432      
  -3.55877697243763116044400146122892213        0.239501236646349664394719662698597022      
  -3.56530045263820165015367573382172385        0.240790758099091488781460090004140867      
  -3.57178874476267462283036162054693287        0.242096643123535865849028023638531919      
  -3.57824178477422623942471187470019678        0.243419185396014361189571921570103532      
  -3.58465950898395678356743200989022769        0.244758685728212879410124160381673467      
  -3.59104185405151924529723186807136878        0.246115452284640800307903848238823262      
  -3.59738875698574446471428136079140677        0.247489800808105773698740966906913601      
  -3.60370015514526282938925490474931349        0.248882054853540091680289866737559098      
  -3.60997598623912251939206211379210729        0.250292546030541745673931221226798700      
  -3.61621618832740429383843590939428505        0.251721614255011431007609340189720831      
  -3.62242069982183281288668303416489364        0.253169608010285944884883525530165229      
  -3.62858945948638448915109566112898827        0.254636884618188699375262981043434600      
  -3.63472240643789186253277604795405668        0.256123810520439509156607687733196035      
  -3.64081948014664449250293865187208109        0.257630761570888488648808869262505775      
  -3.64688062043698636190812545913400821        0.259158123339062884693487447482074050      
  -3.65290576748790978640120015319445124        0.260706291425541064551040627853961183      
  -3.65889486183364582363647480865132353        0.262275671789694766344624321966929627      
  -3.66484784436425117640186871287470868        0.263866681090369198453066738694261251      
  -3.67076465632619158389560234329728613        0.265479747040100751172673001688705399      
  -3.67664523932292169538959012398321846        0.267115308773504071394445349358170543      
  -3.68248953531546142055641300825756443        0.268773817230494170595770169810395257      
  -3.68829748662296875077152584221686976        0.270455735555045218673169379419862953      
  -3.69406903592330904573718451364943813        0.272161539510225861363314053622308021      
  -3.69980412625362077980946373851209256        0.273891717910291438103093987639981021      
  -3.70550270101087774244467763833001680        0.275646773070656532502892282628149064      
  -3.71116470395244768721651167185074250        0.277427221276617033887818375203726185      
  -3.71679007919664742389022565759235847        0.279233593271739513778340666732702417      
  -3.72237877122329434807539321463832026        0.281066434766887428490599162142190760      
  -3.72793072487425440301380261066910368        0.282926306970908666811586608728287094      
  -3.73344588535398646809435739177255993        0.284813787144067505692945707015742679      
  -3.73892419823008316872208193049827149        0.286729469175366371513205633185785327      
  -3.74436560943380810220365681884791491        0.288673964184969204364307877425622598      
  -3.74977006526062947434728150283137275        0.290647901153008984761477719261108915      
  -3.75513751237075014151008635575524299        0.292651927576137426893917158283211999      
  -3.76046789778963405286179316891786940        0.294686710153255316899671505108725293      
  -3.76576116890852908766885145072168244        0.296752935501947854008185924100157812      
  -3.77101727348498628243885761772826812        0.298851310907241043139073599657900248      
  -3.77623615964337544280069478271708663        0.300982565104393129931896864866873513      
  -3.78141777587539713503151204370523894        0.303147449097539740433846939000586745      
  -3.78656207104059105217739360198409411        0.305346737016123305395164341299921585      
  -3.79166899436684074975034933387425461        0.307581227011157075057904208604505074      
  -3.79673849545087474602008925694623834        0.309851742193502174488849626350788137      
  -3.80177052425876398195492431326477613        0.312159131616473374754728752725518357      
  -3.80676503112641563590206468566875594        0.314504271305236282288209324404562786      
  -3.81172196676006328813356411359396720        0.316888065335616261790669764969773119      
  -3.81664128223675343042018402740091904        0.319311446965108460667905015580486223      
  -3.82152292900482831583152441902947915        0.321775379819059725350782424920415919      
  -3.82636685888440514399688885603897062        0.324280859135188005824727133451852654      
  -3.83117302406785157709751856921199424        0.326828913069814140363760280401939467      
  -3.83594137712025758189704474394385584        0.329420604069405905311640754944358118      
  -3.84067187097990359315326866518737733        0.332057030311276223864812226179128989      
  -3.84536445895872499379068584689857281        0.334739327217537895245720535227885488      
  -3.85001909474277290724952236140165619        0.337468669046697709044981948452919155      
  -3.85463573239267129746344891308188504        0.340246270567575076094446279213670467      
  -3.85921432634407037195458041509480217        0.343073388820556229462037377509355135      
  -3.86375483140809628357085556768057386        0.345951324971546702089975336481635694      
  -3.86825720277179712642742184208300922        0.348881426264364448283859280018928993      
  -3.87272139599858522165022598444909834        0.351865088077726145393546405004462134      
  -3.87714736702867568855662830844900799        0.354903756093422638116598525920005619      
  -3.88153507217952129694452028230190959        0.357998928582759194260957769162477061      
  -3.88588446814624359619812887358829082        0.361152158818855555994826372700248322      
  -3.89019551200206031695543743142116670        0.364365057622963362068598761542870519      
  -3.89446816119870904111894119756564735        0.367639296053568428726932422091591435      
  -3.89870237356686713602828548285278459        0.370976608247707074262838212502688381      
  -3.90289810731656794865020575923283873        0.374378794424644086304840683731385499      
  -3.90705532103761325567810103715113204        0.377847724062840515521403798631778035      
  -3.91117397369998196547052455829865703        0.381385339261988270440347670275072484      
  -3.91525402465423506779486867048190030        0.384993658302812172418862165207571590      
  -3.91929543363191682737955339926741487        0.388674779418346122642587356584076259      
  -3.92329816074595221731510032468934013        0.392430884791486565230582467401121778      
  -3.92726216649104058838158454477569669        0.396264244794822647466292507642648515      
  -3.93118741174404557041710739467955150        0.400177222490048551775599051537103393      
  -3.93507385776438120187912082413974649        0.404172278405690729760341533147983230      
  -3.93892146619439428378766054980982369        0.408251975613443829503315217234484901      
  -3.94273019905974295427680892527552125        0.412418985125118058248730508193594865      
  -3.94650001876977148001800954255169646        0.416676091634073296407094615524328844      
  -3.95023088811788126081619352636233422        0.421026199627069069501799873850973774      
  -3.95392277028189804371705193805189885        0.425472339894714189647177022059526286      
  -3.95757562882443534300119930068193148        0.430017676471177575919363327941884394      
  -3.96118942769325406247841962150600498        0.434665514036547230529729569305979651      
  -3.96476413122161831653266805300840687        0.439419305818225424336576124974901407      
  -3.96829970412864744640601812910738504        0.444282662031056150147712510667420753      
  -3.97179611151966422824729596868675438        0.449259358899531114588282779480532034      
  -3.97525331888653926948872858371254006        0.454353348309452750593499359451796583      
  -3.97867129210803159015155309285785247        0.459568768140891883889340944558095376      
  -3.98204999745012538571918685250859747        0.464909953339214604338391395248520267      
  -3.98538940156636296825424490363279191        0.470381447786425138946915203081993523      
  -3.98868947149817388247341032331791366        0.475988017041144381604790803035178811      
  -3.99195017467520019353191469154053102        0.481734662022291354935716422380711180      
  -3.99517147891561794330716956433726705        0.487626633719041607224953058480689931      
  -3.99835335242645477200890521108626786        0.493669449017998471795408365429974676      
  -4.00149576380390370198101955286130776        0.499868907747839878037238754533284322      
  -4.00459868203363308059821785725511335        0.506231111052120306123806317107251613      
  -4.00766207649109267919843192884753383        0.512762481212557960872157413939907921      
  -4.01068591694181594502994590947947134        0.519469783058185781642219205559379977      
  -4.01367017354171840323012399424838162        0.526360147110380431373847111678351294      
  -4.01661481683739220589063300293520781        0.533441094630223314008528626611780800      
  -4.01951981776639682530207944738421652        0.540720564753142563958342595068514760      
  -4.02238514765754588850903612787841604        0.548206943916624268936034573117500254      
  -4.02521077823119015034451700019255916        0.555909097810299845951870713513573189      
  -4.02799668159949660215107070389239182        0.563836406104302799882025343839164548      
  -4.03074283026672371343380235543618958        0.571998800241893179882483636192631894      
  -4.03344919712949280372879961030412896        0.580406804616497101549885850341863533      
  -4.03611575547705554200863221004562993        0.589071581492114444352503098877804074      
  -4.03874247899155757098481387584302531        0.598004980070226678162055837423476984      
  -4.04132934174829825370536111272912517        0.607219590156728267005020831037714343      
  -4.04387631821598653988385487049695509        0.616728800939995377337952007038751603      
  -4.04638338325699294943470769087899707        0.626546865457155776573549564980692984      
  -4.04885051212759767072766057777780469        0.636688971401304317248711597680876178      
  -4.05127768047823477111287997998124840        0.647171319009440988339647822086916649      
  -4.05366486435373251730639559543262964        0.658011206871217258546458283384198797      
  -4.05601204019354980326401381404912619        0.669227126614450329511676544526996173      
  -4.05831918483200868321025913335695044        0.680838867557534687943587063652336415      
  -4.06058627549852300752733642867305269        0.692867632574613115532837478832262214      
  -4.06281328981782315924757015781822746        0.705336166600585629636603059755344757      
  -4.06500020581017688893126204977915538        0.718268899414453860804259737896906174      
  -4.06714700189160624575041618751087515        0.731692104586818751561239951695106417      
  -4.06925365687410060263730926713461553        0.745634076767475289307915300003271306      
  -4.07132014996582577339543381887415985        0.760125329830372490237282659924510833      
  -4.07334646077132921970891292871419551        0.775198818795969765950285336222776192      
  -4.07533256929174134602507612327853732        0.790890188927760581119789361442410959      
  -4.07727845592497288032349719293592382        0.807238055965862795352133714809671379      
  -4.07918410146590833882342544857019942        0.824284322135111149388089042176136705      
  -4.08104948710659557272019185453048644        0.842074533371597870667568539785495859      
  -4.08287459443643139507984027254600995        0.860658284179419991141120554176143843      
  -4.08465940544234328605992130720426615        0.880089677695166259904324526138519950      
  -4.08640390250896717466309158112257127        0.900427849947450092859742356029699501      
  -4.08810806841882129526888430518562720        0.921737569010662895445396176582859138      
  -4.08977188635247611722775736399493366        0.944089921839765867437099717208773541      
  -4.09139533988872034584028242662787847        0.967563104130302020717881123862477559      
  -4.09297841300472299308311243541644802        0.992243331695334598613145309049516938      
  -4.09452109007619151648215483804549539         1.01822589574400886202553639221893122      
  -4.09602335587752602457218372799662041         1.04561638928636868666325199186462100      
  -4.09748519558196954742094526222840943         1.07453213793897751447997239921089606      
  -4.09890659476175437073464694983737116         1.10510387601150452668064178223384958      
  -4.10028753938824443210057226798867601         1.13747771837329828629851434199868851      
  -4.10162801583207377796142717819918652         1.17181749084115731008640728430429100      
  -4.10292801086328107995490410351455593         1.20830749751480939450347849891612297      
  -4.10418751165144020929084140152714564         1.24715582372571134643448066321507103      
  -4.10540650576578686787726194567940549         1.28859829957561054289042916513509801      
  -4.10658498117534127494549272390567056         1.33290328351756944729291527397891752      
  -4.10772292624902690796349799527623083         1.38037747099006881794651517136855764      
  -4.10882032975578529666550112769144704         1.43137299385869148830634870036316574      
  -4.10987718086468686906492438848296354         1.48629615819050456172790249327802774      
  -4.11089346914503784835664129055207985         1.54561827909429557317473227660754848      
  -4.11186918456648319965351222483992052         1.60988922427087002131844074393595688      
  -4.11280431749910562554116065080160543         1.67975449066342894536406010010477449      
  -4.11369885871352060947394368536569512         1.75597693837623382992714059905764333      
  -4.11455279938096750607407714272042964         1.83946473428432127699279488706829054      
  -4.11536613107339667743489054720407262         1.93130767872613485975695022977553041      
  -4.11613884576355267456821198452114459         2.03282500378330680059963645853618746      
  -4.11687093582505346317491548730491294         2.14562910432036995661315641576311120      
  -4.11756239403246569295670458446093026         2.27171176233260670613528479970841443      
  -4.11821321356137600972625429443849669         2.41356270542434462665205714983923440      
  -4.11882338798845840961188982519209963         2.57433558867857412949229431190829399      
  -4.11939291129153763469204317264654724         2.75808511161354902574941353708381126      
  -4.11992177784964860943379829943218721         2.97011357373474544387048506735375760      
  -4.12040998244309191734891124091026871         3.21749070786280479982426849371449275      
  -4.12085752025348531731977294040208692         3.50985705891308703063420946520612314      
  -4.12126438686381129908686947435090382         3.86070938994296127066014992665211725      
  -4.12163057825846067742838620511119244         4.28954302556396308682554664848914923      
  -4.12195609082327222460169890835450525         4.82560095291307650374712205995588806      
  -4.12224092134556834065559567783847564         5.51483643774226559506224120136862534      
  -4.12248506701418676126117802659634418         6.43383825659754677224351937365880509      
  -4.12268852541950830274849769452236113         7.72046620761295866610902046133081601      
  -4.12285129455348064407509685187218574         9.65043988749550009744033199595178526      
  -4.12297337280963814549173327035558990         12.8671050224799602779745370052159421      
  -4.12305475898311770370968823223307258         19.3004987921482535900793010059146017      
  -4.12309545227067064341317307707730152         38.6008070961646028915193177694148417      
