   9.81024967590665397665361524559557438         2.35051234619562169576404809071426762E-0024
   9.81020126430478238599785193480758503         2.35244950053435787070259257445967526E-0024
   9.81005602997697057994881706548826813         2.35827045224632840723504180027184534E-0024
   9.80981397435662274053889907452058163         2.36800374413072711720799555483252797E-0024
   9.80947509983273011879403179191724706         2.38169720408547143435371190469388821E-0024
   9.80903940974984745635452160043434837         2.39941833297683939101798261086742225E-0024
   9.80850690840805997606999881896628908         2.42125485374278367563098775259116448E-0024
   9.80787760106294094189428281111598639         2.44731542791996440915204006529988264E-0024
   9.80715149392549978849902752285812723         2.47773054770402943720952017417961030E-0024
   9.80632859416212082111808722169186334         2.51265361368891343319509959974991416E-0024
   9.80540890989449248622761022551913984         2.55226221061393487009783909154025770E-0024
   9.80439245019952721375993045414190364         2.59675959580981890777485141934752732E-0024
   9.80327922510927183164238179126120869         2.64637641761219288050549755912897167E-0024
   9.80206924561080855354520759176662008         2.70137268384312138677066842209525565E-0024
   9.80076252364614654081577628958584481         2.76204000359193531229907599586208547E-0024
   9.79935907211210403966934303716834176         2.82870412900538601595937764699196001E-0024
   9.79785890486018109479961572064446291         2.90172782767973820896660077085941672E-0024
   9.79626203669642284066539062677929835         2.98151412059688062916748264040403610E-0024
   9.79456848338127337180251757108682500         3.06850992543454758939335355585484474E-0024
   9.79277826162942019360343551306688357         3.16321015058896851821873469402493453E-0024
   9.79089138910962925509948666678767112         3.26616229146998019674616728123291873E-0024
   9.78890788444457056537416894541343767         3.37797158767063153844797417829435310E-0024
   9.78682776721063439532842233937371380         3.49930680759804371136558145397036611E-0024
   9.78465105793773806661196360244830489         3.63090673622041940430075767993718372E-0024
   9.78237777810912332962758449103075997         3.77358745189841591368309679405688672E-0024
   9.78000795016114433260821085233771140         3.92825049001394046562576720281739910E-0024
   9.77754159748304618385938217064438832         4.09589200450063692809321002129590902E-0024
   9.77497874441673410935265284023389705         4.27761305366589336196824499248658015E-0024
   9.77231941625653320794823652333996881         4.47463115416062922496785544517907420E-0024
   9.76956363924893880661801255484304927         4.68829326693178011072240805018410431E-0024
   9.76671144059235741813278755697274420         4.92009040186685647857880008199647648E-0024
   9.76376284843683830377045531113213956         5.17167405405460862869599911172278558E-0024
   9.76071789188379564369442258478712724         5.44487471465599882880549506124442832E-0024
   9.75757660098572131774436711400205063         5.74172273390341836405423087758344236E-0024
   9.75433900674588829947406538175465795         6.06447185341804929033996050579415572E-0024
   9.75100514111804466636367129399905575         6.41562577066298285988874421177549953E-0024
   9.74757503700609822922644142521129279         6.79796815087266521683444519518093565E-0024
   9.74404872826379178392248726878023995         7.21459656231136507201799059832026009E-0024
   9.74042624969436898858468897132200193         7.66896088048939651661058177655225780E-0024
   9.73670763705023086965442744032843184         8.16490678749244458134728079476669675E-0024
   9.73289292703258296011728157835048243         8.70672508559172069867085235869530884E-0024
   9.72898215729107307342129380132740605         9.29920765182769979959126496189054093E-0024
   9.72497536642341971665282903119596579         9.94771098466735289073614139548451066E-0024
   9.72087259397503114663743910138170138         1.06582284378963137676800274137869965E-0023
   9.71667388043861507272549506636677912         1.14374724038692971668761362682274277E-0023
   9.71237926725377901011466335178369324         1.22929679019080661257499462825928930E-0023
   9.70798879680662128765357710830438706         1.32331592524672202185269843219120620E-0023
   9.70350251242931271416329063025908907         1.42675317789197721847528787413288704E-0023
   9.69892045839966890740530135809145061         1.54067507825969402215094896845634192E-0023
   9.69424267994071328991707989249233898         1.66628203902795779336874088402711373E-0023
   9.68946922322023075602816269781265416         1.80492652851880199632304125356485611E-0023
   9.68460013535031201446193385400492693         1.95813388126679078061818643062841234E-0023
   9.67963546438688861102025042117427276         2.12762615120232667893208696083150074E-0023
   9.67457525932925863594004980055001655         2.31534947802223543156247097266637820E-0023
   9.66941957011960312060301600247694060         2.52350551379228461660048744212731164E-0023
   9.66416844764249312837127405847347487         2.75458754628332494612045857911272937E-0023
   9.65882194372438754441392703357303276         3.01142206027831925051150897363493547E-0023
   9.65338011113312156948104730057895525         3.29721660081514028697771727146103410E-0023
   9.64784300357738592267348202352173167         3.61561494626246285634133888377282457E-0023
   9.64221067570619675834853125799071001         3.97076076807031697507227331015990281E-0023
   9.63648318310835630239320480609490728         4.36737115250751933602266806113801328E-0023
   9.63066058231190421318836005906220967         4.81082159305329109484376612570218738E-0023
   9.62474293078355967267856661689720648         5.30724433671394579561717641835457154E-0023
   9.61873028692815421305403358858686697         5.86364229095250603088581821216551539E-0023
   9.61262271008805528464237124509991015         6.48802107914895452631627419886661432E-0023
   9.60642026054258057069933921843580633         7.18954228226604681327509854970624233E-0023
   9.60012299950740305487905781135421531         7.97870143544659945053972056406511618E-0023
   9.59373098913394684725542630282034435         8.86753497583608419488370290894043866E-0023
   9.58724429250877377485770150286492049         9.86986108017614273112749430452145860E-0023
   9.58066297365296074277434032727929679         1.10015602093471972390314641899663420E-0022
   9.57398709752146787197030092772802866         1.22809022179846583665359954894688806E-0022
   9.56721673000249742005402702743390215         1.37289281215735615261552033740233231E-0022
   9.56035193791684349132130867814338925         1.53698960781750452573729709258825562E-0022
   9.55339278901723254249411877279089352         1.72318028816426624398383345534433205E-0022
   9.54633935198765469066336742294117358         1.93469943311856456523029383728263954E-0022
   9.53919169644268583003529484411946675         2.17528803024294201409471437107142510E-0022
   9.53194989292680056417193678959076235         2.44927732745610744448423731661126068E-0022
   9.52461401291367596050674393871848136         2.76168725590810505087416054679152794E-0022
   9.51718412880548613400701708506593812         3.11834206391771342524600047886329795E-0022
   9.50966031393218766694533258790877601         3.52600629984646925396677260459855587E-0022
   9.50204264255079587183257645548022500         3.99254487547997577040042875450815055E-0022
   9.49433118984465190465557972642859086         4.52711165131348397533532340497721616E-0022
   9.48652603192268073565265161567012468         5.14037183450472313043592232973287594E-0022
   9.47862724581863998495053930080824248         5.84476449742206894949956862900520872E-0022
   9.47063490949035963047650335500442284         6.65481274381990413803836195125959138E-0022
   9.46254910181897259564928479178312969         7.58749051198915510963285602457284665E-0022
   9.45436990260813622444275258761065433         8.66265675969508225322328577525701755E-0022
   9.44609739258324465150595850081495672         9.90356988478621944111285528557825507E-0022
   9.43773165339063207511318812285920230         1.13374977712934221179033639982049873E-0021
   9.42927276759676694080738249324267873         1.29964419024603283428749188814877737E-0021
   9.42072081868743704369001239623388178         1.49179976572354277425419697714791951E-0021
   9.41207589106692555740011675086174619         1.71463773361851973836781974340680918E-0021
   9.40333807005717799791476642049769599         1.97336278055883101679073454469541849E-0021
   9.39450744189696013039268442113162441         2.27410810980263506854740716628343024E-0021
   9.38558409374100682737214201504985105         2.62410840994202724827388495153236204E-0021
   9.37656811365916188672355665683407854         3.03190628727346575199908986276507246E-0021
   9.36745959063550881784644132999838568         3.50759885666815660175295027005759229E-0021
   9.35825861456749260468949459456582940         4.06313256595246652971353735365993896E-0021
   9.34896527626503245426167577868351938         4.71265600131312491393324733344403096E-0021
   9.33957966744962553939107931204717133         5.47294244952556127638049841576986312E-0021
   9.33010188075344174457730533735934465         6.36389645439960593331768746777870721E-0021
   9.32053200971840942387181957103919651         7.40916159455012061208538400267592145E-0021
   9.31087014879529217980950303955666597         8.63685034343314520508851404992215788E-0021
   9.30111639334275667250321091757155768         1.00804212925739402894231171395831658E-0020
   9.29127083962643146810168836388854159         1.17797343990719653925933030750414011E-0020
   9.28133358481795693589962911735012448         1.37823214721497769397906562666290438E-0020
   9.27130472699402620347700880433528611         1.61449171024576608076578823677366866E-0020
   9.26118436513541717933307855057044794         1.89353049833639266882628576134891057E-0020
   9.25097259912601565256856471146395005         2.22345464702429791406890089122325594E-0020
   9.24066952975182947925768646703943446         2.61396727569555996027075107128600728E-0020
   9.23027525869999386523957380059235673         3.07669398149788231916828354837254127E-0020
   9.21978988855776775514654312619107568         3.62557669743129024702158539894788930E-0020
   9.20921352281152133757446568180165333         4.27735066306502246872968445844482328E-0020
   9.19854626584571467638814389580125976         5.05212251545798664248369406628273071E-0020
   9.18778822294186747824219239959223628         5.97407150296062208465443666331338862E-0020
   9.17693950027752000648540233354339178         7.07230072512667039761341457057055125E-0020
   9.16600020492518515170394921415545040         8.38187131716635459116731876247995763E-0020
   9.15497044485129166924608503475227846         9.94505988561420718208422767243200629E-0020
   9.14385032891511859415813359871626833         1.18128885824824473928140109626875869E-0019
   9.13263996686772084404868347290026915         1.40469883729642911914479379602199308E-0019
   9.12133946935084602048484453996054650         1.67218697952389096945819727353043942E-0019
   9.10994894789584241961130106359126186         1.99276924348171880962024576152125068E-0019
   9.09846851492255826276965560265900440         2.37736451891221749828894449062937961E-0019
   9.08689828373823215798221316273593715         2.83920751087624622622844679872461731E-0019
   9.07523836853637480325090280126179360         3.39435343210217964467784788179327556E-0019
   9.06348888439564194270847365133594911         4.06229536960496532520546248738067599E-0019
   9.05164994727869858674543314582593048         4.86672002789877469730503752805261124E-0019
   9.03972167403107450732241625602753109         5.83643352821447797574882526562804595E-0019
   9.02770418238001101976378495655742376         7.00649633440813246441706471515122443E-0019
   9.01559759093329906241425604062704222         8.41961552152149417966404723215626704E-0019
   9.00340201917810858562624198856178248         1.01278539248310797214872186943504586E-0018
   8.99111758747980926163136298972671075         1.21947297315061181838438303078580653E-0018
   8.97874441708078252693524758734978894         1.46977974582115017105688767487549425E-0018
   8.96628263009922496896028391167305077         1.77318228112605566064216794465849901E-0018
   8.95373234952794306874641224512138324         2.14126906668219981420840087821978276E-0018
   8.94109369923313931160536188061006160         2.58822186031028992175890469169297088E-0018
   8.92836680395318967770893004871886407         3.13140896429332360737796416953787719E-0018
   8.91555178929741252467697726040393368         3.79211690930795522963589113992702128E-0018
   8.90264878174482887431577089952723555         4.59645340537032130616904234860707835E-0018
   8.88965790864291411574214646526137911         5.57646233863132438159973147064968975E-0018
   8.87657929820634113721367267106204833         6.77150145042131342711238738319449930E-0018
   8.86341307951571489906960181827094753         8.22994560750308291719977511466381753E-0018
   8.85015938251629846027185964359807512         1.00112938586894324705457772244924644E-0017
   8.83681833801673047111967835702130167         1.21887775213834846939266652507094222E-0017
   8.82339007768773414479570200753788749         1.48525902885717160127204976012515377E-0017
   8.80987473406081772048549380743576489         1.81138909640222339067540311839563639E-0017
   8.79627244052696643089634978128430199         2.21097663875365041019027800123318400E-0017
   8.78258333133532598708517125487812674         2.70093882394719841074484803689345913E-0017
   8.76880754159187759358886943435589900         3.30216550145251232052846438875299015E-0017
   8.75494520725810450693436782036906671         4.04046824107675677586034469859880711E-0017
   8.74099646514965015068873163146916106         4.94775953028536160918651759022613819E-0017
   8.72696145293496780029328695106603083         6.06351868858325290448692240703928338E-0017
   8.71284030913396185100879514091489248         7.43661511655862776791929070172902449E-0017
   8.69863317311662068238181935993909596         9.12757708547015286645803247185127659E-0017
   8.68434018510164113272535897040776967         1.12114162842644569350337750555884907E-0016
   8.66996148615504459718963338548919800         1.37811458957640988891686155487355448E-0016
   8.65549721818878476308156869573233942         1.69521644796552930081270540388140405E-0016
   8.64094752395934699617407739115316469         2.08677211634556441865789231515775809E-0016
   8.62631254706633939182862285571289449         2.57057318021747944233977681292763481E-0016
   8.61159243195107550483682523880347161         3.16872836489242895005107246816824620E-0016
   8.59678732389514877196899299198021349         3.90872511819311468667748842915588082E-0016
   8.58189736901899864129945398803535277         4.82475524550303149955932386962395002E-0016
   8.56692271428046842246041090438465734         5.95937092034616219485168930796400422E-0016
   8.55186350747335487205775664580850141         7.36555418876527264344672567440433623E-0016
   8.53671989722594952856385619639296847         9.10930416210730681255178457337666021E-0016
   8.52149203299957181108373062198714260         1.12728725473481512648540482815149694E-0015
   8.50618006508709389647236618895458736         1.39588113757940064192063686607614253E-0015
   8.49078414461145738936201592017824912         1.72950384936351484367577643958420651E-0015
   8.47530442352418179973936157431637472         2.14411787513330260894876129036768265E-0015
   8.45974105460386484279326020975870670         2.65965046143004753055018124618324988E-0015
   8.44409419145467457583451038257949529         3.30098825616956209826471643539396223E-0015
   8.42836398850483338716963783144268664         4.09922354779863445137578789413498250E-0015
   8.41255060100509385189111842674308494         5.09321617242510691184744025568963838E-0015
   8.39665418502720646962672641257285565         6.33155155579451221422220270343550174E-0015
   8.38067489746237929937081775615034355         7.87499596715977351864013606603013453E-0015
   8.36461289601972950660033094936838521         9.79957596831492918188380181332888901E-0015
   8.34846833922472683795811009181522087         1.22004416065163033352734645440356039E-0014
   8.33224138641762903886582673617733634         1.51967138387766564168961398941125321E-0014
   8.31593219775190922950829700902283977         1.89375681422616548995352076730790656E-0014
   8.29954093419267525471035814775580360         2.36098709707927962850988050249748192E-0014
   8.28306775751508102330668303469991917         2.94477670669672538817339563111029711E-0014
   8.26651283030272985268397177999926163         3.67447179146306344848240867241343380E-0014
   8.24987631594606983425386512601994783         4.58686201983922683459217035595112325E-0014
   8.23315837864078123569367463843160398         5.72807947874796245772748353162964297E-0014
   8.21635918338615595587061853590888487         7.15598399763554595164883841158349962E-0014
   8.19947889598346904844368881573123359         8.94315981667286548342150706737524877E-0014
   8.18251768303434233021555428233378770         1.11806806269234548898404789642852903E-0013
   8.16547571193910009038502440749228233         1.39828403670020335299638570991813772E-0013
   8.14835315089511691692855987329393537         1.74930978778790735424593816127456588E-0013
   8.13115016889515765641711640291181940         2.18915472472396755923277436330076808E-0013
   8.11386693572570952365224830160000313         2.74043057451028857074197736114987233E-0013
   8.09650362196530637758287624498726669         3.43153118379217764188459964481674157E-0013
   8.07906039898284518004143949899059034         4.29811521044268840479759340539803189E-0013
   8.06153743893589465391530517242185818         5.38496945264079797339202728228755626E-0013
   8.04393491476899615744629552815883259         6.74835048170165288577171788169651713E-0013
   8.02625300021195679142801805175008137         8.45892724831216637975650984591626764E-0013
   8.00849186977813475614734113930428505         1.06054787102377664127716168669975281E-0012
   7.99065169876271697499285016289221362         1.32995398986022141013802109335677956E-0012
   7.97273266324098900172944354652050546         1.66812392211931180515524394606495190E-0012
   7.95473494006659722851438558572448382         2.09266317236722289363617207956766468E-0012
   7.93665870686980341180612131733273027         2.62569106546640357768214176731601140E-0012
   7.91850414205573153339297804300257664         3.29499769593946137373752251161076866E-0012
   7.90027142480260701384452738240712114         4.13549681937872600111975176359168108E-0012
   7.88196073505998829576386023284301877         5.19105009675363762199201234196226585E-0012
   7.86357225354699081429433399658200363         6.51675720778685689086864036738956428E-0012
   7.84510616175050337240948616225802919         8.18183025718305848267890701832154272E-0012
   7.82656264192339693858977005041699658         1.02732008021872027624260259656716497E-0011
   7.80794187708272588456455651621500343         1.29000452199343768997346040375132175E-0011
   7.78924405100792168087245890600700496         1.61994608608786476979884205989236671E-0011
   7.77046934823897906806747685281525068         2.03435838048389558587129024169755134E-0011
   7.75161795407463472147271683373035482         2.55485119138764430123609173751782507E-0011
   7.73269005457053842745753306723766892         3.20854878205371368882649805470367089E-0011
   7.71368583653741678928784056908264919         4.02949099194202045780556912382825338E-0011
   7.69460548753922948067308228214635011         5.06038808256161745594672903145537146E-0011
   7.67544919589131806520688342120991639         6.35481789192282889594621326535692784E-0011
   7.65621715065854739997179780152396325         7.97997579254883377866347241731523095E-0011
   7.63690954165343964165174222661682360         1.00201152398035313782547288938896571E-0010
   7.61752655943430087356872527340600885         1.25808506354135761013803047105649212E-0010
   7.59806839530334037213330531083814154         1.57945364060806246380951840608048802E-0010
   7.57853524130478253127085860318622662         1.98269885721508975801323827462609720E-0010
   7.55892729022297146345820116379247359         2.48858800771484389588696166889693459E-0010
   7.53924473558046829607738692428137854         3.12312217475976238747851512122187501E-0010
   7.51948777163614118186559905471778491         3.91884406237201911410076072352382881E-0010
   7.49965659338324804231196020030684222         4.91646910567268154224765639736486445E-0010
   7.47975139654751206292381028031504011         6.16691869477319554275074631311080884E-0010
   7.45977237758518995935653661705800333         7.73385326028245933173891246564314470E-0010
   7.43971973368113303347238982101877309         9.69682632254985023289106234192371465E-0010
   7.41959366274684103846487934824747605         1.21552094252238911016009897748470919E-0009
   7.39939436341850887225631426582421195         1.52330734016071701376463955010169869E-0009
   7.37912203505506611844683680988057754         1.90852551803119227180925906052642105E-0009
   7.35877687773620945416388809988105243         2.39048931788924158697177660916830833E-0009
   7.33835909226042794423144618585134805         2.99327805178548784234942398502479269E-0009
   7.31786888014302124114858575717894103         3.74689665574587346852524102328033811E-0009
   7.29730644361411071043692563956563537         4.68871369485126606232953979961258911E-0009
   7.27667198561664350098635395964536203         5.86524245360432358711676572659623609E-0009
   7.25596570980438958009805087556044863         7.33434529517540280846108387899505215E-0009
   7.23518782053993175299326436919598907         9.16795974880656288863175526481515466E-0009
   7.21433852289264868662553508650349862         1.14554670994711012183827428330834782E-0008
   7.19341802263669095770311091302595990         1.43078514668489111674337696568523670E-0008
   7.17242652624895014489714020092340907         1.78628305046808351745355819425147765E-0008
   7.15136424090702098527988364198712846         2.22911791663214915933621692296792667E-0008
   7.13023137448715661510563803076283016         2.78045169529523257220449602802735727E-0008
   7.10902813556221691511531990737309131         3.46648884630939129876047688990326884E-0008
   7.08775473339960998061371263728985906         4.31965390144425884083091044272123368E-0008
   7.06641137795922673663623620347816541         5.38003741342666452085154691147395036E-0008
   7.04499827989136871858975418530368872         6.69716968095890287454833407200968913E-0008
   7.02351565053466903881938641064002800         8.33219431054814288673345719550873471E-0008
   7.00196370191400655962054792698259835         1.03605289299531491145560339691236461E-0007
   6.98034264673841329328248458032326758         1.28751186997529016784291829094229148E-0007
   6.95865269839897504981642195531032119         1.59904102618427332486078071882050859E-0007
   6.93689407096672535308808705706450192         1.98472001004075942593611013840703729E-0007
   6.91506697919053264614080024620775966         2.46185427720934531712930420170588030E-0007
   6.89317163849498080656156791846963383         3.05169420207214015572651311430558748E-0007
   6.87120826497824299280863359497390101         3.78030925126862194571477647906870875E-0007
   6.84917707540994884248476580731383995         4.67964930689854609428971672600639337E-0007
   6.82707828722904504360617477317421368         5.78883152796914683393961361865776463E-0007
   6.80491211854164929998235571597203322         7.15569859355372915233662422087785881E-0007
   6.78267878811889771188735414023683206         8.83870297108825506073791350354536927E-0007
   6.76037851539478559326793678976213355         1.09091822163039949893875514985923466E-0006
   6.73801152046400174679893074652342472         1.34541024849935943623894265142485009E-0006
   6.71557802407975621816056153563446126         1.65793617006942366362982288436626367E-0006
   6.69307824765160155097697854793898116         2.04137604904603696068355840305633677E-0006
   6.67051241324324756391930194202681746         2.51137684237841202866837730457208510E-0006
   6.64788074357036967154045880842843787         3.08692356562360785881754523819668060E-0006
   6.62518346199841077047279713948101562         3.79102262175882102593878901309820479E-0006
   6.60242079254037671268297341997401355         4.65151793613276495659244781489523101E-0006
   6.57959295985462538754190280938195428         5.70206401138409563664439473930724509E-0006
   6.55670018924264943453063930159849782         6.98328399674638391263802713492463579E-0006
   6.53374270664685260846591630004077464         8.54414541223604745995616439899838814E-0006
   6.51072073864831981919172511436317170         1.04435913390366059590259263647902654E-0005
   6.48763451246458086774573935150405401         1.27524707433213971541237420084649190E-0005
   6.46448425594736790107160642222392745         1.55558182017761989601941147374038157E-0005
   6.44127019758036660741012280065946450         1.89555407007838651284951495261575044E-0005
   6.41799256647696117456408664684501688         2.30735774402487471379575607528151388E-0005
   6.39465159237797303329317932092790438         2.80556077318041088555756801814366960E-0005
   6.37124750564939340815656557537410434         3.40753921718779896646305455874462941E-0005
   6.34778053728010969818202020244309138         4.13398433078860555354379065996560312E-0005
   6.32425091887962570980128603539472459         5.00949339927422186403511531728562295E-0005
   6.30065888267577576455204385224699210         6.06325645009636140392241066115151081E-0005
   6.27700466151243270410732831158729157         7.32985231826827845201306854060554089E-0005
   6.25328848884720981525345496429893193         8.85016898359027445865080335971158491E-0005
   6.22951059874915669749753103864416143         1.06724645899772750127698953076780063E-0004
   6.20567122589644909604540649669383593         1.28535870759127841750376009891917683E-0004
   6.18177060557407272295048121756981975         1.54603718565224543563830450391398233E-0004
   6.15780897367150108929311848954263915         1.85712384582484700600686354814170230E-0004
   6.13378656668036737130952370309789050         2.22780083613942846115950710429251384E-0004
   6.10970362169213033344782964727133153         2.66879674854911887236797752587577856E-0004
   6.08556037639573433138778554070783714         3.19261976742049143206271116421085668E-0004
   6.06135706907526341811887529811519158         3.81382021004411586030413675358954244E-0004
   6.03709393860758957622989096539549056         4.54928496002970117744196420639085544E-0004
   6.01277122446001509962095917833005125         5.41856624187634075280388731697173235E-0004
   5.98838916668790914790676133810867489         6.44424705520417127563081496117059254E-0004
   5.96394800593233849683720138233239691         7.65234536209226940392130392261926652E-0004
   5.93944798341769250811905799474851096         9.07275878052005208040255727491120825E-0004
   5.91488934094930234207921027553805970         1.07397510587931966915465185262036007E-0003
   5.89027232091105443666684672338699022         1.26924809658621525016298217842299160E-0003
   5.86559716626299827634865630003433558         1.49755734047919283917187398252301042E-0003
   5.84086412053894847450735679899413629         1.76397315143099067304334653469128540E-0003
   5.81607342784408119301003916647707522         2.07423872387768059840100692023617173E-0003
   5.79122533285252492266869627027727786         2.43483862928006783095674111432271491E-0003
   5.76632008080494564837096032992936672         2.85307015970961563421922975825741718E-0003
   5.74135791750612642271449425948094798         3.33711670938136283903284734308674484E-0003
   5.71633908932254137203366798578326223         3.89612213434634829902255910951006075E-0003
   5.69126384317992415876210084561582984         4.54026474490107580647122438159370226E-0003
   5.66613242656083092412936489189494023         5.28082926414627268865859043811228939E-0003
   5.64094508750219773524462081266848906         6.13027473020901260445097162665003033E-0003
   5.61570207459289256067419764890593887         7.10229593099541857036062897514555152E-0003
   5.59040363697126179867412905293062608         8.21187554272606515153551998619686391E-0003
   5.56505002432267138229242192573830139         9.47532370270786112393808838612235644E-0003
   5.53964148687704248560935737778107941         1.09103012909626139587520965860182065E-0002
   5.51417827540638185543740854580808460         1.25358227353109939647677676535244406E-0002
   5.48866064122230679285540434214603156         1.43722337041665204395175641657244102E-0002
   5.46308883617356480900437218884633041         1.64411586277921504040351779100617367E-0002
   5.43746311264354797962505567626615535         1.87654126127969063297707106844711070E-0002
   5.41178372354780202286942436511487769         2.13688720105395519034034413286197085E-0002
   5.38605092233153012497057210639431591         2.42762976958650657356739596201423375E-0002
   5.36026496296709153840723677099125036         2.75131050397587896707899891407072826E-0002
   5.33442609995149497725076764833802054         3.11050746527904266431025294598201222E-0002
   5.30853458830388683443371648233612631         3.50779982730013275149250352921691821E-0002
   5.28259068356303424573033365583765186         3.94572547113430142069214200007504142E-0002
   5.25659464178480302529011190800891107         4.42673115897698294986403866325560121E-0002
   5.23054671953963049761613566988381263         4.95311497507225397016641278176825614E-0002
   5.20444717390999325093036413279436855         5.52696087185333217066674245042208536E-0002
   5.17829626248786983691810002501082500         6.15006534850067363280972691667217096E-0002
   5.15209424337219844189377326913166147         6.82385651975783054818052093935758891E-0002
   5.12584137516632955447979873426650324         7.54930610633756290434642430167667441E-0002
   5.09953791697547365493964969302428918         8.32683519472793040639657490548891296E-0002
   5.07318412840414395135542285637052327         9.15621497211483764113915566333643339E-0002
   5.04678026955359418788905650461578775        0.100364640379117155019628142071998479      
   5.02032660101925155041499977766133356        0.109657443211209798331324885298337469      
   4.99382338388814469486051815213340297        0.119412580838762979110669202240283475      
   4.96727087973632692363795703962617769        0.129591489545274070208200181021144990      
   4.94066935062629453560117181385209756        0.140144103938940080211762139573349671      
   4.91401905910440037500596794244847803        0.151008054379581682185359325168473749      
   4.88732026819826260500177879136919338        0.162108019581985603929040811526114079      
   4.86057324141416873122894061853956351        0.173355280128779288488598977076024789      
   4.83377824273447490114280381359841322        0.184647521021042276939444852195016012      
   4.80693553661500050473254610941129966        0.195868932575575888376978395765933161      
   4.78004538798241810234892682842671239        0.206890658643388599828000736907075418      
   4.75310806223163870540134077517661726        0.217571638972381197595392911211024214      
   4.72612382522319243573039569011265571        0.227759888278429468968475666495946869      
   4.69909294328060458950784778684755828        0.237294247961297800727786927083916946      
   4.67201568318776713156108535457973835        0.246006637190004046662814467753890729      
   4.64489231218630564606445027237733086        0.253724818138398616155220057948674837      
   4.61772309797294176958453110696888805        0.260275675416573910909667854880248235      
   4.59050830869685113251114880814089035        0.265488992268907071229345588613780903      
   4.56324821295701683495008643571825789        0.269201686079021880050938601024552353      
   4.53594307979957848319768741187973687        0.271262443471549405306492284123830495      
   4.50859317871517681296126205725206072        0.271536671333980403423795456058819995      
   4.48119877963629392553279920639624811        0.269911655081636977038088063835781663      
   4.45376015293458916316677807805585799        0.266301790320128196382925994167194689      
   4.42627756941823064995591487054300233        0.260653729765956866460218646725147242      
   4.39875130032922252454145833811284976        0.252951265073588483939379943024688557      
   4.37118161734072789103716845790222772        0.243219744428777945939849639313566433      
   4.34356879255438751458837179932869749        0.231529812842095421954330162308334309      
   4.31591309849763428802948594167915652        0.218000254495263366537906670472066397      
   4.28821480812100349614514283645084752        0.202799716714376004570259027412920963      
   4.26047419479543890408151696691005994        0.186147104523923038688507755449488130      
   4.23269153230959469649567810895365513        0.168310454437140896263662456183331536      
   4.20486709486713329407174003793094170        0.149604127035546480174617525213667941      
   4.17700115708401907407326525143305078        0.130384200467535588371044310758256098      
   4.14909399398580802164181128660264578        0.111042001247634560074026833128627913      
   4.12114588100493333859166610327501553         9.19957740792350001433054787434198709E-0002
   4.09315709397798703649071788485070980         7.36805676128015637111917589808978355E-0002
   4.06512790914299754085703808344388947         5.65364961365176829516081373533245298E-0002
   4.03705860313670333334012521338312781         4.09956254905383227037746103351313493E-0002
   4.00894945299182265879486038900949329         2.74678215918092009932381364230758059E-0002
   3.98080073613431932419506352298474973         1.63259877824676135323286833384774986E-0002
   3.95261273038066461637211106667583610         7.89119814256739191518280747932789265E-0003
   3.92438571393509536560238180393060676         2.41830290978273163626815387400304276E-0003
   3.89611996538686818210533612564319410         8.26340090111982480391916769584870237E-0005
   3.86781576370750989255180603949639901         9.68468268814252460105456349261098349E-0004
   3.83947338824806420371957753437062304         5.05990841768917758890496004702041224E-0003
   3.81109311873633462047058345197104958         1.22348133451209998450900454908600674E-0002
   3.78267523527412364526099335173756044         2.22623463681731138470226106960379399E-0002
   3.75422001833446828643218662420259410         3.48046117512874944012585963193329714E-0002
   3.72572774875887190256702595043913893         4.94227155908492014717894052508258567E-0002
   3.69719870775453241023200976153624485         6.55874194898618981209727464169267786E-0002
   3.66863317689156688246177426525329903         8.26943584830995470694984300538112237E-0002
   3.64003143810023256537803752289774584        0.100083574967384985822012294179418901      
   3.61139377366814434037042962647031760        0.117062886711777719755555157408598271      
   3.58272046623748865930173389532128729        0.132934370179683638313859412467425671      
   3.55401179880223398023487383672685805        0.147023012903029121119229395174253335      
   3.52526805470533773121351905236756704        0.158706384219739418948167884528817431      
   3.49648951763594982966244998179018260        0.167444006570380432733753111158932977      
   3.46767647162661278500781601636220225        0.172804993740343073995557001126185219      
   3.43882920105045841215114375747065148        0.174492470762406677457936091860433488      
   3.40994799061840118346440169794921634        0.172363313369018867443694273468247130      
   3.38103312537632824700660404580689772        0.166441850519131769221458121953471003      
   3.35208489070228613869533945683925090        0.156926365233302594153133776426255071      
   3.32310357230366421619923977289000791        0.144187505584921064648966065401175510      
   3.29408945621437484234975915335823859        0.128758072694073845301872101537705979      
   3.26504282879203034590271491968047583        0.111314073784474854428675032997190257      
   3.23596397671511678751184768933260919         9.26473980184038214790713473957898670E-0002
   3.20685318698016455880818964347784099         7.36309679683959816781229010056757827E-0002
   3.17771074689891584251028573953384387         5.51777129304133597698624244120604246E-0002
   3.14853694409548896152129303816057238         3.81951714611872528227127341859229986E-0002
   3.11933206650353964499968775771637993         2.35379277128396643046527873271228509E-0002
   3.09009640236341923942073789505371921         1.19603880232779518767861314179535001E-0002
   3.06083024021932989267605095931244113         4.07258215778531245119444554193631594E-0003
   3.03153386891647673928838125753336618         3.01703881618819763928205097325626207E-0004
   3.00220757759821711484847895260431462         8.61971616161193928111408077914849516E-0004
   2.97285165570320682781008349314683631         5.73508435392005742395524997715961204E-0003
   2.94346639296254351680820670207443958         1.46630740323533081790755184185313880E-0002
   2.91405207939690712169461551906226477         2.71547281285203576337518026060266899E-0002
   2.88460900531369749651291083816810936         4.25060022229340527456030873522773530E-0002
   2.85513746130416919266380678418555852         5.98339999605915785869765261310712075E-0002
   2.82563773824056344053914385159122835         7.81232153903437224093564393991074237E-0002
   2.79611012727323735793081931252096932         9.62818658107893169637469835497953474E-0002
   2.76655491982779041354818891218016781        0.113205352049430806109104481734574047      
   2.73697240760218817400458484132416826        0.127843228058413041874918208030561241      
   2.70736288256388336266040603855924589        0.139265599423320078307704117409947352      
   2.67772663694693425873676776559830603        0.146724648999171093743676217587521160      
   2.64806396324912046513994785440922326        0.149707042711317148963935084578089948      
   2.61837515422905607346283678733617320        0.147973318155056542025970730480104707      
   2.58866050290330025465528758344429662        0.141581001811794151688317884085564439      
   2.55892030254346530388066907299747397        0.130889114726581510197270576371131252      
   2.52915484667332216810105229636490341        0.116542866732584084105280855332392970      
   2.49936442906590348495830421577971798         9.94386405964766072418142461754931514E-0002
   2.46954934374060416154292543303715144         8.06707471829208749817747088883337667E-0002
   2.43970988496027952166674892099899098         6.14627956058249814740854217120007009E-0002
   2.40984634722834105027961466202809068         4.30877666132323301777581874389038987E-0002
   2.37995902528584976369385030536234540         2.67819022999447992840979134238592457E-0002
   2.35004821410860723430382027389190759         1.36582386673647982759096586235898623E-0002
   2.32011420890424429851095493755922641         4.62593439612668094016270827134524014E-0003
   2.29015730510930747658753729718540466         3.21438486016426924770439421702280268E-0004
   2.26017779838634313323510686326210522         1.05697039219791265611055674632275739E-0003
   2.23017598462097940761563884625796253         6.79077251666865647617867690875508828E-0003
   2.20015215991900594165567117819593872         1.71221859420992275504209748350541801E-0002
   2.17010662060345143544528204238974931         3.13128804579918560460213871677957111E-0002
   2.14003966321165905857526628481568910         4.83336541934208468696049970007922010E-0002
   2.10995158449235974627702010498045900         6.69342450765598864528961044742111896E-0002
   2.07984268140274340925051956747517620         8.57317183972724276759016573642158884E-0002
   2.04971325110552808608636953164156849        0.103311366884271984560369137527864798      
   2.01956359096602706720820536269291253        0.118332826610696859612568811133350719      
   1.98939399854921401928175006282002402        0.129633395385411775179874354092687211      
   1.95920477161678613905656404767925985        0.136320426948799107633662682241344403      
   1.92899620812422536562597349743295782        0.137845206665664231967733107445416986      
   1.89876860621785768010982584024186134        0.134051883834577124732513079144468213      
   1.86852226423191052178359729066666753        0.125196779862790599345213700170432629      
   1.83825748068556834969596727951966874        0.111935596183684321680133106718035608      
   1.80797455428002637883527789184265930         9.52785513394803745647705445875979276E-0002
   1.77767378389554251992331289522779387         7.65160890549133244763742506664537808E-0002
   1.74735546858848755193256041382878970         5.71203045012888283042929414575145800E-0002
   1.71701990758839355644056560914781424         3.86294179540096361154220412972665894E-0002
   1.68666740029500064295213469488034514         2.25242835973909449493290916293859985E-0002
   1.65629824627530199433701907044339671         1.01068909593281542685356906887592549E-0002
   1.62591274526058726154728813982692853         2.39098321645804438777088453215722457E-0003
   1.59551119714348433679489132545817237         1.42303954280982652877418550139462104E-0005
   1.56509390197499953438591373005916341         3.17987838240571481222016813045756833E-0003
   1.53466115996155620842374568505644874         1.16335426829682928775108733119368015E-0002
   1.50421327146203183660881389686033121         2.46779943552159649662616606750971200E-0002
   1.47375053698479359937766091000620000         4.12256177785207961631824961437614008E-0002
   1.44327325718473248363900999932647039         5.98849700505802638649809672753982312E-0002
   1.41278173286029594037901423543123873         7.90748229394634186188993596371034251E-0002
   1.38227626495051912542216119510130574         9.71564978090241188784367953704452916E-0002
   1.35175715453205475264828846987280847        0.112573457890837827391400231596882431      
   1.32122470281620158897985962410500116        0.123986191660942024621124378047436072      
   1.29067921114593162046705543301255476        0.130390521766481195473891348560739818      
   1.26012098099291591881135095920740349        0.131208632774687057057686812938482973      
   1.22955031395454923768107517378577922        0.126344259502859150374517454439949995      
   1.19896751175097336818498626832455954        0.116196454372726619299046179030674370      
   1.16837287622209928288214241358808948        0.101629913848420310084108906436744928      
   1.13776670932462809771830437842284650         8.39036848500657772544912063022258713E-0002
   1.10714931312907088129077301022551195         6.45638500041506980540276130967094006E-0002
   1.07652098981676734085494098136558509         4.53091578585919824854228418948919825E-0002
   1.04588204167690341449692431174616161         2.78411995552045260211156734961040307E-0002
   1.01523277110352779890743487688047461         1.37123734994784417287726375415994411E-0002
  0.984573480592567442202560296898146963         4.18534550065017461376380466027335720E-0003
  0.953904472738842031247332171091716906         1.16929250347404773896360982425844993E-0004
  0.923226050233077502947887474157456631         1.87732129187670635875974589413304789E-0003
  0.892538515858918608987660966230129025         9.31258090534419849200528323347566887E-0003
  0.861842172489940563492388594085137271         2.17544071617033102041723288495278367E-0002
  0.831137323086659803117752983280417765         3.80769732588520077935911883762606875E-0002
  0.800424270693543889062262151203514006         5.67962243796202676398769535485199284E-0002
  0.769703318436020580516421422518582383         7.62030375973392040409852046178485793E-0002
  0.738974769517486109067436117789462198         9.45183656482645422269870873096634466E-0002
  0.708238927216312683586568832378943834        0.110056264908930021429321649452225935      
  0.677496094882855255133869948256780109        0.121379772504614398077752143379217538      
  0.646746575936457571422303351132169339        0.127435061074241640505736896355719947      
  0.615990673862457550390301087279248110        0.127651143704804107273727064116837368      
  0.585228692209192002438500819343461475        0.121995474591499551376570535064940093      
  0.554460934585000730892848361977544973        0.110979820845597295040507393730608904      
  0.523687704655230040262384232912342996         9.56153983567328059739705210791205645E-0002
  0.492909306139235681865877982453487361         7.73210375103192807792981772949961570E-0002
  0.462126042807385266407027006724038665         5.77926185130456625459981166243156661E-0002
  0.431338218478060173083197552440103387         3.88457584527391388125631295306635932E-0002
  0.400546137014656984817654631687443786         2.22463746375453390381132969666109262E-0002
  0.369750102322588479209904535019827946         9.54502408905264011988830637646569344E-0003
  0.338950418346284204803158514064682378         1.93068903468716291131978072219384791E-0003
  0.308147389066190672272018957421413690         1.17948797574705750243614361689107459E-0004
  0.277341318495771190137289965578760073         4.27840110382082469563903774736986202E-0003
  0.246532510678505374618322604349513850         1.40230545199722750636411111374749350E-0002
  0.215721269684888363236521247297664868         2.84375987120414957881836885741968859E-0002
  0.184907899609429761786561274072611900         4.61674297820263558358654708744594798E-0002
  0.154092704567652354294499944610130752         6.55445480981792943964461379656688979E-0002
  0.123275988693090605584301492838145843         8.47444172407712475557179318910942466E-0002
   9.24580561342889860763443547495950053E-0002  0.101957968357360250890800090344920084      
   6.16392110518001484432329442731732841E-0002  0.115562440654516483614374177134442182      
   3.08197576151829857496984989692256334E-0002  0.124274816344411771722224215076379114      
   6.00704543221772133721764985001508439E-0016  0.127273236132355180493366237527345510      
  -3.08197576151817843465407667523240301E-0002  0.124274816344412003633805680575239063      
  -6.16392110517989470578612875243762410E-0002  0.115562440654516925558703582671700995      
  -9.24580561342877847206159620682588071E-0002  0.101957968357360861182203109041722167      
 -0.123275988693089404270073260256577903         8.47444172407719686478517290448156295E-0002
 -0.154092704567651153033628358570812600         6.55445480981800583261322443122947683E-0002
 -0.184907899609428560590902294409464588         4.61674297820270906456994801501669300E-0002
 -0.215721269684887162117930190222511937         2.84375987120421323166879918357744158E-0002
 -0.246532510678504173588654025444894610         1.40230545199727534581736741528148963E-0002
 -0.277341318495769989208397542798259369         4.27840110382110003156077155596218295E-0003
 -0.308147389066189471455755374098634816         1.17948797574752227013624232277790921E-0004
 -0.338950418346283004111375341932055055         1.93068903468697623357340734934203976E-0003
 -0.369750102322587278654452117238378322         9.54502408905223784568409088551809305E-0003
 -0.400546137014655784410381965888691542         2.22463746375447588704692567361815666E-0002
 -0.431338218478058972835952173781238655         3.88457584527384350054048045747447288E-0002
 -0.462126042807384066331654870957533072         5.77926185130449007730210950189166837E-0002
 -0.492909306139234481974223349012293308         7.73210375103185319571784343242045553E-0002
 -0.523687704655228840566289548011832783         9.56153983567321396264857959525249801E-0002
 -0.554460934584999531404154141735355149        0.110979820845596772828843809938676447      
 -0.585228692209190803169045532918367835        0.121995474591499221400273864300992900      
 -0.615990673862456351351921040030261700        0.127651143704803999669052224115145253      
 -0.646746575936456372626832567798979711        0.127435061074241764741596823616838572      
 -0.677496094882854056593140056162708080        0.121379772504614742186669049540371648      
 -0.708238927216311485312408944657556981        0.110056264908930553227615976499375615      
 -0.738974769517484911071672716636003462         9.45183656482652123924767476347565645E-0002
 -0.769703318436019382810878242467363678         7.62030375973399507452704096031432934E-0002
 -0.800424270693542691658760062432437315         5.67962243796210222917220911140933433E-0002
 -0.831137323086658606028109874943747227         3.80769732588527013526784761821736341E-0002
 -0.861842172489939366728419257675711898         2.17544071617038794789660380921626952E-0002
 -0.892538515858917412561176978972139151         9.31258090534459184497767916634456886E-0003
 -0.923226050233076306870697082430944676         1.87732129187688830490265667181555052E-0003
 -0.953904472738840835531240173889952788         1.16929250347359067447859101599616701E-0004
 -0.984573480592566246859367929319027964         4.18534550064990556240918936702392697E-0003
  -1.01523277110352660394893969365309743         1.37123734994779736401792549649428317E-0002
  -1.04588204167690221993492007079372585         2.78411995552039008578281336205057251E-0002
  -1.07652098981676614670121752740575990         4.53091578585912559650360536802129818E-0002
  -1.10714931312906968755711615840942474         6.45638500041499345676693770102564163E-0002
  -1.13776670932462690441649579801385083         8.39036848500650440761371393185844327E-0002
  -1.16837287622209809002395951168144471        0.101629913848419671397949485473765392      
  -1.19896751175097217578220207360917706        0.116196454372726130578180505431403484      
  -1.22955031395454804574545822034918227        0.126344259502858853602358245723034627      
  -1.26012098099291472735466517038504679        0.131208632774686977198662182544354925      
  -1.29067921114593042950106000528264914        0.130390521766481338481094879947839435      
  -1.32122470281620039851630891102999879        0.123986191660942377127082706376797940      
  -1.35175715453205356269893186608866683        0.112573457890838358077347408479249388      
  -1.38227626495051793599874302035571458         9.71564978090247813710627521091831729E-0002
  -1.41278173286029475149327361867192309         7.90748229394641556342892943610214192E-0002
  -1.44327325718473129530268076284072666         5.98849700505810122182336136304212870E-0002
  -1.47375053698479241160247145361280821         4.12256177785214921969770474778952528E-0002
  -1.50421327146203064940648708215498295         2.46779943552165499269615697208700541E-0002
  -1.53466115996155502180599871971183450         1.16335426829687177840458618960032911E-0002
  -1.56509390197499834836445805218087009         3.17987838240594441812658153154658779E-0003
  -1.59551119714348315138143248799750671         1.42303954281138018187427587654172700E-0005
  -1.62591274526058607675352569505184250         2.39098321645784488724760677101308077E-0003
  -1.65629824627530081017464645446862795         1.01068909593277563917321804857075891E-0002
  -1.68666740029499945943283911225792378         2.25242835973903813675775220574210610E-0002
  -1.71701990758839237357602791751907138         3.86294179540089526164701081402472275E-0002
  -1.74735546858848636973445500863900946         5.71203045012880798911131674352679834E-0002
  -1.77767378389554133840330759450464182         7.65160890549125708024470539123287719E-0002
  -1.80797455428002519800503382103952883         9.52785513394796750926931421416729561E-0002
  -1.83825748068556716956713875642508757        0.111935596183683730960433653352750332      
  -1.86852226423190934236783171038087427        0.125196779862790162789551815673481356      
  -1.89876860621785650141876356022172668        0.134051883834576875203292929011518502      
  -1.92899620812422418767124772260635285        0.137845206665664187430089147933306762      
  -1.95920477161678496184980071563002083        0.136320426948799270023039810230764515      
  -1.98939399854921284283456772904464103        0.129633395385412130537252889837736494      
  -2.01956359096602589153221508593007915        0.118332826610697379438285167757759016      
  -2.04971325110552691119317475927571528        0.103311366884272628244512068184009846      
  -2.07984268140274223515171602101513918         8.57317183972731457853984959223683748E-0002
  -2.10995158449235857298419566561437661         6.69342450765606245980367531680870224E-0002
  -2.14003966321165788610000087904330283         4.83336541934215498393518108396192253E-0002
  -2.17010662060345026379914752773319991         3.13128804579924718934015099995284925E-0002
  -2.20015215991900477085023122899020610         1.71221859420997113259057578425823537E-0002
  -2.23017598462097823766244883952206725         6.79077251666897334564891740819089095E-0003
  -2.26017779838634196414571376465220322         1.05697039219804019665044916069271728E-0003
  -2.29015730510930630837347954703089532         3.21438486016356460854475265741316044E-0004
  -2.32011420890424313118376233698301069         4.62593439612641785887449252660897654E-0003
  -2.35004821410860606787501387101590284         1.36582386673643613365876517845735978E-0002
  -2.37995902528584859817494228159938620         2.67819022999442190094980184767801484E-0002
  -2.40984634722833988568210821846135357         4.30877666132316464754610581707178532E-0002
  -2.43970988496027835800213816485003933         6.14627956058242406845360521470858763E-0002
  -2.46954934374060299882269526422374060         8.06707471829201265803965512447860524E-0002
  -2.49936442906590232319393021356446695         9.94386405964759004358615410030592810E-0002
  -2.52915484667332100730400060609596200        0.116542866732583464561640413352161914      
  -2.55892030254346414406239629294229561        0.130889114726581017116729836494740315      
  -2.58866050290329909582724065171764421        0.141581001811793815407382523474656945      
  -2.61837515422905491563645286892345273        0.147973318155056382282450938692966458      
  -2.64806396324911930832665422828628876        0.149707042711317173911035887001786904      
  -2.67772663694693310294798171194882603        0.146724648999171299743222753900881404      
  -2.70736288256388220790753472609076216        0.139265599423320450480292403146176332      
  -2.73697240760218702029902521468394015        0.127843228058413555336709208945501268      
  -2.76655491982778926090132757947193293        0.113205352049431427784580338684814452      
  -2.79611012727323620635403243292371691         9.62818658107900078331773538422190233E-0002
  -2.82563773824056229004379702308110736         7.81232153903444400302965007230396041E-0002
  -2.85513746130416804326125493136200199         5.98339999605922797212953896697920921E-0002
  -2.88460900531369634821449810018532258         4.25060022229346959269673146951935350E-0002
  -2.91405207939690597451167513766714838         2.71547281285209055240905888471623109E-0002
  -2.94346639296254237075206090975206821         1.46630740323537295846780024584836760E-0002
  -2.97285165570320568289204340137459740         5.73508435392032887042524964155660329E-0003
  -3.00220757759821597107984444021580133         8.61971616161300726118860214693794515E-0004
  -3.03153386891647559668044085919313883         3.01703881618756532172706456433508142E-0004
  -3.06083024021932875124008175410274134         4.07258215778508309695465516087364299E-0003
  -3.09009640236341809916800539517426352         1.19603880232775690658260504818547920E-0002
  -3.11933206650353850594144579729828943         2.35379277128391484793945845145309208E-0002
  -3.14853694409548782366878366219558074         3.81951714611866308491893057349117369E-0002
  -3.17771074689891470587473909291985012         5.51777129304126633092152516932030330E-0002
  -3.20685318698016342340082386018191390         7.36309679683952453869617793344893758E-0002
  -3.23596397671511565334386878167253189         9.26473980184030811449523409251049311E-0002
  -3.26504282879202921298531666772593040        0.111314073784474145142761038435047477      
  -3.29408945621437371069412299445271366        0.128758072694073199761315254333201997      
  -3.32310357230366308581653469129453252        0.144187505584920511667727929995274564      
  -3.35208489070228500959672187349901886        0.156926365233302157443021115552812920      
  -3.38103312537632711920321770824190339        0.166441850519131466486343174645937403      
  -3.40994799061840005696737757026996568        0.172363313369018709810432769359990846      
  -3.43882920105045728697159991052003730        0.174492470762406669248526918784976160      
  -3.46767647162661166115685751798463567        0.172804993740343212827590533504074685      
  -3.49648951763594870715116878722905578        0.167444006570380709920968588837592700      
  -3.52526805470533661005299389479213145        0.158706384219739820160569021296522218      
  -3.55401179880223286043617011788960530        0.147023012903029627253054983806436317      
  -3.58272046623748754087590357634689912        0.132934370179684226515919033806815027      
  -3.61139377366814322332851111877726541        0.117062886711778364543967071858513076      
  -3.64003143810023144973105557925363451        0.100083574967385660245996787757668474      
  -3.66863317689156576822073987096500544         8.26943584831002238542219785520291445E-0002
  -3.69719870775453129740792002577593653         6.55874194898625507490411744791347975E-0002
  -3.72572774875887079117086399770724789         4.94227155908498051603227952467708369E-0002
  -3.75422001833446717647492148592881205         3.48046117512880269419909979420083606E-0002
  -3.78267523527412253675357985802092425         2.22623463681735562860058371361882876E-0002
  -3.81109311873633351342396212346019870         1.22348133451213369878280535852096370E-0002
  -3.83947338824806309814467447428526526         5.05990841768939832564612377910270978E-0003
  -3.86781576370750878845953282579109399         9.68468268814349914191169343419378955E-0004
  -3.89611996538686707950658970331447770         8.26340090111697573496745870400501008E-0005
  -3.92438571393509426450804437746854550         2.41830290978257858370960441993403108E-0003
  -3.95261273038066351679304999266106173         7.89119814256711942870101064327849696E-0003
  -3.98080073613431822614213120283203703         1.63259877824672300780715681248648951E-0002
  -4.00894945299182156227889416185893885         2.74678215918087178872548371610620431E-0002
  -4.03705860313670223837194724913999206         4.09956254905377535681236959397936482E-0002
  -4.06512790914299644744745527596814059         5.65364961365170431400930519134561115E-0002
  -4.09315709397798594465052174529735355         7.36805676128008697283216641786252944E-0002
  -4.12114588100493224833163265358622738         9.19957740792342690776899581826297773E-0002
  -4.14909399398580693297270095315279173        0.111042001247633809064457079163107945      
  -4.17700115708401798700582275882762477        0.130384200467534834120192650571785844      
  -4.20486709486713220861669430296046171        0.149604127035545738521790860240015900      
  -4.23269153230959361266374213470359889        0.168310454437140181824543814201950515      
  -4.26047419479543782188338773702783641        0.186147104523922364566459985945387128      
  -4.28821480812100241559150120957090029        0.202799716714375382140664712083715956      
  -4.31591309849763320913099654600718597        0.218000254495262805304268940593229054      
  -4.34356879255438643735568292738610032        0.231529812842094929472522298019030734      
  -4.37118161734072681548091196143173682        0.243219744428777527805012244410047848      
  -4.39875130032922145067224952314645908        0.252951265073588143828534091682472094      
  -4.42627756941822957778435239263317981        0.260653729765956606222681724403849415      
  -4.45376015293458809270344383767108654        0.266301790320128016170056880493052161      
  -4.48119877963629285678825824448195310        0.269911655081636875463709472557829980      
  -4.50859317871517574594606245095790781        0.271536671333980377746793948383242642      
  -4.53594307979957741792236017045437941        0.271262443471549451627525311204709074      
  -4.56324821295701577142514539657251691        0.269201686079021993515825128384116425      
  -4.59050830869685007074709053308043412        0.265488992268907246232525092933409216      
  -4.61772309797294070959183477859740495        0.260275675416574141292027249597208450      
  -4.64489231218630458785357759067121249        0.253724818138398895391559503111705474      
  -4.67201568318776607514248043363534523        0.246006637190004368035207067690132739      
  -4.69909294328060353489193705180201334        0.237294247961298157482046753358072287      
  -4.72612382522319138292758777423924958        0.227759888278429854451853195745520711      
  -4.75310806223163765442202641715578900        0.217571638972381605374443768151128916      
  -4.78004538798241705320347876979366341        0.206890658643389023786306308846100776      
  -4.80693553661499945743131899218121305        0.195868932575576322793025423038394708      
  -4.83377824273447385569613407807032549        0.184647521021042716545491042218125305      
  -4.86057324141416768764714640127987388        0.173355280128779728511763329989410546      
  -4.88732026819826156329515982337580841        0.162108019581986040116164865404732564      
  -4.91401905910439933518480544749663844        0.151008054379582110813396142660079705      
  -4.94066935062629349767572840702284102        0.140144103938940498085572986271533529      
  -4.96727087973632588761847662601847904        0.129591489545274474647685356108017909      
  -4.99382338388814366075722582576095570        0.119412580838763367929141011605751200      
  -5.02032660101925051823810172053501558        0.109657443211210169806959125668803142      
  -5.04678026955359315764873988601274665        0.100364640379117507861717235872948702      
  -5.07318412840414292306185573229094353         9.15621497211487097229785265184509180E-0002
  -5.09953791697547262860298090583678023         8.32683519472796173022734981442371960E-0002
  -5.12584137516632853011015781254311625         7.54930610633759219793579402406317393E-0002
  -5.15209424337219741950127032767354304         6.82385651975785781593445691356685104E-0002
  -5.17829626248786881651282566506545399         6.15006534850069890250564941898108432E-0002
  -5.20444717390999223252238934246540427         5.52696087185335548967286352267809064E-0002
  -5.23054671953962948121551172473450147         4.95311497507227540188291257900448312E-0002
  -5.25659464178480201090687027186005965         4.42673115897700257042583978545461765E-0002
  -5.28259068356303323337448588176112839         3.94572547113431931595988587350433702E-0002
  -5.30853458830388582411525411384486916         3.50779982730014901434682962929227987E-0002
  -5.33442609995149396897966212077354635         3.11050746527905739225466160967218254E-0002
  -5.36026496296709053219343931310960146         2.75131050397589226014840948890426239E-0002
  -5.38605092233152912082401364215145859         2.42762976958651853253291640914956383E-0002
  -5.41178372354780102080001541565248653         2.13688720105396591519563452629085946E-0002
  -5.43746311264354697964268626209877825         1.87654126127970022168787707613606497E-0002
  -5.46308883617356381111891173225086785         1.64411586277922358789932250538210351E-0002
  -5.48866064122230579707670156975453171         1.43722337041665964133689485147043012E-0002
  -5.51417827540638086177529139140478790         1.25358227353110613043762205066305221E-0002
  -5.53964148687704149407363288530467257         1.09103012909626734826002362027828992E-0002
  -5.56505002432267039289287615249036063         9.47532370270791359942411289338919219E-0003
  -5.59040363697126081142052697299117566         8.21187554272611129354973255067715595E-0003
  -5.61570207459289157557628305675710868         7.10229593099545904093686595785740227E-0003
  -5.64094508750219675231211622702718103         6.13027473020904801330373308324208339E-0003
  -5.66613242656082994337197145975551437         5.28082926414630359443382705640128757E-0003
  -5.69126384317992318018949824650367953         4.54026474490110271855657922165253509E-0003
  -5.71633908932254039565551433622029968         3.89612213434637167978079319628675630E-0003
  -5.74135791750612544854042601766388789         3.33711670938138310633971556347720511E-0003
  -5.76632008080494467641059220062177364         2.85307015970963316420384954869401280E-0003
  -5.79122533285252395293162110991631612         2.43483862928008296085824173507090469E-0003
  -5.81607342784408022550582788849587758         2.07423872387769362946977782971884766E-0003
  -5.84086412053894750924555827936076956         1.76397315143100187342840805507417451E-0003
  -5.86559716626299731333879728300823148         1.49755734047920244674772058428003753E-0003
  -5.89027232091105347591843172749384216         1.26924809658622347525969514799394212E-0003
  -5.91488934094930138360172149976404680         1.07397510587932669716417849929925609E-0003
  -5.93944798341769155192195522495483460         9.07275878052011201879569754946785163E-0004
  -5.96394800593233754292992189789101024         7.65234536209232042810606067927279961E-0004
  -5.98838916668790819629871981876014078         6.44424705520421463286929683721973793E-0004
  -6.01277122446001415032154761126445822         5.41856624187637752991520262129015766E-0004
  -6.03709393860758862924847855255732673         4.54928496002973231894505208562719197E-0004
  -6.06135706907526247346480836373311092         3.81382021004414218495315281927962035E-0004
  -6.08556037639573338907038743905020410         3.19261976742051364783495418167224374E-0004
  -6.10970362169212939347640067062848609         2.66879674854913758998014709077513928E-0004
  -6.13378656668036643369334098999201813         2.22780083613944420619896611574786950E-0004
  -6.15780897367150015404143593316614845         1.85712384582486022977137148959958359E-0004
  -6.18177060557407179007252937445316617         1.54603718565225652478113230552616860E-0004
  -6.20567122589644816555039249560364281         1.28535870759128770258185443156841093E-0004
  -6.22951059874915576939463848971258742         1.06724645899773526429850075784979481E-0004
  -6.25328848884720888955184386838513766         8.85016898359033926929601949680530131E-0005
  -6.27700466151243178081613496987193762         7.32985231826833248322019018026413762E-0005
  -6.30065888267577484368038077606062274         6.06325645009640638584162899546754009E-0005
  -6.32425091887962479135824185628097240         5.00949339927425926116540591298083167E-0005
  -6.34778053728010878217665958245755024         4.13398433078863660323971960806807455E-0005
  -6.37124750564939249459792911761976441         3.40753921718782471228722410720575976E-0005
  -6.39465159237797212219028348032806731         2.80556077318043220608905284368274864E-0005
  -6.41799256647696026592592364115450478         2.30735774402489234744758160685456885E-0005
  -6.44127019758036570124566052171508031         1.89555407007840107919334800929181577E-0005
  -6.46448425594736699738978834743496932         1.55558182017763191406376088334375026E-0005
  -6.48763451246457996655548445558381364         1.27524707433214961923211857789209142E-0005
  -6.51072073864831892050192778130224468         1.04435913390366874797278091714473082E-0005
  -6.53374270664685171228544623532308964         8.54414541223611448541308623169566043E-0006
  -6.55670018924264854086834144466090349         6.98328399674643895900215400772918483E-0006
  -6.57959295985462449640659724631823127         5.70206401138414079567737524482192386E-0006
  -6.60242079254037582408345529648419381         4.65151793613280196477824422371500611E-0006
  -6.62518346199840988441783657406683708         3.79102262175885132282727408954174604E-0006
  -6.64788074357036878803880080583582658         3.08692356562363263618230418370853046E-0006
  -6.67051241324324668297966630693620612         2.51137684237843227184762670138028452E-0006
  -6.69307824765160067260805979890437074         2.04137604904605348328409370343035167E-0006
  -6.71557802407975534237102881927202766         1.65793617006943713660809285157382672E-0006
  -6.73801152046400087359742775195053797         1.34541024849937041222845067635914664E-0006
  -6.76037851539478472266308166328764684         1.09091822163040843256683474193578889E-0006
  -6.78267878811889684388773940030343889         8.83870297108832770901355863081855381E-0007
  -6.80491211854164843459654816835160000         7.15569859355378817856890337325864639E-0007
  -6.82707828722904418084271542641684901         5.78883152796919475165302795745990985E-0007
  -6.84917707540994798235216978845160034         4.67964930689858496184757379118668326E-0007
  -6.87120826497824213531539006547991265         3.78030925126865344693338364975889227E-0007
  -6.89317163849497995171613999047350402         3.05169420207216566658618690765471681E-0007
  -6.91506697919053179395162489896808065         2.46185427720936596090335572226553590E-0007
  -6.93689407096672450356357505369925984         1.98472001004077611868697200379193699E-0007
  -6.95865269839897420296495775978607297         1.59904102618428681293694580905363480E-0007
  -6.98034264673841244911242627470385154         1.28751186997530105874340675779203056E-0007
  -7.00196370191400571814022712893825518         1.03605289299532369920329903610493524E-0007
  -7.02351565053466820003710819121768169         8.33219431054821374648680761080944342E-0008
  -7.04499827989136788251379698695926414         6.69716968095895997481689001754209278E-0008
  -7.06641137795922590327485175837168898         5.38003741342671050426932799484129393E-0008
  -7.08775473339960914997512588584420077         4.31965390144429584894782006678345822E-0008
  -7.10902813556221608720772891709712691         3.46648884630942106564400225617118333E-0008
  -7.13023137448715578993721391533981700         2.78045169529525650086164682913740733E-0008
  -7.15136424090702016285877048062911768         2.22911791663216838404378988510223824E-0008
  -7.17242652624894932523145495799246466         1.78628305046809895454347844487339884E-0008
  -7.19341802263669014080094335792300801         1.43078514668490350594055114412023710E-0008
  -7.21433852289264787249494771382556060         1.14554670994712005987604778865414362E-0008
  -7.23518782053993094164229231916261640         9.16795974880664256793408518324509476E-0009
  -7.25596570980438877153470185471014009         7.33434529517546666206363037096834995E-0009
  -7.27667198561664269521860816180272039         5.86524245360437473502037844506981712E-0009
  -7.29730644361410990747273566708008946         4.68871369485130701482034261676767046E-0009
  -7.31786888014302044099587654243576040         3.74689665574590624409904300062660560E-0009
  -7.33835909226042714689811491305576682         2.99327805178551406310394843127047410E-0009
  -7.35877687773620865965780412711624191         2.39048931788926255571092902739262730E-0009
  -7.37912203505506532677584159144026796         1.90852551803120903431758461874953726E-0009
  -7.39939436341850808342822127482069993         1.52330734016073040906673758689949282E-0009
  -7.41959366274684025248747399949579645         1.21552094252239981105378788534912636E-0009
  -7.43971973368113225035342939419780500         9.69682632254993569011634640569127795E-0010
  -7.45977237758518917910375018014924125         7.73385326028252755710165169616654037E-0010
  -7.47975139654751128554489861331982837         6.16691869477324999531430232999473222E-0010
  -7.49965659338324726781459571924276681         4.91646910567272499059489446306169552E-0010
  -7.51948777163614041025742573589504156         3.91884406237205377322969015524138520E-0010
  -7.53924473558046752736602022885979972         3.12312217475979002877686048036281065E-0010
  -7.55892729022297069765122796262001308         2.48858800771486593542890892501169296E-0010
  -7.57853524130478176837583710191959453         1.98269885721510732741200079681717083E-0010
  -7.59806839530333961215776497534637447         1.57945364060807646704156197408327829E-0010
  -7.61752655943430011652016675545768496         1.25808506354136876909292896361827913E-0010
  -7.63690954165343888753763728985164421         1.00201152398036202880015702065564116E-0010
  -7.65621715065854664879958924770947542         7.97997579254890460790075312599543855E-0011
  -7.67544919589131731698398501678405495         6.35481789192288531421885512818833064E-0011
  -7.69460548753922873540687868504656509         5.06038808256166239021621235114423183E-0011
  -7.71368583653741604698568725586230333         4.02949099194205624213485340364036067E-0011
  -7.73269005457053768812675626047046271         3.20854878205374218404244428356492833E-0011
  -7.75161795407463398512061342970346227         2.55485119138766699055412127403716902E-0011
  -7.77046934823897833470131434951189613         2.03435838048391365128285950168400007E-0011
  -7.78924405100792095049947533137920134         1.61994608608787915307037663255027915E-0011
  -7.80794187708272515719196035674713054         1.29000452199344914134061801101152117E-0011
  -7.82656264192339621422474017998095055         1.02732008021872939326969591160296829E-0011
  -7.84510616175050265105917177126063795         8.18183025718313106849576767984257500E-0012
  -7.86357225354699009596585452140540409         6.51675720778691468174051664805670231E-0012
  -7.88196073505998758046430528557869128         5.19105009675368363514392426151795300E-0012
  -7.90027142480260630158095668088428082         4.13549681937876263865510792738631322E-0012
  -7.91850414205573082417242134111161408         3.29499769593949054789250698877702579E-0012
  -7.93665870686980270563557833564436873         2.62569106546642681062876868701221969E-0012
  -7.95473494006659652540082594240537406         2.09266317236724139698986467047881607E-0012
  -7.97273266324098830167980668854589679         1.66812392211932654330257983612772805E-0012
  -7.99065169876271627801404529755642379         1.32995398986023315066885542917687131E-0012
  -8.00849186977813406224624716602960764         1.06054787102378599514105520368955488E-0012
  -8.02625300021195610061148349419483015         8.45892724831224091451992740819464162E-0013
  -8.04393491476899546972113846662516918         6.74835048170171228724821570391327880E-0013
  -8.06153743893589396928831317656410335         5.38496945264084532253434090021803918E-0013
  -8.07906039898284449851936956082464591         4.29811521044272615414582025569549466E-0013
  -8.09650362196530569917245471220183073         3.43153118379220774387290186435305484E-0013
  -8.11386693572570884836017081117024088         2.74043057451031257980326278890688083E-0013
  -8.13115016889515698425004781501611539         2.18915472472398671304862543995396973E-0013
  -8.14835315089511624789313420553443265         1.74930978778792263839947526062265901E-0013
  -8.16547571193909942448784476941979087         1.39828403670021555241764121308590615E-0013
  -8.18251768303434166746319281027776948         1.11806806269235522888592705712414022E-0013
  -8.19947889598346838884268660793546349         8.94315981667294326794349038519165094E-0014
  -8.21635918338615529942748558797345927         7.15598399763560809014635244960356200E-0014
  -8.23315837864078058241488977906190406         5.72807947874801211272190373907054737E-0014
  -8.24987631594606918414587595308321859         4.58686201983926652681293441086422712E-0014
  -8.26651283030272920575319459688942900         3.67447179146309518751917778834093441E-0014
  -8.28306775751508037955950278701126011         2.94477670669675077646932844416555968E-0014
  -8.29954093419267461415312836026611306         2.36098709707929994414377679975348764E-0014
  -8.31593219775190859214733972298670330         1.89375681422618175254457634840955985E-0014
  -8.33224138641762840470743244693013824         1.51967138387767866487228685169292088E-0014
  -8.34846833922472620700853768668849680         1.22004416065164076673884251752398324E-0014
  -8.36461289601972887886580764591712604         9.79957596831501279950483888506019599E-0015
  -8.38067489746237867485753904069287766         7.87499596715984056294932097040958256E-0015
  -8.39665418502720584834085597904388902         6.33155155579456599359315786056015761E-0015
  -8.41255060100509323383878811586054759         5.09321617242515007016827338333232575E-0015
  -8.42836398850483277235694757018892323         4.09922354779866910220972280179963108E-0015
  -8.44409419145467396426752812399746542         3.30098825616958993180507294027235539E-0015
  -8.45974105460386423447802187306371882         2.65965046143006989890613495576618277E-0015
  -8.47530442352418119468187098532401607         2.14411787513332059416854311253843686E-0015
  -8.49078414461145678756824475204904496         1.72950384936352931201519406909473620E-0015
  -8.50618006508709329794825390325599019         1.39588113757941228714973193715673793E-0015
  -8.52149203299957121583518441007345551         1.12728725473482450445709839773497358E-0015
  -8.53671989722594893659675092110374022         9.10930416210738237507003252057952566E-0016
  -8.55186350747335428337793478348601421         7.36555418876533356144366259435827105E-0016
  -8.56692271428046783707368248721103119         5.95937092034621133444101620729633620E-0016
  -8.58189736901899805921159654668988269         4.82475524550307116106028646772510332E-0016
  -8.59678732389514819318575149861747103         3.90872511819314671715784093364398425E-0016
  -8.61159243195107492936391205035274714         3.16872836489245483333501843484533156E-0016
  -8.62631254706633881967171765749954548         2.57057318021750037101918103167792768E-0016
  -8.64094752395934642733882714084241096         2.08677211634558135172659945660508305E-0016
  -8.65549721818878419757358756759607223         1.69521644796554300981198601006700194E-0016
  -8.66996148615504403501450271499634075         1.37811458957642099489677861090956642E-0016
  -8.68434018510164057388862719913876030         1.12114162842645469663995130694890273E-0016
  -8.69863317311662012688900198082499951         9.12757708547022589983158713205902427E-0017
  -8.71284030913396129886537464380171840         7.43661511655868705282967762357600441E-0017
  -8.72696145293496725150471276860476981         6.06351868858330106231983526827442236E-0017
  -8.74099646514964960526042008533208201         4.94775953028540075581038390808829499E-0017
  -8.75494520725810396487170206779281639         4.04046824107678862010227606122809994E-0017
  -8.76880754159187705489719941501190031         3.30216550145253824329343792758476203E-0017
  -8.78258333133532545176981363807084735         2.70093882394721952861350327057835975E-0017
  -8.79627244052696589896258791347786626         2.21097663875366762656536593152904324E-0017
  -8.80987473406081719193857766010946226         1.81138909640223743693525455640779708E-0017
  -8.82339007768773361964084812537106726         1.48525902885718306990041227677123477E-0017
  -8.83681833801672994936206980640818887         1.21887775213835784066316173429423865E-0017
  -8.85015938251629794191664596149299886         1.00112938586895091053513173690434635E-0017
  -8.86341307951571438412189896136448417         8.22994560750314563612148051818903133E-0018
  -8.87657929820634062567856296528859728         6.77150145042136479838853566067006512E-0018
  -8.88965790864291360762467855563865784         5.57646233863136649260891703568541575E-0018
  -8.90264878174482836962095970032819179         4.59645340537035585463023284813122580E-0018
  -8.91555178929741202340980390566156305         3.79211690930798359731050199006317366E-0018
  -8.92836680395318917987434184306443695         3.13140896429334691966618974296463215E-0018
  -8.94109369923313881720827225044521076         2.58822186031030909591875245809096829E-0018
  -8.95373234952794257779170069012458073         2.14126906668221559839306359937508174E-0018
  -8.96628263009922448145279595664090836         1.77318228112606866552349946432244869E-0018
  -8.97874441708078204287979473437368777         1.46977974582116089545899176211716756E-0018
  -8.99111758747980878103272267070521907         1.21947297315062067007501616030174527E-0018
  -9.00340201917810810848915751804932539         1.01278539248311528471400916821187443E-0018
  -9.01559759093329858874343656901931333         8.41961552152155464515590719188924570E-0019
  -9.02770418238001054956390542361395939         7.00649633440818250744750733306283000E-0019
  -9.03972167403107404059811734473195084         5.83643352821451943119806190224655293E-0019
  -9.05164994727869812350132123658426936         4.86672002789880907093997364123679062E-0019
  -9.06348888439564148294912077651353432         4.06229536960499385370051626473193542E-0019
  -9.07523836853637434698084660005914198         3.39435343210220334452524396183936283E-0019
  -9.08689828373823170520595683640407999         2.83920751087626593362249892790381559E-0019
  -9.09846851492255781349166787005471437         2.37736451891223390167296997889512227E-0019
  -9.10994894789584197383601611707259779         1.99276924348173247626489608346264480E-0019
  -9.12133946935084557821666200162316765         1.67218697952390236718140128155287934E-0019
  -9.13263996686772040529196835115493951         1.40469883729643863407433593963186305E-0019
  -9.14385032891511815891721624520798702         1.18128885824825269039185571449883182E-0019
  -9.15497044485129123752526110162145985         9.94505988561427369227055551439476893E-0020
  -9.16600020492518472350747961164156702         8.38187131716641028281873690488591116E-0020
  -9.17693950027751958181751318793151121         7.07230072512671707826651489129411378E-0020
  -9.18778822294186705710707501150286216         5.97407150296066125270387751293327276E-0020
  -9.19854626584571425878995469882388948         5.05212251545801954115901705532486096E-0020
  -9.20921352281152092351732620147245024         4.27735066306505013047202306503963884E-0020
  -9.21978988855776734463453993931508238         3.62557669743131352999630846474395802E-0020
  -9.23027525869999345827675849491062704         3.07669398149790193733092377706445718E-0020
  -9.24066952975182907584807560124150005         2.61396727569557650814418370808478946E-0020
  -9.25097259912601525271613977554600686         2.22345464702431188717848565547901510E-0020
  -9.26118436513541678304178592653966149         1.89353049833640448056752036857460648E-0020
  -9.27130472699402581075075972726058555         1.61449171024577607633861864481686626E-0020
  -9.28133358481795654674229963675990120         1.37823214721498616190841987933858107E-0020
  -9.29127083962643108251711930551559921         1.17797343990720372092787588139705582E-0020
  -9.30111639334275629049520784544571397         1.00804212925740012648497515621327607E-0020
  -9.31087014879529180138183621844537496         8.63685034343319703356113272926385029E-0021
  -9.32053200971840904902822392923655120         7.40916159455016471514350630922685364E-0021
  -9.33010188075344137332148042982384572         6.36389645439964350480042236074558257E-0021
  -9.33957966744962517172668928388862065         5.47294244952559331987324625558226986E-0021
  -9.34896527626503209019234932899937123         4.71265600131315227391078129320307497E-0021
  -9.35825861456749224421882494062741381         4.06313256595248991746294749558943761E-0021
  -9.36745959063550846097798617178728742         3.50759885666817661697016792656225305E-0021
  -9.37656811365916153346083814192908772         3.03190628727348290079675224599073973E-0021
  -9.38558409374100647771864670386477814         2.62410840994204195821003258355658842E-0021
  -9.39450744189695978435186325250436326         2.27410810980264770117893518713347176E-0021
  -9.40333807005717765549003467763085223         1.97336278055884187816856260544132171E-0021
  -9.41207589106692521859485402761516390         1.71463773361852908781906791115572051E-0021
  -9.42072081868743670850756256376942425         1.49179976572355083173752758114239598E-0021
  -9.42927276759676660925105366702155920         1.29964419024603978655896516849586602E-0021
  -9.43773165339063174718625262999223287         1.13374977712934821757680076162339577E-0021
  -9.44609739258324432721165284776599124         9.90356988478627138454980609615326787E-0022
  -9.45436990260813590378427742825358119         8.66265675969512723232790236640985937E-0022
  -9.46254910181897227862980489581270878         7.58749051198919410489795797764699197E-0022
  -9.47063490949035931709914757670128408         6.65481274381993798622727399868000700E-0022
  -9.47862724581863967521840054815836486         5.84476449742209836545377713789766061E-0022
  -9.48652603192268042956878681983907005         5.14037183450474872547307101444963942E-0022
  -9.49433118984465160222300981159084068         4.52711165131350627278500269126843378E-0022
  -9.50204264255079557305428630900386965         3.99254487547999521873520058767318415E-0022
  -9.50966031393218737182427103089588641         3.52600629984648623791098049063276337E-0022
  -9.51718412880548584254609684324888768         3.11834206391772827518255320044529912E-0022
  -9.52461401291367567270884161371252647         2.76168725590811805081750892598383850E-0022
  -9.53194989292680028003989283050313563         2.44927732745611883884441978045545391E-0022
  -9.53919169644268554957191351951529581         2.17528803024295201342116801146327672E-0022
  -9.54633935198765441387141679316648718         1.93469943311857335109390429504862933E-0022
  -9.55339278901723226937633066265297562         1.72318028816427397313042827604082686E-0022
  -9.56035193791684322188037864994877512         1.53698960781751133362464364918366207E-0022
  -9.56721673000249715429261435438426622         1.37289281215736215642818302943422695E-0022
  -9.57398709752146760989102856767423370         1.22809022179847113787517079613483307E-0022
  -9.58066297365296048437979489683384940         1.10015602093472441051291773431346290E-0022
  -9.58724429250877352015043325187312256         9.86986108017618421463438396734547560E-0023
  -9.59373098913394659623794908919035010         8.86753497583612095912738677008763736E-0023
  -9.60012299950740280755384907624626645         7.97870143544663207240786626483626516E-0023
  -9.60642026054258032706883996181089518         7.18954228226607579501083235134732209E-0023
  -9.61262271008805504470898600162808619         6.48802107914898030563942085961591557E-0023
  -9.61873028692815397682013040391545661         5.86364229095252898968587652371377859E-0023
  -9.62474293078355944014647702427915706         5.30724433671396626742670441014151903E-0023
  -9.63066058231190398436037905634479963         4.81082159305330937126941123751869602E-0023
  -9.63648318310835607727159083306903968         4.36737115250753567228450728513856604E-0023
  -9.64221067570619653693550617410102520         3.97076076807033159477965360045187769E-0023
  -9.64784300357738570497123108593775476         3.61561494626247595561438168536173763E-0023
  -9.65338011113312135549171914262748492         3.29721660081515203800753016718564050E-0023
  -9.65882194372438733413963364353199934         3.01142206027832980463847691800267977E-0023
  -9.66416844764249292181409075872747574         2.75458754628333443649838473102113014E-0023
  -9.66941957011960291776498142903463474         2.52350551379229316050449802910340191E-0023
  -9.67457525932925843682316588292361392         2.31534947802224313239021981286026745E-0023
  -9.67963546438688841562648236262130502         2.12762615120233362794066591566746616E-0023
  -9.68460013535031182279321011213247657         1.95813388126679705843307669727356338E-0023
  -9.68946922322023056808637496554425785         1.80492652851880767425026564178566545E-0023
  -9.69424267994071310570408307939774535         1.66628203902796293453696290789621824E-0023
  -9.69892045839966872692291357207940812         1.54067507825969868250649577392509462E-0023
  -9.70350251242931253741329315963336122         1.42675317789198144764985359676618416E-0023
  -9.70798879680662111463771440418314430         1.32331592524672586392073040834789691E-0023
  -9.71237926725377884083464301088250046         1.22929679019081010671540746529878091E-0023
  -9.71667388043861490718298781414528809         1.14374724038693289776245660835939175E-0023
  -9.72087259397503098483407877555428073         1.06582284378963427582897450657620634E-0023
  -9.72497536642341955859021256560637032         9.94771098466737933805832704543610633E-0024
  -9.72898215729107291910098121018769022         9.29920765182772395070286546912286394E-0024
  -9.73289292703258280954079594084429205         8.70672508559174277429037683447225148E-0024
  -9.73670763705023072282325488557882199         8.16490678749246477883573170454215640E-0024
  -9.74042624969436884550027866372394739         7.66896088048941501261030898081224891E-0024
  -9.74404872826379164458625139369796140         7.21459656231138202477525348296911252E-0024
  -9.74757503700609809363975517504056225         6.79796815087268076824542871155655516E-0024
  -9.75100514111804453452787285459460432         6.41562577066299713730356141095436561E-0024
  -9.75433900674588817139045591922281846         6.06447185341806240815467021231608326E-0024
  -9.75757660098572119341421076185877236         5.74172273390343042511700471123101920E-0024
  -9.76071789188379552311894643148149203         5.44487471465600992565969775165393795E-0024
  -9.76376284843683818695084938793548878         5.17167405405461884468002693734849798E-0024
  -9.76671144059235730507020482623355830         4.92009040186686588879999176337374219E-0024
  -9.76956363924893869731356889860767082         4.68829326693178878292014693399044845E-0024
  -9.77231941625653310240301073233929386         4.47463115416063722027907534863157072E-0024
  -9.77497874441673400756768660323615183         4.27761305366590073560689516199114602E-0024
  -9.77754159748304608583568006417407913         4.09589200450064372995379337830304316E-0024
  -9.78000795016114423834674033076085875         3.92825049001394674081981123900354478E-0024
  -9.78237777810912323912927587700651840         3.77358745189842170301632303853050030E-0024
  -9.78465105793773797987771007774704890         3.63090673622042474469776197560386964E-0024
  -9.78682776721063431235907993606169589         3.49930680759804863624800471365337438E-0024
  -9.78890788444457048617055653740410351         3.37797158767063607807141576636850976E-0024
  -9.79089138910962917966238596175969170         3.26616229146998437850045680044615914E-0024
  -9.79277826162942012193359104474903089         3.16321015058897236689562075102809666E-0024
  -9.79456848338127330390063669190971265         3.06850992543455112742517965266965843E-0024
  -9.79626203669642277653214350089410584         2.98151412059688387683999170413294052E-0024
  -9.79785890486018103443563531730868516         2.90172782767974118460863319890018162E-0024
  -9.79935907211210398307522512449863321         2.82870412900538873611189634846003751E-0024
  -9.80076252364614648799207942867803508         2.76204000359193779186565987729511745E-0024
  -9.80206924561080850449245313118293523         2.70137268384312363915135798601676895E-0024
  -9.80327922510927178636105386188477804         2.64637641761219491771564830469935278E-0024
  -9.80439245019952717225047596439857994         2.59675959580982074055044866876079784E-0024
  -9.80540890989449244849043885696668985         2.55226221061393650798854831552832637E-0024
  -9.80632859416212078715357142497658421         2.51265361368891488464616630187503223E-0024
  -9.80715149392549975830750251403889953         2.47773054770403070963349029879913732E-0024
  -9.80787760106294091547604656835583769         2.44731542791996550899114341018928507E-0024
  -9.80850690840805995342531207959146039         2.42125485374278460841091095147658939E-0024
  -9.80903940974984743748360785836092974         2.39941833297684016139365308706129284E-0024
  -9.80947509983273010369707729544537610         2.38169720408547204614761816030369012E-0024
  -9.80981397435662272921605282449625126         2.36800374413072757344148078818754375E-0024
  -9.81005602997697057240019081383274653         2.35827045224632871015292580998491927E-0024
  -9.81020126430478238222352018341447562         2.35244950053435802179139999567935229E-0024
  -9.81024967590665397665361524559550042         2.35051234619562169576404809071723204E-0024
