   6.70818738068321884482098594425806185                                            Infinity
   6.70812117358197630665481804201774671         23.7254571406993450496223240081925379      
   6.70798876003292859069825308667701187         11.8627871108094639183478066180051125      
   6.70779014134294396853988920212670470         7.90858978609414177502697052870612532      
   6.70752531947230872471891527285140793         5.93151063834654642641034608084948420      
   6.70719429703470780949088213103922590         4.74527876214104286019067056062589628      
   6.70679707729719904281243083600250820         3.95447052251554857144669767483770217      
   6.70633366418018086979957430236872618         3.38961864749758913594769026575680001      
   6.70580406225735366797777288615371805         2.96598950123581631538798426655109990      
   6.70520827675567460670568574957617076         2.63650884171051783754913578189757916      
   6.70454631355530605921811726819951753         2.37293212381782468018007024782648706      
   6.70381817918955756779731078961936560         2.15728554622617199389355566049023447      
   6.70302388084482136264537007341891487         1.97758657480453237600440527614147357      
   6.70216342636050143509421110950838472         1.82553960908377484619710735815091347      
   6.70123682422893616585306309832050503         1.69521922023458667454008657751297235      
   6.70024408359531450905714655378723907         1.58228009385422873221572520103958840      
   6.69918521425758573294475813077641910         1.48346324420825970027061275381274061      
   6.69806022666636271805358525499825392         1.39627650579871254930725062105986102      
   6.69686913192481881389065831765879488         1.31878152774288074184694648702529073      
   6.69561194178857825509392346178532347         1.24944803308512110320350668564726168      
   6.69428866866560013816698420471490600         1.18705180031511752846789881745031978      
   6.69289932561605595993211468435923822         1.13060179302378524849594398475073397      
   6.69144392635220071891019055827840403         1.07928716328938456955462353809417532      
   6.68992248523823758089971489716749636         1.03243808026725859626921845436452234      
   6.68833501729017611009063517105444455        0.989496351632137944380286185017232808      
   6.68668153817568406711215300042064521        0.949993095874293687814365689458009272      
   6.68496206421393277547722010881360104        0.913531567142733247876793538042316864      
   6.68317661237543605794989124168462324        0.879773796789909574578153714656073838      
   6.68132520028188274442516708165928601        0.848430097442565298743874725089831979      
   6.67940784620596275297440676688661727        0.819250738644127553306973490931965874      
   6.67742456907118674577281988032302944        0.792019287368624976009433953826544991      
   6.67537538845169936168896109775755505        0.766547237467396080065623656763304529      
   6.67326032457208602737954643521226653        0.742669646094540882764491040157712210      
   6.67107939830717334879628759636529755        0.720241563509564193568047965259678167      
   6.66883263118182308507479966233270695        0.699135092914847574720236605178735662      
   6.66652004537071970683897666418437743        0.679236954320984241605331720845160479      
   6.66414166369815154101754880782487856        0.660446454434559110763972093894605772      
   6.66169750963778550433283365640753250        0.642673785753316807224539739008032493      
   6.65918760731243542768497079253783922        0.625838594225251429879843087159453228      
   6.65661198149382397371818475664024171        0.609868767267837248310168521536349119      
   6.65397065760233814991885376470615702        0.594699403584375669824030459606138898      
   6.65126366170677841965837122412967791        0.580271933738926432362461677131381658      
   6.64849102052410141365697276661821879        0.566533366363392320742817310731887546      
   6.64565276141915624440786277862114826        0.553435639545011485630422290207942088      
   6.64274891240441442616411060897399728        0.540935060661010702965926112586222249      
   6.63977950213969340315389714738037298        0.528991820901972318248016703384654946      
   6.63674455993187368875277667307295121        0.517569573118241055872526940828636457      
   6.63364411573460961840467614789319079        0.506635063558279651611097557482901324      
   6.63047820014803371914638384975691474        0.496157809639730773341953384247235456      
   6.62724684441845469865328078895166286        0.486109817177084333536854500029963724      
   6.62395008043804905678704109914200458        0.476465331542025440489481442311951391      
   6.62058794074454632268897092582508864        0.467200618099036235784605531532868933      
   6.61716045852090792052556862605538349        0.458293767975352058240367237533247831      
   6.61366766759499966705577172361611118        0.449724525819225138334467545951785193      
   6.61010960243925790425220741282895932        0.441474136696159663607312036594452560      
   6.60648629817034927027158285154601527        0.433525209687376406047728942448714801      
   6.60279779054882411213213840955576792        0.425861596102728218075823937805058786      
   6.59904411597876354351884082297696933        0.418468280513309274776811329936582088      
   6.59522531150742015119971322885554967        0.411331283056553646607495267878921770      
   6.59134141482485235359938469809934384        0.404437571676409216092018695682148949      
   6.58739246426355241513859253040114955        0.397774983139494816924370503978728182      
   6.58337849879806812001098560357597256        0.391332151820160555450154529857611166      
   6.57929955804461810913115586378818037        0.385098445377317086152161690559943348      
   6.57515568226070088405036698484128110        0.379063906557281737037633815667894613      
   6.57094691234469748169895369678339167        0.373219200452608393872688373035381185      
   6.56667328983546782387683166965134510        0.367555566629333663450539292237508871      
   6.56233485691194074547598552071766819        0.362064775606292136697693854485129798      
   6.55793165639269770548119087698147440        0.356739089231806966986922136361301870      
   6.55346373173555018485757485310859559        0.351571224556555365486447037019309138      
   6.54893112703711077549592718322418600        0.346554320847924603601632547318954008      
   6.54433388703235796444894095793909406        0.341681909431709473734719097034011487      
   6.53967205709419461775378685120205875        0.336947886082399235538963450182123381      
   6.53494568323300016819860726087832842        0.332346485714274516300676320919356224      
   6.53015481209617651145265631864511041        0.327872259152688555360318553511239715      
   6.52529949096768761504190763557317010        0.323520051788758599822488113210657681      
   6.52037976776759284471400332677035301        0.319284983941682506062841199684201811      
   6.51539569105157401279842468927188796        0.315162432771399280044120958557845894      
   6.51034731001045615322972627999152039        0.311148015600653200340413215105477810      
   6.50523467446972202796359044346319953        0.307237574519976588938152436435411888      
   6.50005783488902036957732796122609756        0.303427162161914895918764786749713461      
   6.49481684236166786490827182541788192        0.299713028542185397547791710565951347      
   6.48951174861414488464528456829080834        0.296091608875565370335483437350903869      
   6.48414260600558496385032449727350916        0.292559512283301129267337780460528230      
   6.47870946752725803844869198266839314        0.289113511316849425594546418747556940      
   6.47321238680204744278820301338500267        0.285750532229923509566896615548252224      
   6.46765141808392067342911296703917243        0.282467645937218770072470019702994493      
   6.46202661625739392438813832656878403        0.279262059603925429506786169262537425      
   6.45633803683699039912139730900443163        0.276131108815275314446501796716835583      
   6.45058573596669240459251144647155941        0.273072250279983629952337605155915736      
   6.44476977041938723283347846868821329        0.270083055025593997685250503573874900      
   6.43889019759630683546724177447921361        0.267161202047467617143472536395039642      
   6.43294707552646129672214274199945539        0.264304472376520850296751728233921569      
   6.42694046286606611052964850882531984        0.261510743533849938594358715389175824      
   6.42087041889796326735789904975152932        0.258777984343122317568984892396558872      
   6.41473700353103615649471278848354539        0.256104250074092337672392668365975812      
   6.40854027729961828955472899645582620        0.253487677892842752963939420126449298      
   6.40228030136289585104634725530344524        0.250926482596386559166186113114359736      
   6.39595713750430408189504868720075851        0.248418952611108333226657455180342056      
   6.38957084813091750188054988805655548        0.245963446236199397806775700362391223      
   6.38312149627283397700604793169522276        0.243558388114764017102785165684096819      
   6.37660914558255263787856284851314570        0.241202265916659653918938091639052240      
   6.37003386033434565524007202012023914        0.238893627218396652204717798014945830      
   6.36339570542362387884975837319177034        0.236631076566573661122096650118502080      
   6.35669474636629634597826050279701982        0.234413272712375499954629553598752822      
   6.34993104929812366583531731007453918        0.232238926005619647866073201719126138      
   6.34310468097406528631264180413421485        0.230106795937714785666953691186917855      
   6.33621570876762064948423779694521273        0.228015688823697576989418878526947199      
   6.32926420067016424236668871679911248        0.225964455614249114623325631262741843      
   6.32225022529027454950219908542947078        0.223951989829266426256615876311342005      
   6.31517385185305691398735575136650661        0.221977225605182753578935642656021659      
   6.30803515019946031363069715359167154        0.220039135848798048628624088877726091      
   6.30083419078558805898223411165969955        0.218136730490902829028812353085351756      
   6.29357104468200242003805430845464743        0.216269054833458309382317163093195633      
   6.28624578357302318848306415757730450        0.214435187984537289501335815336565931      
   6.27885847975602018239477553762313058        0.212634241375636983285564636306632960      
   6.27140920614069970039083033956957089        0.210865357356349846258988893480668683      
   6.26389803624838493226267232109105620        0.209127707861724248905454509019903306      
   6.25632504421129033319742280348078133        0.207420493147966032909375970928474108      
   6.24869030477178996874959369428844070        0.205742940592426832376971819004230814      
   6.24099389328167983778377758378190070        0.204094303554097587883336592116721244      
   6.23323588570143418066888965860562081        0.202473860291077786028052414285134655      
   6.22541635859945578006389931494000086        0.200880912931724310420183824601778926      
   6.21753538915132026169428005017359823        0.199314786496399928668721285241107386      
   6.20959305513901440257762388140895160        0.197774827966941763586431899867360688      
   6.20158943495016845421601059657829502        0.196260405401155880828750395374743235      
   6.19352460757728248833179200581952976        0.194770907089816532754259856141672448      
   6.18539865261694677278244644405992074        0.193305740753808691032390376324405162      
   6.17721165026905618534907849821743652        0.191864332779201248108533545862811768      
   6.16896368133601867315198271254343868        0.190446127488176556407030555528580139      
   6.16065482722195776550545728263143438        0.189050586443870614869243957258599682      
   6.15228516993190914808274390249543105        0.187677187787297947245132929609894808      
   6.14385479207101130632058240063031270        0.186325425604646725321776726934642614      
   6.13536377684369024605140301162375217        0.184994809323333596167208534225403326      
   6.12681220805283829940963450198587424        0.183684863135304547137104267452259595      
   6.11820017009898702411698232546788641        0.182395125446158510553659504460890708      
   6.10952774797947420430982694810736821        0.181125148348754753583896462169047255      
   6.10079502728760496113010788120805137        0.179874497120043860899842521075696681      
   6.09200209421180698135919321687327174        0.178642749739935705608851813487406268      
   6.08314903553477987243228700180330200        0.177429496431086592637165106135600820      
   6.07423593863263865222889703788215473        0.176234339218552093500602660411332721      
   6.06526289147405138209277309047637483        0.175056891508312290341922003099737115      
   6.05622998261937095159252944602146755        0.173896777683732503574365834593583454      
   6.04713730121976102359188571887931577        0.172753632719075362042858412695940256      
   6.03798493701631614825609519393939937        0.171627101809229537080566736803336892      
   6.02877298033917605467868023716998583        0.170516840014866832900911957334309600      
   6.01950152210663412887005884330491301        0.169422511922282818623868106793901731      
   6.01017065382424008690702465092539793        0.168343791317216999027756837519806060      
   6.00078046758389685209933417406425142        0.167280360871986834229209681613113931      
   5.99133105606295164508685901067863718        0.166231911845305901754317861898465006      
   5.98182251252328129583787682732680027        0.165198143794190304239073803520933293      
   5.97225493081037178657610242243155202        0.164178764297389207186049193868956592      
   5.96262840535239203472099857478046532        0.163173488689805278150314904967998302      
   5.95294303115926192498275512744049719        0.162182039807398916052127248978355298      
   5.94319890382171459981008327897914922        0.161204147742096622678424930495773707      
   5.93339611951035301744563979360136761        0.160239549606248785239705059087072651      
   5.92353477497470078690047224024372853        0.159287989306205608871442380450363925      
   5.91361496754224728921536086942857904        0.158349217324602053952318227137987508      
   5.90363679511748709443332477829174651        0.157422990510963481299691780376275095      
   5.89360035618095368376385904209128385        0.156509071880263368936165409816814403      
   5.88350574978824748647567494903302133        0.155607230419083011888749430324431340      
   5.87335307556905824111082680968606859        0.154717240899040620938133474486419346      
   5.86314243372618169066912546881180316        0.153838883697173762181891333128133017      
   5.85287392503453062146766007323135215        0.152971944622974687113919382558450919      
   5.84254765084014025543607529248740350        0.152116214751792848978673950539738822      
   5.83216371305916800566398049853959272        0.151271490264332837980529413997098465      
   5.82172221417688760507249983654316125        0.150437572291989144560345806976762389      
   5.81122325724667761813750711182825733        0.149614266767771622187693601324232754      
   5.80066694588900434564752643041437198        0.148801384282587311736305954712560917      
   5.79005338429039913253461801461992334        0.147998739946655448489435268901491004      
   5.77938267720243008887180802539247296        0.147206153255843037536033995276976897      
   5.76865492994066823418576101369981538        0.146423447962718388724819712895722160      
   5.75787024838364807528843325047870484        0.145650451952129481149401585542664971      
   5.74702873897182262788638410501741258        0.144886997121123009960023612012438470      
   5.73613050870651289228126031302567158        0.144132919263028483805703746240585851      
   5.72517566514885179352970385679516850        0.143388057955539816261756184687366609      
   5.71416431641872259648556773055455128        0.142652256452634514360853114944745784      
   5.70309657119369180620185454516384607        0.141925361580177835416827245625854913      
   5.69197253870793656422422019947842272        0.141207223635066181838839984910058660      
   5.68079232875116655136220817386692788        0.140497696287770553341291221412255283      
   5.66955605166754040757859884834175974        0.139796636488147096348000393388388329      
   5.65826381835457667969137207843634212        0.139103904374387699763004368534620080      
   5.64691574026205930763678954225924076        0.138419363184989201818188510016001936      
   5.63551192939093766009600556903089184        0.137742879173625110554729426323250144      
   5.62405249829222113034141074087167358        0.137074321526808815825362959746778480      
   5.61253756006586830321260099471943995        0.136413562284242097785016559708233832      
   5.60096722835967070418544571012728408        0.135760476261747329087257919784575567      
   5.58934161736813114155120082250785113        0.135114940976686138048617633135406258      
   5.57766084183133665277597682239629415        0.134476836575771459764783638718362345      
   5.56592501703382606616412606282075492        0.133846045765183862749319535045360384      
   5.55413425880345218900225857329591156        0.133222453742906810653190267668422887      
   5.54228868351023863341363004577426237        0.132605948133199111938255982094708100      
   5.53038840806523129120556929167254184        0.131996418923126234374616837025034895      
   5.51843354991934446904542474750222620        0.131393758401075424728916653602336738      
   5.50642422706220169535321000843746012        0.130797861097182685324482019333738941      
   5.49436055802097121035171637421934071        0.130208623725602626128998439956757678      
   5.48224266185919615076733548109992906        0.129625945128555041063308002575765497      
   5.47007065817561944072719674916465305        0.129049726222084757312437042423048308      
   5.45784466710300340045047207954951172        0.128479869943473883153597031870604369      
   5.44556480930694408438383347512600340        0.127916281200248039425646403852017563      
   5.43323120598468036048306751662782526        0.127358866820720508135982607049705745      
   5.42084397886389774239475339054009026        0.126807535506020474395970251527393486      
   5.40840325020152698634369792310457784        0.126262197783553680152337123137605187      
   5.39590914278253746458349131539909854        0.125722765961845855010718192155456271      
   5.38336177991872532731910048766098492        0.125189154086721245530554488803724826      
   5.37076128544749646506185261803450519        0.124661277898770434156183454282054897      
   5.35810778373064428342847909408048179        0.124139054792063426646824167757005022      
   5.34540139965312230244708917820899985        0.123622403774065696463112546422144279      
   5.33264225862181159248402271536879655        0.123111245426716509832970933997977746      
   5.31983048656428305895649167871023410        0.122605501868630419728457660865597778      
   5.30696620992755458804676075357367263        0.122105096718384314123307671910922591      
   5.29404955567684306568433700026710614        0.121609955058853836876283467758165401      
   5.28108065129431128211323741110190053        0.121120003402564371439095837848243507      
   5.26805962477780973441188038766381251        0.120635169658023091202633697869534735      
   5.25498660463961333938350231211851480        0.120155383096999838405776492934005539      
   5.24186171990515306928523297450167563        0.119680574322725798730822130962478405      
   5.22868510011174252291407315064769531        0.119210675238980093459519932355577246      
   5.21545687530729944461800360810792946        0.118745619020035517699496100175528139      
   5.20217717604906220385031675675682525        0.118285340081435713929746558175639007      
   5.18884613340230124793499956466594671        0.117829774051577087061217098873037845      
   5.17546387893902554076060873735302866        0.117378857744069742363913034951700561      
   5.16203054473668400016956602003204032        0.116932529130852662875118466469356879      
   5.14854626337686194685916233958525360        0.116490727316039240079245310812057417      
   5.13501116794397257765979386847789189        0.116053392510470132454219698238485033      
   5.12142539202394347610506048081668267        0.115620466006951252543165355712248936      
   5.10778906970289817325733699654547927        0.115191890156155476084382817316246199      
   5.09410233556583277180127958996203610        0.114767608343167427892349540412263572      
   5.08036532469528764646645329118053076        0.114347564964651430030982290911605761      
   5.06657817267001423388886115297295949        0.113931705406623399693011122593620105      
   5.05274101556363692506962091098929914        0.113519976022808158366893185876644001      
   5.03885398994331007363737035434913020        0.113112324113564261545077215477628855      
   5.02491723286837013316918766896518045        0.112708697905359080556587138800842927      
   5.01093088188898293687288724193787537        0.112309046530777466189941405139110206      
   4.99689507504478613298149434747610335        0.111913320009047898654460624488706485      
   4.98280995086352678925851329987575791        0.111521469227070581104797922419186335      
   4.96867564835969418006028258524720350        0.111133445920932465374003016448315169      
   4.95449230703314776944925670035397299        0.110749202657894709629132556777156492      
   4.94026006686774040389946746484567342        0.110368692818838559242715695910420303      
   4.92597906832993672818269696439083136        0.109991870581156115085619588030832103      
   4.91164945236742683807103956011163396        0.109618690902072908476371579657659417      
   4.89727136040773518353854109898741004        0.109249109502389639917021150858834983      
   4.88284493435682473619147911655066185        0.108883082850630860220108973341892835      
   4.86837031659769643470358797460457308        0.108520568147588778366609993434860782      
   4.85384764998898392207913706153794202        0.108161523311250771081218766061535131      
   4.83927707786354358861323794113771443        0.107805906962099545289993636605441778      
   4.82465874402703993446508720898292031        0.107453678408775266929123734532150968      
   4.80999279275652626580604534627964835        0.107104797634089318568758820122549103      
   4.79527936879902073855050759345336961        0.106759225281379684543452945780653407      
   4.78051861737007776372344034540086018        0.106416922641198286257731503190487151      
   4.76571068415235478856423534383226359        0.106077851638320902555582894929283209      
   4.75085571529417446751217355778636186        0.105741974819070610978463623035209870      
   4.73595385740808223726429065073446705        0.105409255338945975839076801317488570      
   4.72100525756939931014179588263360554        0.105079656950545488739344923011401793      
   4.70601006331477110004641574016363283        0.104753143991780036873414270511787824      
   4.69096842264071109533311208188777497        0.104429681374365434575020519411487898      
   4.67588048400214019297056168230544245        0.104109234572587304470834360893187425      
   4.66074639631092150840557931620886444        0.103791769612330836648920088248908750      
   4.64556630893439067559231950030016977        0.103477253060368187790076827627895184      
   4.63034037169388165169160226196602780        0.103165652013896507570684359050115823      
   4.61506873486324804099007539614475441        0.102856934090319797145719945894030725      
   4.59975154916737995263314916247049130        0.102551067417268014463363736151225855      
   4.58438896578071640680971882987278319        0.102248020622847043838741710116797224      
   4.56898113632575330407062545950108955        0.101947762826113342902289933915807200      
   4.55352821287154697250659539561197886        0.101650263627767269004695750104388993      
   4.53803034793221330755504367571157375        0.101355493101059269660958174375467410      
   4.52248769446542251924862554503119967        0.101063421782903297895739909665818200      
   4.50690040587088950176177303701290906        0.100774020665191983645619052181335421      
   4.49126863598885984015465973301914597        0.100487261186308256906143693723150804      
   4.47559253909859146925709591453002334        0.100203115222828277298529416076596362      
   4.45987226991683199967776794467661965         9.99215550814106783793437253872495946E-0002
   4.44410798359629172596699943955885588         9.96425534908672835250568830651202204E-0002
   4.42829983572411233200382719135134490         9.93660835944105937822840159957845468E-0002
   4.41244798232033130872065146411314286         9.90921189420734868665500882747935228E-0002
   4.39655257983634209932103778035898009         9.88206334832967006927420565926943555E-0002
   4.38061378515334998718841523416348223         9.85516015596798045972742739186637344E-0002
   4.36463175558082374172543428867600603         9.82849978978914869268343867934581953E-0002
   4.34860664885494303740561452772190277         9.80207976027351090763901574125967270E-0002
   4.33253862313704166136062951944094753         9.77589761503655935087383107118647930E-0002
   4.31642783701204652486814140293844644         9.74995093816538269221706497294374894E-0002
   4.30027444948691249414651161646485527         9.72423734956948696890718917083480389E-0002
   4.28407861998905305590397593895817001         9.69875450434563690982883485617595872E-0002
   4.26784050836476683313098130864291200         9.67350009215636769245778190599949444E-0002
   4.25156027487765996666533830704814241         9.64847183662182715410718838752090349E-0002
   4.23523808020706437810064635006137663         9.62366749472461813024080885520127278E-0002
   4.21887408544645192964909810676456388         9.59908485622731993694313302472308555E-0002
   4.20246845210184449661026507060885434         9.57472174310237706291774547686490860E-0002
   4.18602134209021996813780713630315927         9.55057600897405189901235188181033777E-0002
   4.16953291773791419203623509146894927         9.52664553857214682023088366183008107E-0002
   4.15300334177901887935988571803015137         9.50292824719720915609608885116994505E-0002
   4.13643277735377548462614431937472097         9.47942208019694054930936386886754972E-0002
   4.11982138800696507749466855199210847         9.45612501245353991880594889757219352E-0002
   4.10316933768629422180393005254734428         9.43303504788171672007356807626103239E-0002
   4.08647679074077687789579612273072797         9.41015021893711844121851524964986917E-0002
   4.06974391191911234419812227580320445         9.38746858613492329564252048313560771E-0002
   4.05297086636805925407441737317406176         9.36498823757835587895671243297312062E-0002
   4.03615781963080564398857600078801132         9.34270728849689015624075590193955508E-0002
   4.01930493764533510907144726931078243         9.32062388079391054301743718580040896E-0002
   4.00241238674278906221462498639709457         9.29873618260360804615483046552565801E-0002
   3.98548033364582511285530076258020367         9.27704238785689444587714114055069429E-0002
   3.96850894546697158165431869498699488         9.25554071585612333346715760866442265E-0002
   3.95149838970697816730770744717999084         9.23422941085841247715175814059241545E-0002
   3.93444883425316278176994243255917347         9.21310674166736747692823524409907463E-0002
   3.91736044737775457020500703810565116         9.19217100123301199335063002763098727E-0002
   3.90023339773623313201897702158495910         9.17142050625973500098381602890251563E-0002
   3.88306785436566395936534600700864406         9.15085359682207052958355845534629982E-0002
   3.86586398668303010955164202013007932         9.13046863598813022011862747577321861E-0002
   3.84862196448356012781305487957238089         9.11026400945051374337974581309579629E-0002
   3.83134195793905223695580162300102411         9.09023812516452671080837558762856284E-0002
   3.81402413759619481040980163631374106         9.07038941299354015484679608059318148E-0002
   3.79666867437488314526691440348510853         9.05071632436132997391886140487625375E-0002
   3.77927573956653255191751044344394186         9.03121733191123892930236274876414573E-0002
   3.76184550483238777693449968776363360         9.01189092917200785170400748219582457E-0002
   3.74437814220182877589013092021274507         8.99273563023012666820822194723324694E-0002
   3.72687382407067285282690058917101805         8.97374996940855969921495828967714970E-0002
   3.70933272319947318313976896101540749         8.95493250095170340365051412469746525E-0002
   3.69175501271181373666257585290133384         8.93628179871643837264260467108745279E-0002
   3.67414086609260061778707671461817260         8.91779645586914089038743801406071517E-0002
   3.65649045718634983947838227073267830         8.89947508458852279937520220764251992E-0002
   3.63880396019547154808578093703665351         8.88131631577417172864050165712591528E-0002
   3.62108154967855071588295244201532145         8.86331879876066697131594520312476963E-0002
   3.60332340054862431830644316892632127         8.84548120103714943443520754683833076E-0002
   3.58552968807145501289596834305134430         8.82780220797222713250017302001900909E-0002
   3.56770058786380133697463297933136187         8.81028052254410065954151985937650307E-0002
   3.54983627589168444114152213715667710         8.79291486507579595491581853908891454E-0002
   3.53193692846865137568330116244884680         8.77570397297539447845709951943075286E-0002
   3.51400272225403494704548789490004811         8.75864660048115363331213499516144828E-0002
   3.49603383425121016153791094455024585         8.74174151841141292222786903946140526E-0002
   3.47803044180584727348255076267671547         8.72498751391918389753734952483390800E-0002
   3.45999272260416145504547301481021013         8.70838339025132446884028807141193846E-0002
   3.44192085467115910502790637781976805         8.69192796651220056755426522492195065E-0002
   3.42381501636888081392468899934555881         8.67562007743174053620874181523426359E-0002
   3.40567538639464100259130914901104893         8.65945857313778991458306267069183291E-0002
   3.38750214377926425189359573110249355         8.64344231893267653650118863164040749E-0002
   3.36929546788531834074677299374534460         8.62757019507389803217504632154064968E-0002
   3.35105553840534400998308063770551757         8.61184109655884595325798494620979863E-0002
   3.33278253536008146951947527816653481         8.59625393291348280299271804395010836E-0002
   3.31447663909669366632907152624760237         8.58080762798489026371929799785508263E-0002
   3.29613803028698633075195051640126255         8.56550111973760887019733118996865105E-0002
   3.27776688992562481871276019563550309         8.55033336005369128128820439774419529E-0002
   3.25936339932834776744415479692579562         8.53530331453639315608108497962881103E-0002
   3.24092774013017758234657033011003022         8.52040996231742744502435655990048171E-0002
   3.22246009428362777264610832860081198         8.50565229586770966348715479230247767E-0002
   3.20396064405690715354340118072943300         8.49102932081152342582238907067603128E-0002
   3.18542957203212093257725884349882624         8.47654005574403718378674382954498676E-0002
   3.16686706110346869795764827873716979         8.46218353205210473540494192942688070E-0002
   3.14827329447543932665313326360428151         8.44795879373828365031345739849585393E-0002
   3.12964845566100283004830300733359930         8.43386489724800729651091731665908145E-0002
   3.11099272847979915501694295395002930         8.41990091129984765246766364729599274E-0002
   3.09230629705632395828674996818016197         8.40606591671880754885673454798119349E-0002
   3.07358934581811137200126649229667383         8.39235900627258240687789784503360135E-0002
   3.05484205949391377841440393038465894         8.37877928451073292633525188524571784E-0002
   3.03606462311187861168244417039992159         8.36532586760671152734332832509881850E-0002
   3.01725722199772220474774950207079067         8.35199788320268666578987720447623964E-0002
   2.99842004177290069933757494058833970         8.33879447025711042545725554617460118E-0002
   2.97955326835277803713036283430081257         8.32571477889497603994970019238930197E-0002
   2.96065708794479105017070733319752208         8.31275797026071321621235816805380983E-0002
   2.94173168704661166864280553951529067         8.29992321637367031935287748099806129E-0002
   2.92277725244430626414066266976747260         8.28720969998613363655318315738837399E-0002
   2.90379397121049214660159004808678220         8.27461661444383506692671087489175789E-0002
   2.88478203070249123309762694496027161         8.26214316354890068504804862804372235E-0002
   2.86574161856048090670742989595932273         8.24978856142519369934598261605988476E-0002
   2.84667292270564208371890590644306165         8.23755203238600637337165634891412962E-0002
   2.82757613133830450744041859672898425         8.22543281080405649887199336183576265E-0002
   2.80845143293608928692576859594625623         8.21343014098374500533329889609639344E-0002
   2.78929901625204869894534108156199539         8.20154327703563226190791654646375035E-0002
   2.77011907031280327156282401702889689         8.18977148275309157507383854238658804E-0002
   2.75091178441667616770373009555955728         8.17811403149109930965880522805846402E-0002
   2.73167734813182488712860338889284746         8.16657020604712196262258556613036115E-0002
   2.71241595129437030525025796307584123         8.15513929854406139885070762120755480E-0002
   2.69312778400652306726067999752972175         8.14382061031522031676842462041243638E-0002
   2.67381303663470735605932696958462162         8.13261345179125084941589300556874670E-0002
   2.65447189980768205250047698664006445         8.12151714238905002429793245994312781E-0002
   2.63510456441465930650301810631932114         8.11053101040256660338121434945756366E-0002
   2.61571122160342053759162122742618595         8.09965439289548460358905425301167190E-0002
   2.59629206277842988346361060897632225         8.08888663559574955855434536535357555E-0002
   2.57684727959894511520103303066600589         8.07822709279190432473465226598226067E-0002
   2.55737706397712603777242979727380815         8.06767512723120195975557328241477260E-0002
   2.53788160807614039449363496489409314         8.05723011001946390850052091005170053E-0002
   2.51836110430826729414155808361983626         8.04689142052265242346472327292045106E-0002
   2.49881574533299817943936016618969532         8.03665844627012682068292429427328962E-0002
   2.47924572405513535565569726387457577         8.02653058285955383155553490313089964E-0002
   2.45965123362288809808478672000984911         8.01650723386344295455601745687007024E-0002
   2.44003246742596635719794664041420508         8.00658781073727833951019488775993278E-0002
   2.42038961909367208028096913263621498         7.99677173272921935129143751617218647E-0002
   2.40072288249298816839521218852675815         7.98705842679134255975848146265433776E-0002
   2.38103245172666508752363348487407217         7.97744732749239848894822947849358150E-0002
   2.36131852113130515278614162441753541         7.96793787693205703128694519407412848E-0002
   2.34158128527544450463160620597329670         7.95852952465661599225218436381897665E-0002
   2.32182093895763279593664737099546901         7.94922172757614777784708207270429197E-0002
   2.30203767720451060896391789983886108         7.94001394988305977177107367845220630E-0002
   2.28223169526888462115499630130496647         7.93090566297204447161027894001569016E-0002
   2.26240318862780053875522743261016780         7.92189634536139596404109029764529927E-0002
   2.24255235298061381728987778443032169         7.91298548261566981824768125290214005E-0002
   2.22267938424705818793281544971584336         7.90417256726966396479539944874939067E-0002
   2.20278447856531200883057974995578974         7.89545709875369860436630915809074159E-0002
   2.18286783229006246046617230477245587         7.88683858332017365733149727010884436E-0002
   2.16292964199056760416817978828100490         7.87831653397138272138041753171791938E-0002
   2.14297010444871632289192850854176374         7.86989047038856295061628215968664511E-0002
   2.12298941665708616342027206651734903         7.86155991886216070591680927492759464E-0002
   2.10298777581699909915232549193713391         7.85332441222329325320294016616128115E-0002
   2.08296537933657523266898221094723205         7.84518348977638720379905726983753727E-0002
   2.06292242482878445728438377183184585         7.83713669723297479954473791915946773E-0002
   2.04285911010949609681265623974743994         7.82918358664662954496171751457223291E-0002
   2.02277563319552654279918137050160339         7.82132371634902307981582102419129826E-0002
   2.00267219230268490848543488999397677         7.81355665088708556806141861359162664E-0002
   1.98254898584381671879599824495220115         7.80588196096125225362886914787260388E-0002
   1.96240621242684565565573385885377271         7.79829922336477920002114405953723989E-0002
   1.94224407085281337796430703311592102         7.79080802092411158942656403606164852E-0002
   1.92206276011391743557423998833195532         7.78340794244028830822716811975766276E-0002
   1.90186247939154729663749495598840545         7.77609858263136688957831037563829866E-0002
   1.88164342805431850770420352205160846         7.76887954207585322034124447749712096E-0002
   1.86140580565610500597558840629045869         7.76175042715712074924842238537607079E-0002
   1.84114981193406960313136135331711664         7.75471085000880425594796566703699937E-0002
   1.82087564680669266016992663308305524         7.74776042846115355668162842421218075E-0002
   1.80058351037179897271757362185875128         7.74089878598833283196745247813814265E-0002
   1.78027360290458288628050388334021181         7.73412555165665156494777550625786844E-0002
   1.75994612485563166093100791914803794         7.72744036007371337618463999897934365E-0002
   1.73960127684894710493638413619544828         7.72084285133846933179322975118088714E-0002
   1.71923925967996549685627741467992056         7.71433267099216258705103156780322203E-0002
   1.69886027431357581565100678617842664         7.70790946997015150715343582620865034E-0002
   1.67846452188213629836015097978006853         7.70157290455459868074916876418900127E-0002
   1.65805220368348934492716680055761818         7.69532263632801351042138502012886874E-0002
   1.63762352117897478976212830605123309         7.68915833212763632751901531513939964E-0002
   1.61717867599144155965079438181086186         7.68307966400065223682121961009645787E-0002
   1.59671786990325773763413842732421144         7.67708630916022314956538296217483619E-0002
   1.57624130485431905249820629166035778         7.67117794994232671151263290824609596E-0002
   1.55574918294005581352970718861242606         7.66535427376339107608785167689179420E-0002
   1.53524170640943831020808692066667470         7.65961497307871471133406814087994514E-0002
   1.51471907766298069651998319831465937         7.65395974534166066358146203627937897E-0002
   1.49418149925074337959691900653124141         7.64838829296361493046365595201611719E-0002
   1.47362917387033393239185169605249212         7.64290032327469882133039214282685454E-0002
   1.45306230436490655012476261771195716         7.63749554848522540431527931178805732E-0002
   1.43248109372116007024184452975933723         7.63217368564789035642662043580283301E-0002
   1.41188574506733457564702154894261857         7.62693445662068774614242734522373626E-0002
   1.39127646167120660097851894625637130         7.62177758803054148720915564197611491E-0002
   1.37065344693808296171698746964343851         7.61670281123764340776662474896685500E-0002
   1.35001690440879322592527897250868238         7.61170986230048908064586796511786526E-0002
   1.32936703775768084843336680451325737         7.60679848194160275880687519856410194E-0002
   1.30870405079059298729510554754637450         7.60196841551394295449174465272517808E-0002
   1.28802814744286902235653012472878307         7.59721941296798039185592054997187577E-0002
   1.26733953177732779578820394542981693         7.59255122881944025069416898494206724E-0002
   1.24663840798225359444673944815188847         7.58796362211770080348493630438812267E-0002
   1.22592498036938089394303204126062928         7.58345635641484072942100206251683099E-0002
   1.20519945337187788430696989635840567         7.57902919973532756745825180800152599E-0002
   1.18446203154232879715040719999290333         7.57468192454633994577849171946656399E-0002
   1.16371291955071505424201719767736773         7.57041430772871639750526731711863069E-0002
   1.14295232218239525741927355313030531         7.56622613054852374211066656954558645E-0002
   1.12218044433608403977424408041483354         7.56211717862923817878144386039641030E-0002
   1.10139749102182979806111967440739306         7.55808724192453240214823123041902384E-0002
   1.08060366735899132628444315483006955         7.55413611469166221229426689570660544E-0002
   1.05979917857421337043784764196132782         7.55026359546544624992059938650786861E-0002
   1.03898422999940112437376189106172533         7.54646948703283264402226714146822601E-0002
   1.01815902706969368679499062242455810         7.54275359640804651349221845317521894E-0002
  0.997323775321436499369331191643151188         7.53911573480831241578304135799118436E-0002
  0.976478680390152785978443848980496759         7.53555571763014598518588158897272585E-0002
  0.955623948008514013122051238385671555         7.53207336442620915049489278495800189E-0002
  0.934759784004309391508203588426239533         7.52866849888272346687657037075579791E-0002
  0.913886394298414438869809153848645924         7.52534094879743623971752171112057696E-0002
  0.893003984902758624056894784242288839         7.52209054605813425914158069449935082E-0002
  0.872112761918292112463128933922607593         7.51891712662170010282649022025054778E-0002
  0.851212931532951632854008895172194584         7.51582053049370610176933804941382724E-0002
  0.830304700019625485672785447848571254         7.51280060170854119880514416986100267E-0002
  0.809388273734117712908671386499477013         7.50985718831006606303001716555064597E-0002
  0.788463859113111449620155427893685294         7.50699014233279195487366487538637017E-0002
  0.767531662672131477214319735606035644         7.50419931978357896645932171970285475E-0002
  0.746591891003505998590937644275537111         7.50148458062384939013495373612259001E-0002
  0.725644750774327655267808046628932417         7.49884578875231209470961797858301097E-0002
  0.704690448724413806611264245531693947         7.49628281198819391403389493286534926E-0002
  0.683729191664266091303077797356256215         7.49379552205497417617333476641312917E-0002
  0.662761186473029291182061909965854928         7.49138379456461862358798829383602265E-0002
  0.641786640096449517605564238684972929         7.48904750900230909549766217832368032E-0002
  0.620805759544831740482725378809292667         7.48678654871166546302910709663576856E-0002
  0.599818751890996680137866917506455227         7.48460080088045642585473847119023237E-0002
  0.578825824268237082168661517344308212         7.48249015652679589588880934854527560E-0002
  0.557827183868273395469827096089580389         7.48045451048582180925162452599929483E-0002
  0.536823037939208873598977682745269436         7.47849376139685432219016372234396397E-0002
  0.515813593783484119666954909902446549         7.47660781169103045999849392265876638E-0002
  0.494799058755831094940456291200033302         7.47479656757941240025711149561892758E-0002
  0.473779640261226611350069375808764755         7.47305993904156668294979253405386022E-0002
  0.452755545752845328101914517143678815         7.47139783981461175026201339505400447E-0002
  0.431726982730012272595993290191027627         7.46981018738273132815836381171782306E-0002
  0.410694158736154905859034492605572857         7.46829690296715127021892978401374153E-0002
  0.389657281356754752704125122756148206         7.46685791151657759172719975478685473E-0002
  0.368616558217298616833709698802742490         7.46549314169809352868500453289864334E-0002
  0.347572196981229401106637724277691817         7.46420252588851356232325277230469953E-0002
  0.326524405347896553193835977086632000         7.46298600016619245482025986415497604E-0002
  0.305473391050506156850879561881149659         7.46184350430328744637137746064840148E-0002
  0.284419361854070689039233283893989044         7.46077498175847186751312186453645583E-0002
  0.263362525553358463131232841049290915         7.45978037967009852373042140124687391E-0002
  0.242303089970842778436973557915186498         7.45885964884981131190496661131456621E-0002
  0.221241262954650796294172869276000080         7.45801274377660363013364601610251830E-0002
  0.200177252376512162964771474159406923         7.45723962259132224389608046202434648E-0002
  0.179111266129707399584536996424963778         7.45654024709161537251644974519403720E-0002
  0.158043512127016079414233080841182393         7.45591458272732386038399840880803437E-0002
  0.136974198298664812643016101257626964         7.45536259859631439750543806836334571E-0002
  0.115903532590275058996621039297703961         7.45488426744075385369733847749462793E-0002
   9.48317229608107884045975892106353518E-0002   7.45447956564382389012372772078915241E-0002
   7.37589773805260099823571403543758353E-0002   7.45414847322687511097953343889345600E-0002
   5.26855038289121895850909684343849048E-0002   7.45389097384702011695006217271005726E-0002
   3.16115102926455761917197172689865606E-0002   7.45370705479516492067616242490099156E-0002
   1.05372047635344573779340636364059317E-0002   7.45359670699447828285965685587405517E-0002
  -1.05372047635336358619136801992956952E-0002   7.45355992499929862588956531693722594E-0002
  -3.16115102926447546838073652936262291E-0002   7.45359670699447827999199431202292318E-0002
  -5.26855038289113680933945993595272080E-0002   7.45370705479516491494069582062836847E-0002
  -7.37589773805251885149845455735689431E-0002   7.45389097384702010834650845783457021E-0002
  -9.48317229608099669696563200515950534E-0002   7.45414847322687509950746799553759459E-0002
 -0.115903532590274237602218327004055209         7.45447956564382387578258431224203097E-0002
 -0.136974198298663991297258776973804466         7.45488426744075383648640918001117581E-0002
 -0.158043512127015258125227495601280253         7.45536259859631437742387318588463612E-0002
 -0.179111266129706578360388941146323274         7.45591458272732383743080637058362243E-0002
 -0.200177252376511341813586099641732656         7.45654024709161534669049698628335977E-0002
 -0.221241262954649975224054606206793759         7.45723962259132221519609128665036036E-0002
 -0.242303089970841957456026036882287979         7.45801274377660359855820244382691486E-0002
 -0.263362525553357642247558812561315869         7.45885964884981127745250820600003405E-0002
 -0.284419361854069868260934538409452664         7.45978037967009848639924508276797763E-0002
 -0.305473391050505336186056849847065339         7.46077498175847182730138170319683880E-0002
 -0.326524405347895732650588928987375417         7.46184350430328740327708445425807565E-0002
 -0.347572196981228580693064770694917609         7.46298600016619240884128169771755383E-0002
 -0.368616558217297796557907990487143813         7.46420252588851351345731356026047541E-0002
 -0.389657281356753932574190450711848182         7.46549314169809347692968454386547538E-0002
 -0.410694158736154085883061208187935318         7.46685791151657753707993511873679127E-0002
 -0.431726982730011452782074225218677325         7.46829690296715121267701218181933611E-0002
 -0.452755545752844508458140904025518513         7.46981018738273126771894014699807585E-0002
 -0.473779640261225791884530767686778007         7.47139783981461168692208544824576743E-0002
 -0.494799058755830275661240482108660583         7.47305993904156661670621659863048436E-0002
 -0.515813593783483300582147854945323452         7.47479656757941233110659799637382724E-0002
 -0.536823037939208054716663418290114546         7.47660781169103038793760701596739381E-0002
 -0.557827183868272576798087659982019231         7.47849376139685424721532087831356347E-0002
 -0.578825824268236263715576869141423204         7.48045451048582173135909609241154839E-0002
 -0.599818751890995861911514858730846691         7.48249015652679581507471809649275332E-0002
 -0.620805759544830922491181473224438987         7.48460080088045634211505912230325163E-0002
 -0.641786640096448699856901732592676502         7.48678654871166537635966583179195683E-0002
 -0.662761186473028473684351652526559978         7.48904750900230900589413612772818490E-0002
 -0.683729191664265274064388160933026563         7.49138379456461853104590500835592688E-0002
 -0.704690448724412989639661046058633429         7.49379552205497408068807167004515433E-0002
 -0.725644750774326838571354464004843169         7.49628281198819381560067875621147386E-0002
 -0.746591891003505182177694142783581761         7.49884578875231199332352417320409365E-0002
 -0.767531662672130661092343984360213459         7.50148458062384928579090586963551216E-0002
 -0.788463859113110633797502221312890432         7.50419931978357885915209085148203308E-0002
 -0.809388273734116897393392564809929096         7.50699014233279184459786891272587825E-0002
 -0.830304700019624670472929817615403269         7.50985718831006594978012020013837005E-0002
 -0.851212931532950817977622149860980999         7.51280060170854108257545579441152420E-0002
 -0.872112761918291297918253574491618665         7.51582053049370598255401265430185775E-0002
 -0.893003984902757809851570039766252463         7.51891712662169998061952626998182852E-0002
 -0.913886394298413625012070902174803186         7.52209054605813413393681998385095919E-0002
 -0.934759784004308578006084276863473003         7.52534094879743611150864860077759140E-0002
 -0.955623948008513199983579804427494610         7.52866849888272333565711100226610890E-0002
 -0.976478680390151973211645641062681235         7.53207336442620901625821427482194211E-0002
 -0.997323775321435686982227889936778376         7.53555571763014584792519120167896757E-0002
  -1.01815902706969287479560015966527462         7.53911573480831227549138565780499155E-0002
  -1.03898422999940031277009837341598206         7.54275359640804637016248243447981797E-0002
  -1.05979917857421255923792126993039047         7.54646948703283249764717333745458674E-0002
  -1.08060366735899051549626014419257090         7.55026359546544610049270695600265391E-0002
  -1.10139749102182898769268217720121650         7.55413611469166205980597068792241303E-0002
  -1.12218044433608322983355010595910311         7.55808724192453224659176082740540236E-0002
  -1.14295232218239444791431688908826303         7.56211717862923802014886259696428871E-0002
  -1.16371291955071424518078733116091535         7.56622613054852358039387053043192524E-0002
  -1.18446203154232798854088923870959103         7.57041430772871623269598431115214247E-0002
  -1.20519945337187707615714448980164243         7.57468192454633977786828023048927008E-0002
  -1.22592498036938008626087530194389500         7.57902919973532739643849992229481021E-0002
  -1.24663840798225278724022287288772163         7.58345635641484055528292637247436276E-0002
  -1.26733953177732698906529433665436132         7.58796362211770062621958078817170538E-0002
  -1.28802814744286821612518951187266350         7.59255122881944007029240386185001872E-0002
  -1.30870405079059218156329110845267978         7.59721941296798020830844111124295586E-0002
  -1.32936703775768004320903078690340851         7.60196841551394276778907006749445097E-0002
  -1.35001690440879242121636861549695741         7.60679848194160256893934729468033187E-0002
  -1.37065344693808215753144492530093158         7.61170986230048888760364998452513740E-0002
  -1.39127646167120579732428120122515762         7.61670281123764321153970007734609927E-0002
  -1.41188574506733377253202034610090011         7.62177758803054128778732651233511836E-0002
  -1.43248109372115926767400628993834328         7.62693445662068754351531351511690852E-0002
  -1.45306230436490574811200836146537073         7.63217368564789015058365783785464089E-0002
  -1.47362917387033313094209696547917514         7.63749554848522519524571867718652373E-0002
  -1.49418149925074257871807378715202896         7.64290032327469860902329759744584940E-0002
  -1.51471907766297989621995184100399709         7.64838829296361471490790358481738355E-0002
  -1.53524170640943751049476806363986540         7.65395974534166044476573843963730636E-0002
  -1.55574918294005501441099367946926113         7.65961497307871448924686892246400607E-0002
  -1.57624130485431825398198510948589493         7.66535427376339085071747994273334929E-0002
  -1.59671786990325693972829060484748131         7.67117794994232648284719771660786392E-0002
  -1.61717867599144076236319492762224834         7.67708630916022291759279774783281732E-0002
  -1.63762352117897399310064612687932398         7.68307966400065200152920057863534973E-0002
  -1.65805220368348854889966462360627046         7.68915833212763608889507980685371584E-0002
  -1.67846452188213550297448527512646480         7.69532263632801326845284984311290287E-0002
  -1.69886027431357502091502768923288851         7.70157290455459843542314849618958055E-0002
  -1.71923925967996470277782864870824017         7.70790946997015125845684108480520221E-0002
  -1.73960127684894631152330293490450712         7.71433267099216233497056724847014215E-0002
  -1.75994612485563086819112494933547366         7.72084285133846907631539323277737297E-0002
  -1.78027360290458209422164316760889761         7.72744036007371311729571931620195448E-0002
  -1.80058351037179818134755246139685415         7.73412555165665130263384748858086081E-0002
  -1.82087564680669186949655553051042649         7.74089878598833256621438085475630091E-0002
  -1.84114981193406881316244393559878512         7.74776042846115328747506189449028090E-0002
  -1.86140580565610421671892134771798359         7.75471085000880398327333593595924684E-0002
  -1.88164342805431771916757646729305102         7.76175042715712047309094216347785961E-0002
  -1.90186247939154650882869044320768101         7.76887954207585294068590544475022019E-0002
  -1.92206276011391664850103337237832403         7.77609858263136660640988110874911163E-0002
  -1.94224407085281259163446640878437435         7.78340794244028802153019198232649715E-0002
  -1.96240621242684487007701998421707345         7.79080802092411129918535703103901653E-0002
  -1.98254898584381593397616446476533506         7.79829922336477890621979264340094779E-0002
  -2.00267219230268412443222705917176953         7.80588196096125195625122800593703907E-0002
  -2.02277563319552575952033777767025961         7.81355665088708526709110839584783933E-0002
  -2.04285911010949531431590753087075931         7.82132371634902277523622604106354090E-0002
  -2.06292242482878367557745287391286790         7.82918358664662923675598339196336206E-0002
  -2.08296537933657445175958425580606385         7.83713669723297448769576921214405273E-0002
  -2.10298777581699831904816774006571437         7.84518348977638688828951503434768043E-0002
  -2.12298941665708538412905383101190024         7.85332441222329293401523948799605118E-0002
  -2.14297010444871554442134107911367810         7.86155991886216038303311675540247898E-0002
  -2.16292964199056682652590635534692033         7.86989047038856262401851335722474149E-0002
  -2.18286783229006168365988788362426830         7.87831653397138239105023435866944568E-0002
  -2.20278447856531123286795110501135319         7.88683858332017332325030534407016834E-0002
  -2.22267938424705741282150101885109601         7.89545709875369826651525510697838400E-0002
  -2.24255235298061304303752760339359991         7.90417256726966362315536816886833774E-0002
  -2.26240318862779976536948305951943871         7.91298548261566947279929311923136216E-0002
  -2.28223169526888384864349074122873758         7.92189634536139561476469832554654859E-0002
  -2.30203767720450983733427552946149807         7.93090566297204411848596589755443325E-0002
  -2.32182093895763202519648386336767726         7.94001394988305941477864914850198336E-0002
  -2.34158128527544373478852845534850598         7.94922172757614741696607946398778565E-0002
  -2.36131852113130438384774767117492013         7.95852952465661562746185787002070357E-0002
  -2.38103245172666431949751244052896300         7.96793787693205666256626670014084205E-0002
  -2.40072288249298740128894416082917387         7.97744732749239811627588541321923182E-0002
  -2.42038961909367131410212515075825898         7.98705842679134218311286959662676377E-0002
  -2.44003246742596559195408858022706812         7.99677173272921897065066370413858093E-0002
  -2.45965123362288733378346722945114042         8.00658781073727795485206975444750601E-0002
  -2.47924572405513459230445968840674186         8.01650723386344256585805302527727856E-0002
  -2.49881574533299741704573847435024362         8.02653058285955343879494116428303395E-0002
  -2.51836110430826653271307679266410928         8.03665844627012642383660571741414738E-0002
  -2.53788160807613963403780906653131890         8.04689142052265202250927525508922827E-0002
  -2.55737706397712527829676468349716647         8.05723011001946350341222616397112830E-0002
  -2.57684727959894435671302441967743997         8.06767512723120155051039816159285541E-0002
  -2.59629206277842912597074447120682556         8.07822709279190391130824302590575001E-0002
  -2.61571122160341978110137371165229625         8.08888663559574914092202435962652494E-0002
  -2.63510456441465855102285546587655079         8.09965439289548418172581606326702440E-0002
  -2.65447189980768129803785550573399540         8.11053101040256617726172184784372683E-0002
  -2.67381303663470660262169288970038729         8.12151714238904959389651280296087926E-0002
  -2.69312778400652231485546944394061270         8.13261345179125041470653355800655805E-0002
  -2.71241595129436955388489687145174947         8.14382061031521987772476880810038102E-0002
  -2.73167734813182413681050743200927936         8.15513929854406095544605071128134799E-0002
  -2.75091178441667541844030461010793771         8.16657020604712151482987037346787643E-0002
  -2.77011907031280252336146393052888559         8.17811403149109885745061774652095835E-0002
  -2.78929901625204795181343083937653592         8.18977148275309111842240349946621782E-0002
  -2.80845143293608854087068208840008671         8.20154327703563180078509287990743204E-0002
  -2.82757613133830376246951908633130843         8.21343014098374453971057515104381850E-0002
  -2.84667292270564133983954595521512860         8.22543281080405602872048300697630270E-0002
  -2.86574161856048016392695129286760596         8.23755203238600589866209301013348295E-0002
  -2.88478203070249049142336063345597067         8.24978856142519322004871522601262490E-0002
  -2.90379397121049140604085605375237990         8.26214316354890020113303649005228663E-0002
  -2.92277725244430552470077002807102826         8.27461661444383457836351863953594303E-0002
  -2.94173168704661093033105222367321833         8.28720969998613314331097571011205825E-0002
  -2.96065708794479031299438018214653278         8.29992321637366982140041473902144678E-0002
  -2.97955326835277730109673748077976671         8.31275797026071271351798978484028849E-0002
  -2.99842004177289996445391573933067900         8.32571477889497553248136016787566048E-0002
  -3.01725722199772147102130945810829578         8.33879447025710991318245674093199934E-0002
  -3.03606462311187787912046486747848145         8.35199788320268614867570575592703065E-0002
  -3.05484205949391304702411545949275631         8.36532586760671100535643796387078530E-0002
  -3.07358934581811064178988738030731465         8.37877928451073239944185814970077551E-0002
  -3.09230629705632322926148710660691801         8.39235900627258187504377219196223625E-0002
  -3.11099272847979842718499152781794172         8.40606591671880701204719835740707372E-0002
  -3.12964845566100210341684642416559599         8.41990091129984711064758211928701566E-0002
  -3.14827329447543860122934308252385096         8.43386489724800674964469325799179497E-0002
  -3.16686706110346797374868413968797078         8.44795879373828309836502489696951592E-0002
  -3.18542957203212020959026839658192185         8.46218353205210417833775991357145195E-0002
  -3.20396064405690643178552001565888032         8.47654005574403662156378951141402636E-0002
  -3.22246009428362705212445990427826385         8.49102932081152285840615126936070553E-0002
  -3.24092774013017686306826590431908015         8.50565229586770909083962713574672272E-0002
  -3.25936339932834704941629335614672496         8.52040996231742686710703056253966748E-0002
  -3.27776688992562410194242838498115871         8.53530331453639257285494299331507524E-0002
  -3.29613803028698561524622256967472461         8.55033336005369069271371243336081704E-0002
  -3.31447663909669295209500919612235701         8.56550111973760827623443160707344292E-0002
  -3.33278253536008075656412776648982624         8.58080762798488966432740205962868047E-0002
  -3.35105553840534329831348452592556595         8.59625393291348219813069833465924603E-0002
  -3.36929546788531763036995217346313655         8.61184109655884534288416764832811687E-0002
  -3.38750214377926354281656133474879931         8.62757019507389741624720334960011100E-0002
  -3.40567538639464029482105948064938226         8.64344231893267591497652961981516276E-0002
  -3.42381501636888010746820946560173518         8.65945857313778928741822681104311960E-0002
  -3.44192085467115839989216941893876795         8.67562007743173990335978954346972359E-0002
  -3.45999272260416075123743803584100349         8.69192796651219992897666975044539839E-0002
  -3.47803044180584657100916406478574513         8.70838339025132382448892674836028187E-0002
  -3.49603383425120946040610565646424303         8.72498751391918324736649506071623808E-0002
  -3.51400272225403424726218390447884345         8.74174151841141226619118053793144012E-0002
  -3.53193692846865067725540504838887973         8.75864660048115297136264882936835870E-0002
  -3.54983627589168374407592710082584316         8.77570397297539381054722003230471568E-0002
  -3.56770058786380064127821877673590491         8.79291486507579528099730856682677987E-0002
  -3.58552968807145431857560121693543788         8.81028052254409997956549107429925512E-0002
  -3.60332340054862362536897578100502773         8.82780220797222644641707608887651094E-0002
  -3.62108154967855002433522380534158906         8.84548120103714874219482210053784233E-0002
  -3.63880396019547085793461634850301168         8.86331879876066627286736961375796803E-0002
  -3.65649045718634915073059324370832141         8.88131631577417102393214261806451542E-0002
  -3.67414086609259993044946091172206420         8.89947508458852208835476411236493786E-0002
  -3.69175501271181305074191701891202870         8.91779645586914017300191212926151626E-0002
  -3.70933272319947249864283685591822180         8.93628179871643764883825809950742501E-0002
  -3.72687382407067216976045092134324213         8.95493250095170267337287855299505658E-0002
  -3.74437814220182809426090527974751500         8.97374996940855896240881851654138149E-0002
  -3.76184550483238709674922547993317122         8.99273563023012592481760418681428168E-0002
  -3.77927573956653187318290082230277514         9.01189092917200710167216743780168196E-0002
  -3.79666867437488246798966820561395003         9.03121733191123817257177345164071271E-0002
  -3.81402413759619413459660331470467950         9.05071632436132921043120081275258663E-0002
  -3.83134195793905156261332118108466587         9.07038941299353938454293443053490323E-0002
  -3.84862196448355945494794780538761700         9.09023812516452593362836249759895568E-0002
  -3.86586398668302943817054922063709734         9.11026400945051295926279712647665059E-0002
  -3.88306785436566328947489374254586360         9.13046863598812942900311184294573450E-0002
  -3.90023339773623246362577684047051331         9.15085359682206973140698364627590174E-0002
  -3.91736044737775390331565571138407453         9.17142050625973419568281497051049508E-0002
  -3.93444883425316211639102188889394225         9.19217100123301118086094655956997124E-0002
  -3.95149838970697750344578470789253036         9.21310674166736665718470958637854987E-0002
  -3.96850894546697091931594580924284339         9.23422941085841165008831206632457483E-0002
  -3.98548033364582445204701474272292195         9.25554071585612249901677931501927374E-0002
  -4.00241238674278840294294774343060540         9.27704238785689360397186981082265840E-0002
  -4.01930493764533445134288554853072662         9.29873618260360719672574051502131312E-0002
  -4.03615781963080498780962131756281238         9.32062388079390968599462218405881815E-0002
  -4.05297086636805859945154594887628057         9.34270728849688929155331216359206993E-0002
  -4.06974391191911169113779497389185409         9.36498823757835500653272226933894903E-0002
  -4.08647679074077622640445838498515995         9.38746858613492241540903510643213505E-0002
  -4.10316933768629357188801183545333569         9.41015021893711755310153732147283357E-0002
  -4.11982138800696442916058426328079395         9.43303504788171582399803389175878054E-0002
  -4.13643277735377483788029275471496824         9.45612501245353901469571019650005880E-0002
  -4.15300334177901823420864999787504259         9.47942208019693963708716926446299004E-0002
  -4.16953291773791354848598259805695017         9.50292824719720823568356486753566634E-0002
  -4.18602134209021932619488945081463212         9.52664553857214589154851537025128007E-0002
  -4.20246845210184385628101791047851665         9.55057600897405096197946312616261084E-0002
  -4.21887408544645129093984126315050894         9.57472174310237611745247867799137509E-0002
  -4.23523808020706374101768362547129391         9.59908485622731898296242855337235732E-0002
  -4.25156027487765933121495745312332628         9.62366749472461716766038396282181913E-0002
  -4.26784050836476619931945396410069363         9.64847183662182618284151568390186311E-0002
  -4.28407861998905242373755756769337480         9.67350009215636671242006737243246389E-0002
  -4.30027444948691186363144144581089990         9.69875450434563592093099538248684046E-0002
  -4.31642783701204589601064236208868324         9.72423734956948597105982960429851532E-0002
  -4.33253862313704103416690817803086643         9.74995093816538168532945466674764114E-0002
  -4.34860664885494241188186103457279547         9.77589761503655833485387991974976979E-0002
  -4.36463175558082311787782231070069337         9.80207976027350988239324968934612193E-0002
  -4.38061378515334936502310189543471941         9.82849978978914765811697469152449348E-0002
  -4.39655257983634147884416360134111916         9.85516015596797941574394786848037443E-0002
  -4.41244798232033068993834030105768569         9.88206334832966901577593228466444166E-0002
  -4.42829983572411171492218617585694280         9.90921189420734762354267583582212198E-0002
  -4.44410798359629111059211891829639844         9.93660835944105830540122844315981297E-0002
  -4.45987226991683138601572141927995811         9.96425534908672726986135171097847259E-0002
  -4.47559253909859085731393998165297497         9.99215550814106674536897792921766301E-0002
  -4.49126863598885922993643402455932250        0.100203115222828266272609938893582584      
  -4.50690040587088889327450016050298767        0.100487261186308245778887430483865777      
  -4.52248769446542191249831102419822225        0.100774020665191972415938138275715536      
  -4.53803034793221270254767589120484818        0.101063421782903286562529558238902904      
  -4.55352821287154636924814552590018399        0.101355493101059258223096356556712821      
  -4.56898113632575270256704742193914940        0.101650263627767257461042867877801878      
  -4.58438896578071580706694922193911045        0.101947762826113331251688485433354501      
  -4.59975154916737935465710720317516636        0.102248020622847032080015947251454058      
  -4.61506873486324744478666286760921998        0.102551067417268002595319314079720663      
  -4.63034037169388105726670345117488774        0.102856934090319785167143564492821601      
  -4.64556630893439008295180114102564291        0.103165652013896495480343395881378423      
  -4.66074639631092091755529053110850275        0.103477253060368175586718962285311642      
  -4.67588048400213960391633392519364284        0.103791769612330824331272917825807762      
  -4.69096842264071050808075908018168941        0.104109234572587292037605006328090869      
  -4.70601006331477051460173343750401996        0.104429681374365422024895222458356104      
  -4.72100525756939872651056238168121229        0.104753143991780024205057981074215356      
  -4.73595385740808165545226615614248802        0.105079656950545475951400876571686505      
  -4.75085571529417388752510031934954191        0.105409255338945962930166086182866346      
  -4.76571068415235421040783759981321373        0.105741974819070597947184737114606473      
  -4.78051861737007718740342426603413216        0.106077851638320889400511291744665370      
  -4.79527936879902016407256122462786316        0.106416922641198272977419126817291404      
  -4.80999279275652569317583855339989570        0.106759225281379671136427754401811574      
  -4.82465874402703936368827162100979959        0.107104797634089305033524297870306449      
  -4.83927707786354301969544689480915511        0.107453678408775253264158391281165605      
  -4.85384764998898335502598554577016776        0.107805906962099531493750495369552346      
  -4.86837031659769586952067257507442748        0.108161523311250757152124837635065425      
  -4.88284493435682417288437796045956400        0.108520568147588764303065737907382407      
  -4.89727136040773462211281380000749534        0.108883082850630846020487748102971051      
  -4.91164945236742627853222716351460566        0.109249109502389625579668644696416342      
  -4.92597906832993617053632189236008815        0.109618690902072893999605232540409855      
  -4.94026006686773984815103346197222466        0.109991870581156100467727996150871762      
  -4.95449230703314721560424877931670940        0.110368692818838544481958001548513315      
  -4.96867564835969362812416697267803090        0.110749202657894694723737822537470574      
  -4.98280995086352623923673738241014640        0.111133445920932450322169583394348148      
  -4.99689507504478558487948661798958811        0.111521469227070565904692751626338827      
  -5.01093088188898239069605724596901059        0.111913320009047883304218621512232895      
  -5.02491723286836958892292595132552185        0.112309046530777450687664726878783201      
  -5.03885398994330953132704840592072380        0.112708697905359064900344482225583248      
  -5.05274101556363638470059111571024476        0.113112324113564245732903087654560291      
  -5.06657817267001369546645673501153208        0.113519976022808142396787154729494871      
  -5.08036532469528710999598826229841645        0.113931705406623383562937047795081005      
  -5.09410233556583223728804869706718299        0.114347564964651413738867534293127845      
  -5.10778906970289764070661566943507918        0.114767608343167411436084155252811517      
  -5.12142539202394294552210478011080903        0.115191890156155459461818715848665005      
  -5.13501116794397204904984043374430637        0.115620466006951235752115454162122530      
  -5.14854626337686142022742833765588576        0.116053392510470115492457038685620043      
  -5.16203054473668347552124909351165822        0.116490727316039222944502159138967984      
  -5.17546387893902501810088695332060105        0.116932529130852645565085385634315331      
  -5.18884613340230072726903136356921601        0.117378857744069724876237932796001103      
  -5.20217717604906168518324090150058061        0.117829774051577069393504249643050363      
  -5.21545687530729892795493913333649672        0.118285340081435696079555596909948285      
  -5.22868510011174200826011931222212000        0.118745619020035499664340989075910070      
  -5.24186171990515255664546919917213671        0.119210675238980075236867898227695728      
  -5.25498660463961282876298814739242830        0.119680574322725780318092572777931621      
  -5.26805962477780922581565545187014508        0.120155383096999819800339858529647981      
  -5.28108065129431077554632134365216660        0.120635169658023072401810328762774890      
  -5.29404955567684256115172941211355185        0.121120003402564352440154781108205096      
  -5.30696620992755408555344117786514031        0.121609955058853817676441253832115129      
  -5.31983048656428255850741952164617558        0.122105096718384294719727057263138078      
  -5.33264225862181109408413720725193857        0.122605501868630400118246334241788893      
  -5.34540139965312180610130932469713432        0.123111245426716490013180185082390331      
  -5.35810778373064378914170362763786491        0.123622403774065676430735895606482653      
  -5.37076128544749597283895994958334676        0.124139054792063406398795955690198556      
  -5.38336177991872483716494865843350177        0.124661277898770413689377389817573090      
  -5.39590914278253697650291794899060795        0.125189154086721224841782153906493670      
  -5.40840325020152650034152017772810580        0.125722765961845834096727502273340144      
  -5.42084397886389725847576791148297033        0.126262197783553659009810741482765104      
  -5.43323120598467987865205038891073591        0.126807535506020453021523955650488170      
  -5.44556480930694360464554017636494510        0.127358866820720486526163606024733724      
  -5.45784466710300292280963743302115848        0.127916281200248017576931604321455302      
  -5.47007065817561896518853487707556126        0.128479869943473861062391251129238016      
  -5.48224266185919567733553975806005131        0.129049726222084734975071166644352108      
  -5.49436055802097073903145938092031530        0.129625945128555018476037088206691935      
  -5.50642422706220122614914348553612376        0.130208623725602603287999756225184628      
  -5.51843354991934400196217954970981530        0.130797861097182662225853029727387300      
  -5.53038840806523082624775534205002605        0.131393758401075401368672934088521504      
  -5.54228868351023817058583629023426034        0.131996418923126210748689928686939126      
  -5.55413425880345172830905293531165181        0.132605948133199088042491175761746305      
  -5.56592501703382560761005539834251105        0.133222453742906786483344318015450328      
  -5.57766084183133619636556687497575958        0.133846045765183838301058301527745188      
  -5.58934161736813068728895617863086789        0.134476836575771435033679650596991232      
  -5.60096722835967025207584975475540173        0.135114940976686113030147575727277228      
  -5.61253756006586785326011586704070902        0.135760476261747303776800038950428938      
  -5.62405249829222068255047729026113667        0.136413562284242072177847981458387402      
  -5.63551192939093721447104331122119513        0.137074321526808789916656921709614949      
  -5.64691574026205886418219661572179283        0.137742879173625084339552417677312801      
  -5.65826381835457623841152520097346536        0.138419363184989175291497316336007700      
  -5.66955605166753996847785327389025338        0.139103904374387672919643017843494769      
  -5.68079232875116611444489764951347248        0.139796636488147069182696999541254655      
  -5.69197253870793612949465692268723609        0.140497696287770525848654720763698125      
  -5.70309657119369137366432912121704580        0.141207223635066154013356762032488156      
  -5.71416431641872216614434913020560902        0.141925361580177807252857643653869170      
  -5.72517566514885136538903937413589068        0.142652256452634485852627825917530225      
  -5.73613050870651246634537552356712464        0.143388057955539787403372515047777630      
  -5.74702873897182220415948282398519347        0.144132919263028454591121752425043084      
  -5.75787024838364765377469749132298896        0.144886997121122980383062100829447391      
  -5.76865492994066781488935094682056390        0.145650451952129451203733973789011776      
  -5.77938267720242967179686193708023962        0.146423447962718358403969740397398671      
  -5.79005338429039871768525226621263042        0.147206153255843006833371285265910738      
  -5.80066694588900393302783541767049216        0.147998739946655417398170729348351404      
  -5.81122325724667720775156322451677903        0.148801384282587280249487013929381500      
  -5.82172221417688719692435341825074343        0.149614266767771590298199270827397745      
  -5.83216371305916759975765980669531198        0.150437572291989112260881564260027055      
  -5.84254765084013985177558645860547563        0.151271490264332805263621897504670445      
  -5.85287392503453022005698706337223794        0.152116214751792815836665458749893181      
  -5.86314243372618129151223004426206294        0.152971944622974653538962168687437040      
  -5.87335307556905784421164848785738749        0.153838883697173728165941686540957508      
  -5.88350574978824709183813096458075290        0.154717240899040586472945579454028188      
  -5.89360035618095329139184430825293330        0.155607230419082976965868992294378769      
  -5.90363679511748670433071184844574797        0.156509071880263333546923038865065475      
  -5.91361496754224690138599989887375207        0.157422990510963445435196120979634966      
  -5.92353477497470040134819094819980670        0.158349217324602017603448822847926065      
  -5.93339611951035263417424342543094972        0.159287989306205572028842261457731869      
  -5.94319890382171421882335456863146605        0.160239549606248747893773040041272579      
  -5.95294303115926154628445426011735581        0.161204147742096584819307605279069979      
  -5.96262840535239165831486314982473617        0.162182039807398877669710668433758085      
  -5.97225493081037141246584741643857774        0.163173488689805239234215922834906814      
  -5.98182251252328092402719455747906759        0.164178764297389167725606465391699332      
  -5.99133105606295127557941909830410550        0.165198143794190264223338420358475656      
  -6.00078046758389648489878350841866627        0.166231911845305861172043606075622158      
  -6.01017065382423972201698735319897146        0.167280360871986793068842880311134351      
  -6.01950152210663376629413623085370421        0.168343791317216957277425799503415124      
  -6.02877298033917569442045078797236188        0.169422511922282776271372120208799515      
  -6.03798493701631579031911451127788937        0.170516840014866789933709827479338020      
  -6.04713730121976066797968649624825202        0.171627101809229493485764841280411147      
  -6.05622998261937059830862143226072712        0.172753632719075317807198250063318196      
  -6.06526289147405103114064305513156894        0.173896777683732458684211041288698811      
  -6.07423593863263830361200873679162637        0.175056891508312244783244811950778670      
  -6.08314903553477952615408114291224929        0.176234339218552047258969772515675346      
  -6.09200209421180663742308742627535593        0.177429496431086545697722946241259877      
  -6.10079502728760461953949666941480234        0.178642749739935657956311137263488159      
  -6.10952774797947386506808167654573866        0.179874497120043812518462340791385393      
  -6.11820017009898668722745117320627221        0.181125148348754704457467255309338273      
  -6.12681220805283796487564243268894377        0.182395125446158460665485667681723440      
  -6.13536377684368991387625174073639113        0.183684863135304496469985776007760570      
  -6.14385479207101097650755036279103201        0.184994809323333544703421764574668038      
  -6.15228516993190882063508621917953814        0.186325425604646673043054397642947451      
  -6.16065482722195744042640573002429380        0.187677187787297894132643112886520331      
  -6.16896368133601835044474568964415404        0.189050586443870560903568110506557199      
  -6.17721165026905586501684099517323961        0.190446127488176501568140519105217312      
  -6.18539865261694645482837001073161289        0.191864332779201192375767449847995081      
  -6.19352460757728217275901472057825284        0.193305740753808634384427395446714598      
  -6.20158943495016814102764703533397022        0.194770907089816475169093748103214634      
  -6.20959305513901409177676508687067104        0.196260405401155822283661753620451236      
  -6.21753538915131995328399350134228219        0.197774827966941704057959047341731478      
  -6.22541635859945547404722889683361649        0.199314786496399868132629730838894514      
  -6.23323588570143387704885563221726572        0.200880912931724248851434198821502055      
  -6.24099389328167953656337655627105123        0.202473860291077723400766795005192047      
  -6.24869030477178966993179858940564062        0.204094303554097524170763125400340936      
  -6.25632504421129003678518283222609144        0.205742940592426767551447533365371362      
  -6.26389803624838463825891295260653135        0.207420493147965966942287676516535031      
  -6.27140920614069940879845327226605878        0.209127707861724181767197665663443137      
  -6.27885847975601989321665867054168114        0.210865357356349777918924323421796106      
  -6.28624578357302290172206156198546574        0.212634241375636913711972948706270473      
  -6.29357104468200213569699619967793885        0.214435187984537218661369400179256130      
  -6.30083419078558777706392682114852434        0.216269054833458237241949601905724128      
  -6.30803515019946003413792310122396263        0.218136730490902755552785082837191774      
  -6.31517385185305663692287341798636381        0.220039135848797973780390143477173544      
  -6.32225022529027427486874298562206721        0.221977225605182677320600283510248610      
  -6.32926420067016397016696937190214211        0.223951989829266348548873909389195901      
  -6.33621570876762037972094170829713719        0.225964455614249035425395192884227011      
  -6.34310468097406501898843142655958148        0.228015688823697496258971455590573002      
  -6.34993104929812340095283102560662288        0.230106795937714703360040123611292760      
  -6.35669474636629608354011259463806460        0.232238926005619563937045395380951247      
  -6.36339570542362361885853899991106245        0.234413272712375414356057610843571033      
  -6.37003386033434539769834719009029056        0.236631076566573573804681101834605435      
  -6.37660914558255238278887439458422920        0.238893627218396563117196596107637952      
  -6.38312149627283372437091348610850508        0.241202265916659563007987993314293494      
  -6.38957084813091725170246285759608426        0.243558388114763924312917111016453302      
  -6.39595713750430383417647822858454501        0.245963446236199303080223751925196077      
  -6.40228030136289560578973825081388309        0.248418952611108236503260832769762611      
  -6.40854027729961804676250202980969130        0.250926482596386460383263817484380286      
  -6.41473700353103591616926412094181097        0.253487677892842652056156896812236814      
  -6.42087041889796302950160059646923589        0.256104250074092234571619915710314486      
  -6.42694046286606587514484781544172878        0.258777984343122212204145366362355379      
  -6.43294707552646106381116296146872114        0.261510743533849830891268327141120153      
  -6.43889019759630660503238164414180404        0.264304472376520740177947168244312603      
  -6.44476977041938700487701228758329854        0.267161202047467504528028090343753959      
  -6.45058573596669217911668905289059890        0.270083055025593882488582449863543406      
  -6.45633803683699017612844405828617779        0.273072250279983512085995200654819199      
  -6.46202661625739370388025506913592333        0.276131108815275193817943765476837263      
  -6.46765141808392045540847602667682310        0.279262059603925306019141507425225955      
  -6.47321238680204722725696416576127178        0.282467645937218643624281817459956279      
  -6.47870946752725782540897843409722721        0.285750532229923380051847472566245424      
  -6.48414260600558475330423886372002093        0.289113511316849292901163891438851943      
  -6.48951174861414467659490485461930762        0.292559512283300993278678146207355747      
  -6.49481684236166765935565140488280714        0.296091608875565230928791890387802533      
  -6.50005783488902016652449555520604731        0.299713028542185254594136914529892912      
  -6.50523467446972182741255010143827853        0.303427162161914749282645497468438981      
  -6.51034731001045595518245735976417294        0.307237574519976438477073672533896762      
  -6.51539569105157381725688183743144099        0.311148015600653045904429190260107749      
  -6.52037976776759265168011645940143802        0.315162432771399121475341694041421104      
  -6.52529949096768742451758191920823597        0.319284983941682343194899405003395894      
  -6.53015481209617632343977215146119494        0.323520051788758432479962551290728902      
  -6.53494568323299998269902025413828972        0.327872259152688383358109689444640438      
  -6.53967205709419443476932781094044209        0.332346485714274339443329583320135851      
  -6.54433388703235778398141586689281138        0.336947886082399053619934904225936475      
  -6.54893112703711059754711718300819759        0.341681909431709286535577729684438827      
  -6.55346373173555000942923622663676421        0.346554320847924410891192688029384049      
  -6.55793165639269753257505503113275590        0.351571224556555167019823669708847094      
  -6.56233485691194057509375896924783198        0.356739089231806762504500987119768246      
  -6.56667328983546765602019601635036706        0.362064775606291925924007148414034482      
  -6.57094691234469731636956561887870276        0.367555566629333446093036943525835552      
  -6.57515568226070072124985821664703585        0.373219200452608169620393083032450998      
  -6.57929955804461794886113318060069844        0.379063906557281505559667078751567911      
  -6.58337849879806796227303080581550990        0.385098445377316847096126016830331478      
  -6.58739246426355225993426242800017312        0.391332151820160308440355251452561944      
  -6.59134141482485220093021109513743940        0.397774983139494561559858295854470348      
  -6.59522531150742000106720290844114058        0.404437571676408951944431361834763352      
  -6.59904411597876339592447553237597195        0.411331283056553373218674360403661378      
  -6.60279779054882396707737484556734374        0.418468280513308991656165709598170957      
  -6.60648629817034912775785264612556555        0.425861596102727924697408365334593589      
  -6.61010960243925776428091711895848995        0.433525209687376101847001106733856944      
  -6.61366766759499952962830280142212658        0.441474136696159347977525955289928125      
  -6.61716045852090778564327742917443196        0.449724525819224810622654865835039424      
  -6.62058794074454619035318868801710016        0.458293767975351717742850434172025303      
  -6.62395008043804892699907392115154899        0.467200618099035881741978138895782698      
  -6.62724684441845457141440962561726394        0.476465331542025072080979961987154672      
  -6.63047820014803359445786449736854579        0.486109817177083949874034214460982313      
  -6.63364411573460949626773923179806800        0.496157809639730373461565519675495052      
  -6.63674455993187356916862763552975896        0.506635063558279234467047604176395575      
  -6.63977950213969328612371623566203959        0.517569573118240620326772812489246890      
  -6.64274891240441431168905286371912528        0.528991820901971863060240020964691149      
  -6.64565276141915613248905802243423244        0.540935060661010226781779248701894338      
  -6.64849102052410130429552559291875375        0.553435639545010986968116673622058094      
  -6.65126366170677831285536098625026595        0.566533366363391797977773303439774870      
  -6.65397065760233804567533456523972585        0.580271933738925883709685112704996520      
  -6.65661198149382387203518543703647983        0.594699403584375093317813130962607313      
  -6.65918760731243532856349492294894290        0.609868767267836641780626264339907775      
  -6.66169750963778540777385952578337610        0.625838594225250790925701399685477783      
  -6.66414166369815144702202941425769449        0.642673785753316133181447617002992655      
  -6.66652004537071961540783970550305740        0.660446454434558398667462745230791640      
  -6.66883263118182299620894752694678849        0.679236954320983488147344572830319060      
  -6.67107939830717326249659735435875985        0.699135092914846776197855927813404191      
  -6.67326032457208594364686982968720487        0.720241563509563345822782646161734432      
  -6.67537538845169928052412453642781628        0.742669646094539981109994818243381415      
  -6.67742456907118666717662442735790408        0.766547237467395119201204514132176798      
  -6.67940784620596267694762813500465829        0.792019287368623949915982915738429397      
  -6.68132520028188267096855562447233741        0.819250738644126455120997957198812934      
  -6.68317661237543598706417194629213495        0.848430097442564120604067309606470333      
  -6.68496206421393270716309258864729602        0.879773796789908307437247920574419014      
  -6.68668153817568400137029148833961771        0.913531567142731881269185778286447661      
  -6.68833501729017604692168851269075473        0.949993095874292209566877782861539078      
  -6.68992248523823752030430654452232766        0.989496351632136340249149298958368200      
  -6.69144392635220066088891856356884101         1.03243808026725684948035141078910478      
  -6.69289932561605590448555169411573427         1.07928716328938266021575911896484612      
  -6.69428866866560008529567745412949169         1.13060179302378315283690354231432730      
  -6.69561194178857820479839476931061488         1.18705180031511521784741692389487599      
  -6.69686913192481876617140407985786281         1.24944803308511854279441876097356933      
  -6.69806022666636267291107644164538243         1.31878152774287788887131916340653685      
  -6.69918521425758569037944028020882815         1.39627650579870935063090932754052312      
  -6.70024408359531446906943976850779817         1.48346324420825608906842096940562696      
  -6.70123682422893612844336204085149653         1.58228009385422462326016641083306594      
  -6.70216342636050140026288499849633741         1.69521922023458195740139532330622813      
  -6.70302388084482133039276267999056971         1.82553960908376937518934876016746015      
  -6.70381817918955753812374043398879184         1.97758657480452595490450538102405616      
  -6.70454631355530603212387681652641875         2.15728554622616435196456218898284535      
  -6.70520827675567458219104261107541912         2.37293212381781543312626494141637417      
  -6.70580406225735364604296901045612849         2.63650884171050642107624847011631130      
  -6.70633366418018085044482617713311278         2.96598950123580186601018060984921541      
  -6.70679707729719902603792948477903830         3.38961864749757026282507212883332383      
  -6.70719429703470779529679311138409719         3.95447052251552288248027037753174442      
  -6.70752531947230871310537867469285793         4.74527876214100586740948911540086674      
  -6.70779014134294395950701964638238409         5.93151063834648862433388090161482650      
  -6.70798876003292858424613972412271866         7.90858978609403901459656268634527196      
  -6.70812117358197630278352455240754590         11.8627871108092327054776414285581320      
  -6.70818738068321884353055053569578979         23.7254571406984201935775952873106824      
