   6.24498258949613918256795861822166414                                            Infinity
   6.24492095403918232151121289489459205         25.4852291277598131202182097378456935      
   6.24479768373358567632132247585335925         12.7426774464208911465127235905221678      
   6.24461277979597739700152771950674877         8.49518816774752792055826788694601877      
   6.24436624405128469900604043747741065         6.37146449046464002344148043787662877      
   6.24405807893271585194518028353105496         5.09724705454894349618223963357955077      
   6.24368828748173616480207961786676685         4.24778274018580872405141768506831037      
   6.24325687334803796789797306273121701         3.64103449619167344651729018436461948      
   6.24276384078950459190233763317796356         3.18598379711965053404756229322243797      
   6.24220919467216834424339607062686093         2.83206479562806793657553559150007105      
   6.24159294047016248333373924194624627         2.54893798342788828479719769228265987      
   6.24091508426566719108506260837533852         2.31729640080426654844035476928694131      
   6.24017563274884954424524623205972391         2.12426874137733188639062729028841658      
   6.23937459321779748515023698866862328         1.96094410081953450994192723736952479      
   6.23851197357844779254241500793065114         1.82095754755127505414730287749350205      
   6.23758778234450805316634328545426285         1.69964146515828462172947392924425769      
   6.23660202863737263491200931444305218         1.59349514140248958190951677085561060      
   6.23555472218603266233486989049658123         1.49984156111139681493541887945777611      
   6.23444587332697999544120436230164931         1.41659860143768589730399061549543301      
   6.23327549300410521268646695144483578         1.34212248124735304067595831693989650      
   6.23204359276858959919350476167917970         1.27509817569141367238769135937800264      
   6.23075018477879114125667415771288253         1.21446114089997744540809258567594221      
   6.22939528180012452825704373201069829         1.15934038648703172464778393882933510      
   6.22797889720493516317301651136808922         1.10901639870615271073745298055511264      
   6.22650104497236718292983679940239592         1.06288958281729030877346103923350688      
   6.22496173968822548989056752298807400         1.02045627928552609521295710735407481      
   6.22336099654483179585023156654915677        0.981290314703196242894374341335377383      
   6.22169883134087467995390475464328445        0.945028652507099602021763556698598468      
   6.21997526048125366201862829719222341        0.911360118542019649929752717243836276      
   6.21819030097691729279807405993644326        0.880016459266277653465620716733859010      
   6.21634397044469526278794638226305939        0.850765188316176429538922597400708669      
   6.21443628710712453122913875267387873        0.823403817606359409315291988781292281      
   6.21246726979226947702468188617604694        0.797755170098853535228156103481879780      
   6.21043693793353607334552104530561702        0.773663544795923664489249861296915346      
   6.20834531156948008775914422501527294        0.750991558498894935504825640637950379      
   6.20619241134360930977404849912544881        0.729617528979749506486798319397888693      
   6.20397825850417980775197882048563063        0.709433294290791540209987897826867674      
   6.20170287490398621719880129663678166        0.690342385699772930773107953596103448      
   6.19936628300014606250378084601362576        0.672258489108947532307843912278049188      
   6.19696850585387811425592059517996066        0.655104143178887237339529635192687198      
   6.19450956713027478432488682405583995        0.638809632733726583016451935194058447      
   6.19198949109806856095288812258429192        0.623312044107104187240413135040523166      
   6.18940830262939248616270010802225332        0.608554455438684878300752346778339698      
   6.18676602719953467784582698646943627        0.594485239952563337273857523183209238      
   6.18406269088668689895356784503832292        0.581057464243159014452510597920117127      
   6.18129832037168717627250825211696930        0.568228366789659234671428653533227053      
   6.17847294293775647132468594261859916        0.555958904490318377771075519861580573      
   6.17558658647022940599138249332432607        0.544213357085996273894694946124567987      
   6.17263927945627904551817037103161688        0.532958981030755096744153408409377401      
   6.16963105098463574161749598409839485        0.522165705745649257047406432048031433      
   6.16656193074530003844370380725663347        0.511805866322061278174903451169848262      
   6.16343194902924964427400370166058330        0.501853967671704795582600307580798355      
   6.16024113672814047178745263870396252        0.492286475890089492313949417757078660      
   6.15698952533400174989256257913447026        0.483081633239217150801091928044448454      
   6.15367714693892521011265768064113497        0.474219293687756641212200158951026102      
   6.15030403423474835059658572990636700        0.465680776392291438234085393220247366      
   6.14687022051273178088084014190899527        0.457448734877005602236184697906532036      
   6.14337573966323065058756946314494206        0.449507039983929818915483275025674362      
   6.13982062617536016530134047981083525        0.441840674931783354444846478945637210      
   6.13620491513665519292587819059525273        0.434435641046798853421076826674644888      
   6.13252864223272396388033048058089396        0.427278872920465316641959193045091599      
   6.12879184374689586855289675223874844        0.420358161912411764694417797940427470      
   6.12499455655986335548791745627943200        0.413662087056238286150634798495737614      
   6.12113681814931793384074484423756690        0.407179952545744763010359122592691235      
   6.11721866658958028369290376146101363        0.400901731081826279485254736779230101      
   6.11324014055122447787820433936103065        0.394818012448886496430966199192015541      
   6.10920127930069631902858545540500769        0.388919956766123148641254770467616197      
   6.10510212269992579560654823480881767        0.383199251925266191542674078573467745      
   6.10094271120593366074908209598097052        0.377648074783810238389072610546814218      
   6.09672308587043213780599131962233816        0.372259055732749115630024069451860096      
   6.09244328833941975651349727650268405        0.367025246301362326714099958430610412      
   6.08810336085277032380191970920606003        0.361940089499625773466715100556765237      
   6.08370334624381603329412925683285205        0.356997392632088823201432468021583030      
   6.07924328793892471760931216742784221        0.352191302346227800096764186038603199      
   6.07472322995707124764439628982719838        0.347516281703906511455222503782994327      
   6.07014321690940308306325440413973984        0.342967089087120487696119018337148091      
   6.06550329399879997828152616806259572        0.338538758769077754035487439499471457      
   6.06080350701942784829258285495372176        0.334226582999221905818747526837438316      
   6.05604390235628679873779906973690330        0.330026095466330872636599642566768486      
   6.05122452698475332468189218141507932        0.325933056017583400931304730117401280      
   6.04634542847011668261164273776051362        0.321943436523696081862492499088721654      
   6.04140665496710944023381706061509499        0.318053407791087793034717045768667076      
   6.03640825521943220870557599159102753        0.314259327431691167247892591458699333      
   6.03135027855927256198807080067682054        0.310557728609645678508563517112039095      
   6.02623277490681814807129801764288394        0.306945309591798879358754175592513352      
   6.02105579476976399687560883197904923        0.303418924035819826287911811363827988      
   6.01581938924281402969254516561931941        0.299975571955886494046857379304878111      
   6.01052361000717677508490298862160178        0.296612391311429733661773894762209789      
   6.00516850933005529622310335645029526        0.293326650169372460359534988415992458      
   5.99975414006413133469208243421465022        0.290115739394757707200845769287257050      
   5.99428055564704367585999287428811974        0.286977165828668634844526354380843664      
   5.98874781010086074095703976580602064        0.283908545915956503024742949790354928      
   5.98315595803154741106975441473912731        0.280907599748552087129213967133211256      
   5.97750505462842608831293787919957011        0.277972145493080067736763636387568029      
   5.97179515566363199949838291448934373        0.275100094174158088844925379200048613      
   5.96602631749156274767630721480082467        0.272289444787172143013458660481407717      
   5.96019859704832211698220201259041599        0.269538279716503970161094296198733654      
   5.95431205185115813627851765216240384        0.266844760437167543443836470393695123      
   5.94836673999789540713727113114091257        0.264207123479611138250507505259658423      
   5.94236272016636170176626924302873736        0.261623676639077319085397098364210629      
   5.93630005161380883653819429724853490        0.259092795412401792356192614595379514      
   5.93017879417632782683829688177557159        0.256612919646488037628602504988516042      
   5.92399900826825832900288121009466698        0.254182550383930950522251914522511335      
   5.91776075488159237517715270169638908        0.251800246892391023021071778229870368      
   5.91146409558537240697732402718065708        0.249464623865351238864612220354207331      
   5.90510909252508361389814434933904053        0.247174348782831171989294094789877268      
   5.89869580842204058246322635499278441        0.244928139421495078812895406003575796      
   5.89222430657276826217169634410336836        0.242724761504380547835975817910673401      
   5.88569465084837725435078356856168547        0.240563026481198228324538246752928675      
   5.87910690569393343007999563950591195        0.238441789430817341756428590195326547      
   5.87246113612782188340849659601728211        0.236359947078161519475458253160508387      
   5.86575740774110522614321259719798474        0.234316435918299903291796877155303421      
   5.85899578669687623054103661215352160        0.232310230441033807457945633597862788      
   5.85217633972960482629428738710127298        0.230340341449753555634249140808280676      
   5.84529913414447945825429881514331253        0.228405814468776975707151518900827030      
   5.83836423781674281139367307223230895        0.226505728233783714805548131511828164      
   5.83137171919102190956332396321023665        0.224639193260330973969347975100938064      
   5.82432164728065259465596529582930862        0.222805350485779126948068930407680386      
   5.81721409166699839284316222033042350        0.221003369980272401909082709618909294      
   5.81004912249876377460846079005787466        0.219232449722712565954668018851022391      
   5.80282681049130181535444196798093561        0.217491814437934356382843472103827555      
   5.79554722692591626341681037877890972        0.215780714491542064214058231964941210      
   5.78821044364915802237382474089217006        0.214098424839098845664607201289126290      
   5.78081653307211605459450556287911203        0.212444244026575519346267961552718612      
   5.77336556816970271302411580945037296        0.210817493239165171014983258005026679      
   5.76585762247993350826040129125580754        0.209217515395755083123863200380879431      
   5.75829277010320131802899896613723668        0.207643674286519473623301279099790642      
   5.75067108570154504622127261607850709        0.206095353751256308987680051657523461      
   5.74299264449791273871261594212385023        0.204571956896240002416085925868000727      
   5.73525752227541916323397245843391970        0.203072905347499990450462537406053941      
   5.72746579537659786062395912644687518        0.201597638538563797084245418622713979      
   5.71961754070264767484354591155909820        0.200145613030822974062350727560131787      
   5.71171283571267376918973582929936234        0.198716301864791918908667052756330144      
   5.70375175842292313619910903782400284        0.197309193940633632304477970372643122      
   5.69573438740601460878643959161511131        0.195923793426423547418437706354088214      
   5.68766080179016338021786406115542863        0.194559619192713163367694367412722660      
   5.67953108125840004057227680945352170        0.193216204272039819008612711431845967      
   5.67134530604778413739874676371244542        0.191893095342107989346419858571050871      
   5.66310355694861226833179449503146092        0.190589852231441377764390876053081394      
   5.65480591530362071348033578741120670        0.189306047446374183881138832018875726      
   5.64645246300718261545998810686191975        0.188041265718314590885132402396161355      
   5.63804328250449971499224894021707525        0.186795103570274052744438223940173343      
   5.62957845679078865004778933022286773        0.185567168901712661415306844499044857      
   5.62105806941046182656476155827094037        0.184357080590804005384912148305136597      
   5.61248220445630286882659628920831463        0.183164468113272741394785418272956509      
   5.60385094656863665763726106521749907        0.181988971177004820016085049436729697      
   5.59516438093449396448536828982164376        0.180830239371674144645173183208290204      
   5.58642259328677068994185625143764544        0.179687931832670598371454427514701053      
   5.57762566990338171458922077217509800        0.178561716918653025391359833503463595      
   5.56877369760640937083344720616537791        0.177451271902087071166597799548476375      
   5.55986676376124654400288222781515488        0.176356282672161923997858793196295448      
   5.55090495627573441119129162003832914        0.175276443449512104415081053083953523      
   5.54188836359929482635527357257432575        0.174211456512200651636843975270474599      
   5.53281707472205736022903630861723930        0.173161031932448482564880622654538726      
   5.52369117917398100367230365265686164        0.172124887323621463721200550012412625      
   5.51451076702397054311978191300066282        0.171102747597011947383726472715224124      
   5.50527592887898761685320565907596841        0.170094344727975279553028695575668641      
   5.49598675588315646086947810731913970        0.169099417531004181929204983818456931      
   5.48664333971686435317083337210791737        0.168117711443345028985990320446918977      
   5.47724577259585676535527227250374298        0.167148978316779964727626420139934092      
   5.46779414727032723043776019512149044        0.166192976217217606515978220515249018      
   5.45828855702400193588482418267865064        0.165249469231752835069335193347178787      
   5.44872909567321905089724643200812738        0.164318227282872935242258784842108402      
   5.43911585756600279702752223073722528        0.163399025949503192001174727946733375      
   5.42944893758113227127063152550876104        0.162491646294600016558443905347752451      
   5.41972843112720503081846428450247936        0.161595874699013831600642560033745734      
   5.40995443414169544871994008195006707        0.160711502701357331136013238032704469      
   5.40012704309000784974047138206430472        0.159838326843627395642639623925690830      
   5.39024635496452443576593732496180914        0.158976148522340929865274371432810838      
   5.38031246728364801014775990929419785        0.158124773844956238932263215342795392      
   5.37032547809083951043700681786940599        0.157284013491362305994245234975639731      
   5.36028548595365035900668423691380256        0.156453682580228516457382006171650113      
   5.35019258996274964111252837108733090        0.155633600540017022982942319430114514      
   5.34004688973094611999365545013421114        0.154823590984469092548217596468569494      
   5.32984848539220509866538635527710735        0.154023481592385450860161392961998392      
   5.31959747760066013810742306122462277        0.153233103991528867318651782018084022      
   5.30929396752961964160131939098237003        0.152452293646485030886946790705107069      
   5.29893805687056831502185761450361326        0.151680889750325177413639244776336574      
   5.28852984783216351293751468850370999        0.150918735119920964465129123124541630      
   5.27806944313922648042567693436542085        0.150165676094768771501721164682027935      
   5.26755694603172850055863918581174987        0.149421562439186950916184139725450841      
   5.25699246026377195756670341071637452        0.148686247247755587508900772293103615      
   5.24637609010256632573487202582568286        0.147959586853874057740929848568588726      
   5.23570794032739909413971208402263475        0.147241440741317131885295191380662340      
   5.22498811622860163738294772679209792        0.146531671458675547313060024151406791      
   5.21421672360651004252821926645566610        0.145830144536571914018446968773183441      
   5.20339386877042090249722750122619633        0.145136728407547507668177647153681772      
   5.19251965853754208623116087987746566        0.144451294328519973718335528401622689      
   5.18159420023193849597288043152074306        0.143773716305716220494575267772878324      
   5.17061760168347282207481247031972824        0.143103871021988830896173122580830387      
   5.15958997122674130578687148665895671        0.142441637766428182223759127275700493      
   5.14851141770000452052800485802286712        0.141786898366186141593043643020945583      
   5.13738205044411318219411656837583779        0.141139537120430709955207297250229014      
   5.12620197930142899910418852891348573        0.140499440736354329831724729484127442      
   5.11497131461474057223537486146611056        0.139866498267161758913597156974290070      
   5.10369016722617435644669615539286479        0.139240601051966451623301801212669071      
   5.09235864847610069343970675736391069        0.138621642657527291097021964581106511      
   5.08097687020203492725314811988370996        0.138009518821760281900644944177956351      
   5.06954494473753361313713463870488289        0.137404127398962455837698516080813122      
   5.05806298491108583070084477241353768        0.136805368306687765763018323072973422      
   5.04653110404499961227600908148513872        0.136213143474217151356956340053812888      
   5.03494941595428349748669767212720715        0.135627356792567261988852531767106834      
   5.02331803494552322506401190641988490        0.135047914065984520445258771814836037      
   5.01163707581575357299227866988668342        0.134474722964873312468629556554427703      
   4.99990665385132535812122949699962533        0.133907692980109095524145126127436390      
   4.98812688482676760642642097164984840        0.133346735378689140507881652173925327      
   4.97629788500364490514781657178515182        0.132791763160675456509103390834820912      
   4.96441977112940994808400304480805254        0.132242691017386205295974853879213090      
   4.95249266043625128536695601361349535        0.131699435290793592746090123953052839      
   4.94051667063993628908959935409496786        0.131161913934087832627472246543343392      
   4.92849191993864934620562048643485870        0.130630046473368317398201494237473922      
   4.91641852701182529016810861850088504        0.130103753970424604300026462606320419      
   4.90429661101897808282057470528900634        0.129582958986571236070150687300927907      
   4.89212629159852475810078997979498158        0.129067585547501767022887506521895363      
   4.87990768886660463916464390529391367        0.128557559109128659845086846365085317      
   4.86764092341589384058387183521786064        0.128052806524376958849667098820307820      
   4.85532611631441506731803708423493837        0.127553256010900834149117920140364777      
   4.84296338910434272220757105347321352        0.127058837119693230627181824958749654      
   4.83055286380080333378097805596305347        0.126569480704559947963602357545020382      
   4.81809466289067131621549809830038154        0.126085118892430525451780182902405737      
   4.80558890933136007333659063541739468        0.125605685054479309982944747496771484      
   4.79303572654960845858755477249669740        0.125131113778031049292002092897720384      
   4.78043523844026260294643608794740335        0.124661340839226277212457648970311840      
   4.76778756936505312281308674160745522        0.124196303176422645022729839847935132      
   4.75509284415136771993484336174197319        0.123735938864309204649724253398288215      
   4.74235118809101918548476592294072256        0.123280187088711467112240346198211969      
   4.72956272693900882045173998582212084        0.122828988122065844644022427185401627      
   4.71672758691228528454698382085007416        0.122382283299542838868388026348140690      
   4.70384589468849888587662063607111452        0.121940014995799061568513034222683590      
   4.69091777740475132367497392687956700        0.121502126602338870309193039667999808      
   4.67794336265634089643812042090757232        0.121068562505467069654649743913920432      
   4.66492277849550318784198975990239477        0.120639268064814771171201374319190724      
   4.65185615343014724287393250128486971        0.120214189592421122925981205665857133      
   4.63874361642258724665118779447608901        0.119793274332354212862984290604195719      
   4.62558529688826971844406875174085893        0.119376470440855021274883993374378429      
   4.61238132469449623346594665214774119        0.118963726966988846564908161363906414      
   4.59913183015914168503625425342738568        0.118554993833789156533933675155791918      
   4.58583694404936809976674320438805944        0.118150221819879325417187306779973963      
   4.57249679758033401846512041571213722        0.117749362541558205675043386198158379      
   4.55911152241389945549395282623468532        0.117352368435335953917121175601882047      
   4.54568125065732644936636886325640437        0.116959192740906983075105711676882738      
   4.53220611486197521740359760837009118        0.116569789484547348769340262955850795      
   4.51868624802199592732277281522961103        0.116184113462924297435893677408934433      
   4.50512178357301609866668805445944409        0.115802120227306107861493986979843685      
   4.49151285539082364703032095654106077        0.115423766068160746950373250349521951      
   4.47785959779004558408194836032727355        0.115049008000132235428023450853954221      
   4.46416214552282238641954972839682032        0.114677803747383980353253130434777619      
   4.45042063377747804634594303760427866        0.114310111729298679317012800316344609      
   4.43663519817718581768871507201097666        0.113945891046524736584849428963380876      
   4.42280597477862966983349621528106329        0.113585101467359454696740705041591394      
   4.40893310007066146318148804125235617        0.113227703414459576658316555789670827      
   4.39501671097295385928437981668551620        0.112873657951870054304717730329114469      
   4.38105694483464897895188704238618138        0.112522926772362208135951069811370470      
   4.36705393943300282166911095250223441        0.112175472185072723334682964930587194      
   4.35300783297202545970275205263710353        0.111831257103435196189704418474434957      
   4.33891876408111702031691289260348322        0.111490245033396205149038760841792303      
   4.32478687181369946956079492758719852        0.111152400061908131587400208970716445      
   4.31061229564584421113203111192225694        0.110817686845691197449098959880652942      
   4.29639517547489551386069938363116964        0.110486070600257420560013936172965165      
   4.28213565161808978140023202771022745        0.110157517089189413916944488464587149      
   4.26783386481117067775247164550816823        0.109831992613667172971740834415505422      
   4.25348995620700012229502570145218554        0.109509464002236205130174168117852808      
   4.23910406737416516801983796313890562        0.109189898600810558668059176880634020      
   4.22467634029558077673252619408235666        0.108873264262904504304218620810994983      
   4.21020691736708850500253079918408198        0.108559529340086812024577333163711864      
   4.19569594139605111469447836158977489        0.108248662672651748676166343994326147      
   4.18114355559994312195138674769269190        0.107940633580501098585853533165295533      
   4.16654990360493729854042429765450844        0.107635411854231680237982540165383194      
   4.15191512944448713951188416630811939        0.107332967746422997090070346694704847      
   4.13723937755790531116184573940810156        0.107033271963119820129470639851295357      
   4.12252279278893809332866782998609589        0.106736295655504653980954245471156634      
   4.10776552038433583009299266749579943        0.106442010411755187461688514045489606      
   4.09296770599241940299033513830809466        0.106150388249081973634379105775851709      
   4.07812949566164274088458793112373590        0.105861401605941723812049121295101434      
   4.06325103583915138068988979756633913        0.105575023334421734792497547836542283      
   4.04833247336933709316728067053743846        0.105291226692791099013390261137348342      
   4.03337395549238858806140350617554530        0.105009985338214473480045806989783659      
   4.01837562984283831288120804616549462        0.104731273319624305380790541582020162      
   4.00333764444810535966716585378569607        0.104455065070747530416705296478020876      
   3.98826014772703449412591857894526250        0.104181335403282874175287854965628553      
   3.97314328848843132155155207543337200        0.103910059500224997507068039457297534      
   3.95798721592959360399081734996374141        0.103641212909331833951265115447849153      
   3.94279207963483874314760499103621220        0.103374771536731570926801294995094901      
   3.92755802957402744355982233125186764        0.103110711640665826779128152911595868      
   3.91228521610108357061952176601673914        0.102849009825365672967455862115169335      
   3.89697378995251021804468401247630914        0.102589643035057244802689665783617485      
   3.88162390224590199944847127438249083        0.102332588548093775310973497443420496      
   3.86623570447845357868903191217326084        0.102077823971210975104404360477112022      
   3.85080934852546445372005993503604959        0.101825327233902766688459221217732415      
   3.83534498663884000869928906675296744        0.101575076582914464520437644023240400      
   3.81984277144558884914893192474649413        0.101327050576850572446616052678595845      
   3.80430285594631643499875962845332575        0.101081228080894447976209475810950591      
   3.78872539351371502637905555688782091        0.100837588261637158282691022377346571      
   3.77311053789104995706706864539554181        0.100596110582012925939382542589234641      
   3.75745844319064225052683618897063842        0.100356774796338633275293991397379641      
   3.74176926389234759351834324639905040        0.100119560945454922954808157676667380      
   3.72604315484203168228793505962846636         9.98844493519664990140171881348440997E-0002
   3.71028027125004195638770006135055300         9.96514206155792971976484504535698468E-0002
   3.69448076868967573520719368746805750         9.94204556085322561013045911120345428E-0002
   3.67864480309564477233637698803188481         9.91915354711214813994292980618233565E-0002
   3.66277253076253624291399858996312296         9.89646416073146543928473993594789284E-0002
   3.64686410834327017915085355848709809         9.87397556804535933014699795625491649E-0002
   3.63091969284755336925240778424171315         9.85168596090429312161512426432933611E-0002
   3.61493944164032973500018134350118509         9.82959355626229284649649091972970608E-0002
   3.59892351244022720328603849538220898         9.80769659577244893975305832444672692E-0002
   3.58287206331800108692813524926265275         9.78599334539045042987069445310059521E-0002
   3.56678525269497399013172741642262100         9.76448209498596863603432556443214099E-0002
   3.55066323934147225399234241208714222         9.74316115796171214154036156348605843E-0002
   3.53450618237525895747296645907809157         9.72202887087997945194756992167633420E-0002
   3.51831424125996348932089492513956154         9.70108359309654024956067545204990413E-0002
   3.50208757580350770642373696715810945         9.68032370640168052831315814196255571E-0002
   3.48582634615652869413775612293601573         9.65974761466825113916869169970855798E-0002
   3.46953071281079814415526565238063430         9.63935374350656339984798555057562782E-0002
   3.45320083659763836551118095394781228         9.61914053992597942792060563304279634E-0002
   3.43683687868633494436206093944030692         9.59910647200304874685380994095445761E-0002
   3.42043900058254606820404551285083662         9.57925002855604649412493035155734664E-0002
   3.40400736412670853022901694041435468         9.55956971882577223249598581200906680E-0002
   3.38754213149244042955107859448190628         9.54006407216247193341268141750905992E-0002
   3.37104346518494058306805497986484688         9.52073163771874916850102928837869864E-0002
   3.35451152803938466475517178607148420         9.50157098414833491445686979946030400E-0002
   3.33794648321931808822037363205226156         9.48258069931058865131121437449371822E-0002
   3.32134849421504564838287986290713684         9.46375938998060661705756632384636702E-0002
   3.30471772484201793816856490325432930         9.44510568156481617579545090625553391E-0002
   3.28805433923921455614757895392288142         9.42661821782193826462954441500080283E-0002
   3.27135850186752412107129692317023476         9.40829566058920280922486998325960237E-0002
   3.25463037750812110929719809814947858         9.39013668951370484172440071247097812E-0002
   3.23787013126083953112163587582248972         9.37214000178879182016830673507757700E-0002
   3.22107792854254346207165557545575151         9.35430431189537533801276265955224556E-0002
   3.20425393508549444523805863932672715         9.33662835134806302814904315409193247E-0002
   3.18739831693571578076279308795501383         9.31911086844600901021144535277354079E-0002
   3.17051124045135371862447262626576841         9.30175062802838370510159400268308875E-0002
   3.15359287230103557089638999437395796         9.28454641123436624864116141305772530E-0002
   3.13664337946222475968179371950055428         9.26749701526756507911986920157533851E-0002
   3.11966292921957281696144105382487296         9.25060125316477455318887955373796544E-0002
   3.10265168916326835261852327834851145         9.23385795356897766295492686709156354E-0002
   3.08560982718738300693598241818476618         9.21726596050650708608924186545774072E-0002
   3.06853751148821440389100045476645248         9.20082413316827890204901412171006142E-0002
   3.05143491056262612160104304154532096         9.18453134569501535283157332362609059E-0002
   3.03430219320638469630527923968868799         9.16838648696637501770065806232267249E-0002
   3.01713952851249367629447659850737606         9.15238846039391070964433612218511104E-0002
   2.99994708586952474223158672291339473         9.13653618371777728849773225775906021E-0002
   2.98272503495994591033419000974472956         9.12082858880711342319306145546689319E-0002
   2.96547354575844683491875921054828064         9.10526462146402312493863045201953540E-0002
   2.94819278853026122683532960622516287         9.08984324123108461568493998597303635E-0002
   2.93088293382948640434962857626718985         9.07456342120231579337231248608992063E-0002
   2.91354415249739999305801893121133502         9.05942414783752720848970242015532074E-0002
   2.89617661566077379144874827208510388         9.04442442077999507668574326775377174E-0002
   2.87878049473018481875097056730039135         9.02956325267738842079742569869513005E-0002
   2.86135596139832356174081581958516490         9.01483966900588596389681686461005025E-0002
   2.84390318763829943720142885865088169         9.00025270789741988396194622138622975E-0002
   2.82642234570194348676137866653229176         8.98580141996998499167801271094898012E-0002
   2.80891360811810832086315495068511127         8.97148486816095330675785909670252769E-0002
   2.79137714769096532864061865539474218         8.95730212756333538609069306935598869E-0002
   2.77381313749829917051125747687669084         8.94325228526493110000698191259206756E-0002
   2.75622175088979957031591595531150097         8.92933444019031386197528085417125698E-0002
   2.73860316148535042386532209326618108         8.91554770294559359308282224284930840E-0002
   2.72095754317331624077921843146195525         8.90189119566590494662574884348739291E-0002
   2.70328507010882593653022483824887758         8.88836405186556853094807886865261307E-0002
   2.68558591671205399163071267868017399         8.87496541629087405119436497920936233E-0002
   2.66786025766649899492695526462953041         8.86169444477543544372636435477260073E-0002
   2.65010826791725958799063729249899857         8.84855030409806920141986127385267611E-0002
   2.63233012266930782762345609491256235         8.83553217184314818470010523897309624E-0002
   2.61452599738575998351602971422429383         8.82263923626338428276504136935559651E-0002
   2.59669606778614478812764079719158960         8.80987069614499433273317627861375089E-0002
   2.57884050984466915587849086193436374         8.79722576067520472216353887577112581E-0002
   2.56095949978848138877111635214383873         8.78470364931205109323293750426804186E-0002
   2.54305321409593188558242582290812715         8.77230359165643053550365424870113627E-0002
   2.52512182949483137179245635264191192         8.76002482732636459933551261376455557E-0002
   2.50716552296070666744041660326971196         8.74786660583343238423281826286378634E-0002
   2.48918447171505401012288361451400939         8.73582818646133385639281319381418193E-0002
   2.47117885322358995037315017805313271         8.72390883814654442804332841764990973E-0002
   2.45314884519449983668467925528819676         8.71210783936102268841071239501541541E-0002
   2.43509462557668390746541114202181114         8.70042447799693401291499049136046954E-0002
   2.41701637255800100723328770971359403         8.68885805125335359400096565772153438E-0002
   2.39891426456350994438680583303232861         8.67740786552491323441878496621800353E-0002
   2.38078848025370850790768881575186551         8.66607323629235702228686445376255683E-0002
   2.36263919852277016037587002190590903         8.65485348801497176741029328542764070E-0002
   2.34446659849677842469991677848464559         8.64374795402485882058053301375792158E-0002
   2.32627085953195898198878471347598858         8.63275597642301462242476038985360098E-0002
   2.30805216121290949801338280407318037         8.62187690597718803626916278376155514E-0002
   2.28981068335082719572884731143337749         8.61111010202148321088012873176973335E-0002
   2.27154660598173419135066824922304514         8.60045493235767739428790407201563987E-0002
   2.25326010936470061149988485377164376         8.58991077315822377960371230977527726E-0002
   2.23495137398006550895446647612537319         8.57947700887091010822624978839277316E-0002
   2.21662058052765559456572218450401312         8.56915303212514438549780355997769569E-0002
   2.19826790992500180292013593518065414         8.55893824363983967910356982477673125E-0002
   2.17989354330555370934840422790142230         8.54883205213287057168862154504242015E-0002
   2.16149766201689181590465949762754521         8.53883387423207442666325756671902447E-0002
   2.14308044761893772395989489831734616         8.52894313438777120033669047427448364E-0002
   2.12464208188216221107446439908965605         8.51915926478677609470870134814324504E-0002
   2.10618274678579122983521603256002883         8.50948170526787989379679830326025069E-0002
   2.08770262451600984636332550527512011         8.49990990323877236261094053604462765E-0002
   2.06920189746416413621923199856942939         8.49044331359438461212828556365427350E-0002
   2.05068074822496105545123765413783558         8.48108139863662684617709634151791128E-0002
   2.03213935959466630455431675318920720         8.47182362799549840731374706677616742E-0002
   2.01357791456930020312548976398177277         8.46266947855154752886322220567543799E-0002
   1.99499659634283159302175105433140005         8.45361843435965867957708723710793784E-0002
   1.97639558830536978784599694955353234         8.44466998657414585612128596597213334E-0002
   1.95777507404135458660568277020683586         8.43582363337513063710937924893333346E-0002
   1.93913523732774436940804331764649238         8.42707887989618426090773162156055182E-0002
   1.92047626213220229307464080020067217         8.41843523815321342821330280912992515E-0002
   1.90179833261128060457675722192830128         8.40989222697456995969083197791567798E-0002
   1.88310163310860309021172460431489631         8.40144937193236485899633799087036108E-0002
   1.86438634815304567845868589557502813         8.39310620527496774254352723963651588E-0002
   1.84565266245691521447050186085930332         8.38486226586067299961812957953413753E-0002
   1.82690076091412642417656445976257486         8.37671709909251444013548856264361890E-0002
   1.80813082859837708598914502699942217         8.36867025685421057268610187836880876E-0002
   1.78934305076132142812359580160470514         8.36072129744722303273367741829164441E-0002
   1.77053761283074176956023582493577920         8.35286978552891105012649540281814300E-0002
   1.75171470040871842269308677525769265         8.34511529205176520665588939085092899E-0002
   1.73287449926979787572778075569843575         8.33745739420370408844066766217068098E-0002
   1.71401719535915927290794023354072459         8.32989567534941778462338331524262251E-0002
   1.69514297479077921066613007460227157         8.32242972497274252341867238176048595E-0002
   1.67625202384559486781210276104113665         8.31505913862005106913576061112049271E-0002
   1.65734452896966548788750026026267929         8.30778351784464382958237978625270517E-0002
   1.63842067677233223183243946442018448         8.30060247015212594241690156125861880E-0002
   1.61948065402437641912549248377866727         8.29351560894675592171627171924409007E-0002
   1.60052464765617617557447819420455126         8.28652255347875175243183318968745921E-0002
   1.58155284475586150595120715227576306         8.27962292879254062067175193935817620E-0002
   1.56256543256746780967886814577078470         8.27281636567593876203188413916630280E-0002
   1.54356259848908785779611108915723451         8.26610250061024819864703001401646373E-0002
   1.52454453007102224943706755149985557         8.25948097572125741839831380757465324E-0002
   1.50551141501392836608155676805913681         8.25295143873113332693294537730446114E-0002
   1.48646344116696784184455138864633919         8.24651354291119207496933015448230155E-0002
   1.46740079652595256808862330920791977         8.24016694703553662990941576175717565E-0002
   1.44832366923148925065755557358116533         8.23391131533554922219395378164480186E-0002
   1.42923224756712253804359137712328336         8.22774631745522705324441339011063316E-0002
   1.41012671995747673881489551198053172         8.22167162840734990336384532469160580E-0002
   1.39100727496639614664372702592852067         8.21568692853046852474122385515079176E-0002
   1.37187410129508399128956428556077551         8.20979190344670294683987291079420790E-0002
   1.35272738778024003390498490449801217         8.20398624402034005906779698911923943E-0002
   1.33356732339219682504548298439100095         8.19826964631722006884056385418257119E-0002
   1.31439409723305464377760468874036348         8.19264181156490166206757141712411586E-0002
   1.29520789853481513629280019669254954         8.18710244611359591782917337598602015E-0002
   1.27600891665751367244722543751978405         8.18165126139785924967176295265925621E-0002
   1.25679734108735043866038055977322586         8.17628797389903586263455019673687951E-0002
   1.23757336143482028561794371722739555         8.17101230510844042793702054588795540E-0002
   1.21833716743284134923644833362031106         8.16582398149127188629918210708670494E-0002
   1.19908894893488246335955941854437546         8.16072273445124949623466349515947888E-0002
   1.17982889591308938266762962816275280         8.15570830029596244544426254038699201E-0002
   1.16055719845640983429395847901855369         8.15078042020292454173726573865445856E-0002
   1.14127404676871741665273831517379481         8.14593884018632569481026662991075917E-0002
   1.12197963116693436399504818416736832         8.14118331106447209180678815004939845E-0002
   1.10267414207915319522045158352430368         8.13651358842790715795227109547996900E-0002
   1.08335777004275726548276598629413638         8.13192943260820557879252986903951988E-0002
   1.06403070570254023913940103266084955         8.12743060864743284274234589243711133E-0002
   1.04469313980882450260430817817289985         8.12301688626826294185541828626469173E-0002
   1.02534526321557853567504731251852155         8.11868803984474704503662553550585846E-0002
   1.00598726687853325991475530275601511         8.11444384837372613140998296729401152E-0002
  0.986619341853297382679897470047069266         8.11028409544688074230667896559742361E-0002
  0.967241679293471755394595579589426498         8.10620856922341117842141521922537506E-0002
  0.947854470448762764682054911770244318         8.10221706240334163417469560713804802E-0002
  0.928457906663094774973158292542218162         8.09830937220144192428493944995796986E-0002
  0.909052179372721641221656498452434946         8.09448530032176061806712053572788449E-0002
  0.889637480104337310364562124234609448         8.09074465293276355510242862459871153E-0002
  0.870214000473185530175347717828696525         8.08708724064307187173322578608642845E-0002
  0.850781932181168684166358660353668109         8.08351287847779382139501458799696283E-0002
  0.831341467014955771205476809981500499         8.08002138585544482316665663915205861E-0002
  0.811892796844089548520512253712550226         8.07661258656545032216484541985416441E-0002
  0.792436113619092856773057536422036507         8.07328630874622619259081238986259355E-0002
  0.772971609369574145891611380740789011         8.07004238486383155941723253136836319E-0002
  0.753499476202332220361667094676984465         8.06688065169118905794097142056217259E-0002
  0.734019906299460222678164508526185080         8.06380095028786769178126792663694157E-0002
  0.714533091916448873673223312522644627         8.06080312598042358943070828258933662E-0002
  0.695039225380288988439410007645839639         8.05788702834329409722443320641799047E-0002
  0.675538499087573286575940261625509669         8.05505251118024078263695971699647830E-0002
  0.656031105502597515492183209922683969         8.05229943250633705620037137868792862E-0002
  0.636517237155460905509614088563982324         8.04962765453049625311609388723514652E-0002
  0.616997086640165975509956465257584336         8.04703704363853614685779882841630531E-0002
  0.597470846612717707883665182132778526         8.04452747037677599678708257441035737E-0002
  0.577938709789222111539125874458465080         8.04209880943616236007753940712885213E-0002
  0.558400868943984191738986523373471884         8.03975093963692002511698200192142556E-0002
  0.538857516907605345535890877394805272         8.03748374391372454908138569530629251E-0002
  0.519308846565080201585552679478605018         8.03529710930139300659643488295590685E-0002
  0.499755050853892923120593407740880524         8.03319092692108967937140999915385177E-0002
  0.480196322762112992873864624478460715         8.03116509196704353845296909773233163E-0002
  0.460632855326490498745088977572042276         8.02921950369377449134989115296165796E-0002
  0.441064841630550939009581360240071462         8.02735406540382548577017223755141365E-0002
  0.421492474802689565872553660812280642         8.02556868443599768013451155740792001E-0002
  0.401915948014265286177062876904280442         8.02386327215408600843012584256312532E-0002
  0.382335454477694138078033083130271831         8.02223774393611258339036999970832471E-0002
  0.362751187444542362498966785152593493         8.02069201916405549747267448230815493E-0002
  0.343163340203619088191960524129728125         8.01922602121407069570318825827591267E-0002
  0.323572106079068649225453175016787130         8.01783967744720470820411477996876874E-0002
  0.303977678428462553727763172055867018         8.01653291920059614316146638501729066E-0002
  0.284380250640891122717912859363249818         8.01530568177916395316882798382407482E-0002
  0.264780016135054817858494269805306045         8.01415790444778059933829314764462646E-0002
  0.245177168357355276968400849218847368         8.01308953042392834834420846425781127E-0002
  0.225571900779986076136133935172657844         8.01210050687083704769956560753871507E-0002
  0.205964406899023237277091141418299830         8.01119078489110183409930413309992761E-0002
  0.186354880232515499980756164308457531         8.01036031952077933863960146522458148E-0002
  0.166743514318574376496035890974030875         8.00960906972396106117730219811929569E-0002
  0.147130502713464008705131027986653352         8.00893699838782269406857288962639044E-0002
  0.127516038989690845938280762466988070         8.00834407231814828306000230118753063E-0002
  0.107900316734093162483490195843017101         8.00783026223532822023780805691943979E-0002
   8.82835295459304336469314362647768630E-0002   8.00739554277083017071045357751481159E-0002
   6.86658710349725892211052834276200240E-0002   8.00703989246414214114552635135481256E-0002
   4.90475348195891632190603754665235801E-0002   8.00676329376018700444171103718573945E-0002
   2.94287145248383587339904797177331434E-0002   8.00656573300720790072948836938017138E-0002
   9.80960378055604678436828739648110910E-0003   8.00644720045512404059805246177090386E-0002
  -9.80960378055528199457439165689240566E-0003   8.00640769025435654197900353802166213E-0002
  -2.94287145248375939517447504857648714E-0002   8.00644720045512403751768875970457352E-0002
  -4.90475348195883984519109047524400650E-0002   8.00656573300720789456860895206607489E-0002
  -6.86658710349718244766000142477086257E-0002   8.00676329376018699520001185995640850E-0002
  -8.82835295459296689326180881461976539E-0002   8.00703989246414212882255130144344105E-0002
 -0.107900316734092397806916190330858226         8.00739554277083015530559441912506377E-0002
 -0.127516038989690081306993148634262080         8.00783026223532820175030435796601947E-0002
 -0.147130502713463244126676407947969878         8.00834407231814826148894134169112049E-0002
 -0.166743514318573611977960345403680309         8.00893699838782266941288955174240705E-0002
 -0.186354880232514735530605177963641248         8.00960906972396103343577883777580099E-0002
 -0.205964406899022472902409528668241935         8.01036031952077930781086776534053776E-0002
 -0.225571900779985311844465765534333260         8.01119078489110180018183693835087929E-0002
 -0.245177168357354512767289372900061416         8.01210050687083701069168874063278715E-0002
 -0.264780016135054053755481843255860302         8.01308953042392830824409252368074804E-0002
 -0.284380250640890358720540870834928594         8.01415790444778055614395528682843910E-0002
 -0.303977678428461789843571967171980197         8.01530568177916390687813167168964005E-0002
 -0.323572106079067885461981982352003066         8.01653291920059609377212114783703358E-0002
 -0.343163340203618324556747380800931064         8.01783967744720465571367592449131473E-0002
 -0.362751187444541598999548462421500723         8.01922602121407064010905657605036610E-0002
 -0.382335454477693374721945012018543911         8.02069201916405543877209593514133142E-0002
 -0.401915948014264522971839073821859096         8.02223774393611252158043538618401444E-0002
 -0.421492474802688802825726653199688732         8.02386327215408594350777044554807408E-0002
 -0.441064841630550176128682112225407813         8.02556868443599761209651477246491468E-0002
 -0.460632855326489736037646815643406128         8.02735406540382541461315718217543549E-0002
 -0.480196322762112230347407163172539208         8.02921950369377441707032425655064451E-0002
 -0.499755050853892160782646475348432277         8.03116509196704346104715967219966315E-0002
 -0.519308846565079439443640243767572745         8.03319092692108959883550979008518979E-0002
 -0.538857516907604583597534971351791808         8.03529710930139292292643760120845355E-0002
 -0.558400868943983430011707170964311615         8.03748374391372446227312652894404907E-0002
 -0.577938709789221350030441016408622917         8.03975093963691993516613710837537497E-0002
 -0.597470846612716946601090601728310250         8.04209880943616226697962538546636981E-0002
 -0.616997086640165214461005714167389548         8.04452747037677590053745591759349949E-0002
 -0.636517237155460144701798412684083380         8.04703704363853604745165535542387249E-0002
 -0.656031105502596754933011475243259786         8.04962765453049615054846815491865124E-0002
 -0.675538499087572526272918880121424621         8.05229943250633695046613607322678868E-0002
 -0.695039225380288228400042863191380814         8.05505251118024067373082502481290130E-0002
 -0.714533091916448113905011686831222027         8.05788702834329398514094616440706266E-0002
 -0.734019906299459463188607007115708605         8.06080312598042347416425210751488663E-0002
 -0.753499476202331461158259572861654452         8.06380095028786757332606132353870867E-0002
 -0.772971609369573386981846869650030922         8.06688065169118893629106787001472105E-0002
 -0.792436113619092098164426169047307872         8.07004238486383143456651955542704919E-0002
 -0.811892796844088790220501190982753033         8.07328630874622606453301079652667191E-0002
 -0.831341467014955013221570166867724445         8.07661258656545019089350852587186213E-0002
 -0.850781932181167926506037432003998571         8.08002138585544468867516947098709429E-0002
 -0.870214000473184772846089705733810844         8.08351287847779368367659306077060784E-0002
 -0.889637480104336553373841862424896822         8.08708724064307173078091586030371108E-0002
 -0.909052179372720884576945179727362369         8.09074465293276341090910544046180997E-0002
 -0.928457906663094018681923694732673676         8.09448530032176047062548752483418154E-0002
 -0.947854470448762008751761324034585282         8.09830937220144177358752742417448123E-0002
 -0.967241679293470999832703728743957818         8.10221706240334148021386182443820760E-0002
 -0.986619341853296627493864446931683505         8.10620856922341102118934242626827101E-0002
  -1.00598726687853250511203448863571470         8.11028409544688058179537441682366619E-0002
  -1.02534526321557778126308830552155604         8.11444384837372596761127742030634606E-0002
  -1.04469313980882374859055671976623908         8.11868803984474687794217222249655059E-0002
  -1.06403070570253948553129893416372219         8.12301688626826277145669186124549395E-0002
  -1.08335777004275651228775105543035537         8.12743060864743266903064135402129908E-0002
  -1.10267414207915244244595755101410788         8.13192943260820540175896145851910820E-0002
  -1.12197963116693361164850463035950045         8.13651358842790697758777116993469796E-0002
  -1.14127404676871666474157059671854459         8.14118331106447190810210603021749957E-0002
  -1.16055719845640908282558765558248286         8.14593884018632550775596742254476486E-0002
  -1.17982889591308863164947238918583451         8.15078042020292435132372913307853951E-0002
  -1.19908894893488171279902801004026236         8.15570830029596225166168157896535876E-0002
  -1.21833716743284059914095048502046051         8.16072273445124929907304331737833577E-0002
  -1.23757336143481953599488256826976984         8.16582398149127168574833866694510571E-0002
  -1.25679734108734968951715458743629211         8.17101230510844022398657930228559945E-0002
  -1.27600891665751292379122838300253412         8.17628797389903565527394477653951044E-0002
  -1.29520789853481438813142099244125829         8.18165126139785903889023378611477696E-0002
  -1.31439409723305389611822738552280884         8.18710244611359570361576630415676049E-0002
  -1.33356732339219607789548667841886400         8.19264181156490144441113627099294127E-0002
  -1.35272738778023928727174366459817684         8.19826964631721984772975300508251948E-0002
  -1.37187410129508324518044708039624595         8.20398624402033983449106387012835518E-0002
  -1.39100727496639540106609765126967589         8.20979190344670271878547050872897148E-0002
  -1.41012671995747599377611251802743338         8.21568692853046829319720317278322329E-0002
  -1.42923224756712179355100799587975679         8.22167162840734966831805381280655061E-0002
  -1.44832366923148850671851964628136848         8.22774631745522681468449334901107557E-0002
  -1.46740079652595182471047721379611501         8.23391131533554898010734073170423362E-0002
  -1.48646344116696709903463196731059180         8.24016694703553638428333678260899557E-0002
  -1.50551141501392762384719525481963789         8.24651354291119182579080219242707519E-0002
  -1.52454453007102150778558949985260694         8.25295143873113307418877352050652925E-0002
  -1.54356259848908711673483629977379151         8.25948097572125716207508952861000754E-0002
  -1.56256543256746706921511059425477861         8.26610250061024793873112937932414733E-0002
  -1.58155284475586076609227491697691494         8.27281636567593849850946598494564999E-0002
  -1.60052464765617543632767338409088932         8.27962292879254035352875601344414355E-0002
  -1.61948065402437568049811116636765855         8.28652255347875148165397825892600558E-0002
  -1.63842067677233149383177159376949451         8.29351560894675564728905364187904408E-0002
  -1.65734452896966475052082960502126817         8.30060247015212566432559132383082066E-0002
  -1.67625202384559413108670683256140418         8.30778351784464354781202150450124531E-0002
  -1.69514297479077847458928005511395731         8.31505913862005078367116949436477371E-0002
  -1.71401719535915853748690090438727472         8.32242972497274223424443266023046777E-0002
  -1.73287449926979714096981042563654425         8.32989567534941749172384612981299658E-0002
  -1.75171470040871768860543720882072426         8.33745739420370379179994891594294982E-0002
  -1.77053761283074103615015217086178111         8.34511529205176490625786756201525413E-0002
  -1.78934305076132069539831652132971464         8.35286978552891074595480931821451840E-0002
  -1.80813082859837635395590182321677290         8.36072129744722272477172398707741596E-0002
  -1.82690076091412569284258220504891215         8.36867025685421026091703378518667850E-0002
  -1.84565266245691448384299852636800832         8.37671709909251412454221191967121462E-0002
  -1.86438634815304494854487247979775631         8.38486226586067268018330153678283849E-0002
  -1.88310163310860236101880506191193379         8.39310620527496741924955355285355850E-0002
  -1.90179833261127987611192839262844076         8.40144937193236453182537054638432398E-0002
  -1.92047626213220156534509233777131016         8.40989222697456962862476627375117937E-0002
  -1.93913523732774364242095761893464882         8.41843523815321309323377539170282964E-0002
  -1.95777507404135386036823490425179670         8.42707887989618392199611747725012045E-0002
  -1.97639558830536906236535458677181626         8.43582363337513029424678914981257427E-0002
  -1.99499659634283086830507439577474353         8.44466998657414550928856376896206517E-0002
  -2.01357791456929947917993147066883718         8.45361843435965832875480713580568398E-0002
  -2.03213935959466558138702187551170160         8.46266947855154717403168593408982925E-0002
  -2.05068074822496033306934356134175556         8.47182362799549804845298105418797498E-0002
  -2.06920189746416341462986830831210169         8.48108139863662648326684881766496694E-0002
  -2.08770262451600912557361401325875668         8.49044331359438424514802361342436659E-0002
  -2.10618274678579050985227064224247647         8.49990990323877199153984710284146134E-0002
  -2.12464208188216149190539105147304449         8.50948170526787951861376914018961497E-0002
  -2.14308044761893700561179150181531484         8.51915926478677571539234191614812051E-0002
  -2.16149766201689109838461585801175600         8.52894313438777081686531278632889079E-0002
  -2.17989354330555299266350197832803796         8.53883387423207403901487697717110770E-0002
  -2.19826790992500108707744846629747822         8.54883205213287017984095348317748841E-0002
  -2.21662058052765487957231457463897882         8.55893824363983928303402647165082372E-0002
  -2.23495137398006479481739542155707372         8.56915303212514398518349046755148396E-0002
  -2.25326010936469989822619859908258840         8.57947700887090970364396243997456477E-0002
  -2.27154660598173347894740651773633264         8.58991077315822337072993262076020419E-0002
  -2.28981068335082648420304123573346487         8.60045493235767698109879682988596623E-0002
  -2.30805216121290878737205485661144612         8.61111010202148279335153797429866871E-0002
  -2.32627085953195827223894863726176332         8.62187690597718761437660811433967648E-0002
  -2.34446659849677771584857751786240148         8.63275597642301419614343322883337947E-0002
  -2.36263919852276945243002365341928583         8.64374795402485838988529278468753041E-0002
  -2.38078848025370780087432247909521909         8.65485348801497133227566353502040235E-0002
  -2.39891426456350923827289766209048432         8.66607323629235658268702890442298627E-0002
  -2.41701637255800030204580676369048245         8.67740786552491279032758349991935929E-0002
  -2.43509462557668320321131733665866580         8.68885805125335314539189023000318155E-0002
  -2.45314884519449913337092329417199630         8.70042447799693355976118097418606813E-0002
  -2.47117885322358924800667348401596467         8.71210783936102223068495234720501468E-0002
  -2.48918447171505330871061826112402502         8.72390883814654396571804078157049471E-0002
  -2.50716552296070596698928524641436313         8.73582818646133338944005591698384605E-0002
  -2.52512182949483067230937216220412804         8.74786660583343191262427984309481330E-0002
  -2.54305321409593118707429241453612311         8.76002482732636412304250756643990530E-0002
  -2.56095949978848069124482771911521362         8.77230359165643005449711849474741555E-0002
  -2.57884050984466845934093130711517030         8.78470364931205060748342367735580718E-0002
  -2.59669606778614409258568486509104499         8.79722576067520423164121154724032935E-0002
  -2.61452599738575928897654212314580220         8.80987069614499383740780709858833901E-0002
  -2.63233012266930713409329166920171043         8.82263923626338378260600412247661313E-0002
  -2.65010826791725889547664089488921430         8.83553217184314767967637081314411973E-0002
  -2.66786025766649830343596172868604954         8.84855030409806869149999254035502906E-0002
  -2.68558591671205330116954674134298639         8.86169444477543492887851095807047264E-0002
  -2.70328507010882524710570107247533734         8.87496541629087353138625803472678935E-0002
  -2.72095754317331555239814117896968973         8.88836405186556800614702556676500368E-0002
  -2.73860316148534973653448539737698996         8.90189119566590441679862695793022291E-0002
  -2.75622175088979888404210349389688585         8.91554770294559305819607454170532284E-0002
  -2.77381313749829848530124249540570102         8.92933444019031332199490941155540732E-0002
  -2.79137714769096464450116390008476953         8.94325228526493055489854231911002590E-0002
  -2.80891360811810763780101260175631852         8.95730212756333483581928853936778108E-0002
  -2.82642234570194280478329027156632268         8.97148486816095275128813447037723681E-0002
  -2.84390318763829875631412526605450011         8.98580141996998443097414834904985170E-0002
  -2.86135596139832288195101711215950791         9.00025270789741931798765179067759165E-0002
  -2.87878049473018414006538599591645367         9.01483966900588539261532501172835139E-0002
  -2.89617661566077311387407618946615186         9.02956325267738784417148561027605301E-0002
  -2.91354415249739931660094672582286101         9.04442442077999449467761411455564965E-0002
  -2.93088293382948572901683260631509235         9.05942414783752662106114668286609821E-0002
  -2.94819278853026055263347513376278868         9.07456342120231520048458916045046935E-0002
  -2.96547354575844616185450033569297116         9.08984324123108401729879766479380693E-0002
  -2.98272503495994523841416960500454763         9.10526462146402252101430028161024725E-0002
  -2.99994708586952407146243636762464671         9.12082858880711281369024996394014674E-0002
  -3.01713952851249300668281651338361024         9.13653618371777667337561405260841948E-0002
  -3.03430219320638402785771822148177904         9.15238846039391008886154645447622866E-0002
  -3.05143491056262545432417839781932179         9.16838648696637439121528525477246472E-0002
  -3.06853751148821373779141793878482717         9.18453134569501472060115105977966789E-0002
  -3.08560982718738234202025616391166642         9.20082413316827826403051359335805923E-0002
  -3.10265168916326768889321573556473101         9.21726596050650644223906377536792716E-0002
  -3.11966292921957215443310292335911058         9.23385795356897701322889328405784959E-0002
  -3.13664337946222409835696388857664882         9.25060125316477389754222561687740638E-0002
  -3.15359287230103491078159547207470465         9.26749701526756441750723467072912544E-0002
  -3.17051124045135305972622847911398038         9.28454641123436558101658206207564240E-0002
  -3.18739831693571512308760237561243818         9.30175062802838303141849285229216534E-0002
  -3.20425393508549378879241235041148121         9.31911086844600833042262373965091881E-0002
  -3.22107792854254280686203256347887676         9.33662835134806234220667163267886150E-0002
  -3.23787013126083887715450279524428810         9.35430431189537464586837173306086210E-0002
  -3.25463037750812045657900934055624488         9.37214000178879112177277741205444501E-0002
  -3.27135850186752346960849455357201093         9.39013668951370413702795488519126386E-0002
  -3.28805433923921390594659264717288541         9.40829566058920209817706062413322432E-0002
  -3.30471772484201728923581188059064965         9.42661821782193754717924558707669277E-0002
  -3.32134849421504500072476482861735659         9.44510568156481545189084758381232583E-0002
  -3.33794648321931744184328871026161025         9.46375938998060588664614401895727199E-0002
  -3.35451152803938401966549645765515220         9.48258069931058791433974856535000137E-0002
  -3.37104346518493993927215601948509078         9.50157098414833417087141515613137096E-0002
  -3.38754213149243978705531000775054383         9.52073163771874841824690869157759017E-0002
  -3.40400736412670788903971990118130418         9.54006407216247117643447476581969119E-0002
  -3.42043900058254542832754830061928235         9.55956971882577146873751861291590654E-0002
  -3.43683687868633430580467887690914228         9.57925002855604572352926209149937969E-0002
  -3.45320083659763772827921634468194785         9.59910647200304796936322222950285170E-0002
  -3.46953071281079750825500771860981540         9.61914053992597864347659011617596295E-0002
  -3.48582634615652805957548094348272585         9.63935374350656260839123158789575581E-0002
  -3.50208757580350707320570741549521588         9.65974761466825034063907380031059840E-0002
  -3.51831424125996285745336060757828024         9.68032370640167972264972315352945755E-0002
  -3.53450618237525832696216365308689249         9.70108359309653943670162949760683449E-0002
  -3.55066323934147162484449400474221298         9.72202887087997863183026507829142176E-0002
  -3.56678525269497336235304284299047828         9.74316115796171131410128227705570845E-0002
  -3.58287206331800046052481043191553039         9.76448209498596780120907479453509081E-0002
  -3.59892351244022657826425578204680011         9.78599334539044958759397954174647955E-0002
  -3.61493944164032911136610944684136968         9.80769659577244808995867658238182777E-0002
  -3.63091969284755274701220172077584992         9.82959355626229198911731492379454339E-0002
  -3.64686410834326955831065458784049823         9.85168596090429225658308685918990127E-0002
  -3.66277253076253562347993415425630262         9.87397556804535845739307695365107901E-0002
  -3.67864480309564415431456065140517309         9.89646416073146455873894250441914056E-0002
  -3.69448076868967511860372507574319816         9.91915354711214725153427654404190050E-0002
  -3.71028027125004134120866480182984987         9.94204556085322471378696779533720630E-0002
  -3.72604315484203106853940472103211081         9.96514206155792881541351404822282395E-0002
  -3.74176926389234698120637527894117585         9.98844493519664898896851018048109892E-0002
  -3.75745844319064163965747386457474356        0.100119560945454913748906379468281583      
  -3.77311053789104934764634099804982808        0.100356774796338623987060893554890633      
  -3.78872539351371441841297732314106733        0.100596110582012916568045605214079614      
  -3.80430285594631582849333118805186478        0.100837588261637148827466649789911402      
  -3.81984277144558824411013924141288583        0.101081228080894438436302809091175951      
  -3.83534498663883940513310362910695479        0.101327050576850562821220778293310090      
  -3.85080934852546385163243869765837279        0.101575076582914454808735798445542097      
  -3.86623570447845297808591723681292949        0.101825327233902756889620991441109101      
  -3.88162390224590140033579087130806209        0.102077823971210965217587880324260366      
  -3.89697378995250962042835088197178748        0.102332588548093765335324639566927622      
  -3.91228521610108297450543414002265077        0.102589643035057234737341829252768244      
  -3.92755802957402684895386361515208620        0.102849009825365662811529755480157180      
  -3.94279207963483815005564370559112935        0.103110711640665816531731572633333974      
  -3.95798721592959301241870707339033268        0.103374771536731560587028899125643165      
  -3.97314328848843073150513138563274579        0.103641212909331823518198192443190943      
  -3.98826014772703390561101099587824950        0.103910059500224986979774272000811685      
  -4.00333764444810477268957978199706151        0.104181335403282863552821078677105209      
  -4.01837562984283772744673671745732814        0.104455065070747519698105253379458166      
  -4.03337395549238800417582492243040368        0.104731273319624294565082628187711732      
  -4.04833247336933651083635754669180002        0.105009985338214462566240816884355591      
  -4.06325103583915079991936950473493108        0.105291226692791088000484121901428831      
  -4.07812949566164216168020243987530619        0.105575023334421723679471052175639790      
  -4.09296770599241882535780096209316809        0.105861401605941712597867652223024766      
  -4.10776552038433525403801080622700983        0.106150388249081962317992355699622134      
  -4.12252279278893751885692371377160817        0.106442010411755176042030197594165599      
  -4.13723937755790473827900917243871988        0.106736295655504642456941805906312515      
  -4.15191512944448656822360927089859835        0.107033271963119808500004948892056761      
  -4.16654990360493672885234945843966131        0.107332967746422985354035397585245494      
  -4.18114355559994255386913455597880198        0.107635411854231668394245133807617469      
  -4.19569594139605054822365555986188932        0.107940633580501086633262957134158363      
  -4.21020691736708794014872822576973189        0.108248662672651736613554044247506005      
  -4.22467634029558021350131872797223523        0.108559529340086799850756578251988014      
  -4.23910406737416460641678446896506793        0.108873264262904492017984158389420253      
  -4.25348995620699956232566897462429182        0.109189898600810546268186882314690486      
  -4.26783386481117011942233835750833814        0.109509464002236192615420684972383557      
  -4.28213565161808922471483267154702172        0.109831992613667160340843206607680725      
  -4.29639517547489495882552821945324511        0.110157517089189401168619783855391817      
  -4.31061229564584365775256611279224128        0.110486070600257407692958861364685875      
  -4.32478687181369891784249772541630225        0.110817686845691184461989465980588535      
  -4.33891876408111647026522872424740765        0.111152400061908118478891088073825915      
  -4.35300783297202491132310970615373989        0.111490245033396191917763232977218170      
  -4.36705393943300227496692271357172733        0.111831257103435182834273708752789313      
  -4.38105694483464843393254864089384288        0.112175472185072709853685870620548544      
  -4.39501671097295331595327037346816246        0.112522926772362194527953517065503253      
  -4.40893310007066092154397001500854954        0.112873657951870040568262320269875517      
  -4.42280597477862912989491534964580935        0.113227703414459562791922099657297253      
  -4.43663519817718527945440034279539800        0.113585101467359440698901748095959721      
  -4.45042063377747750982120660020076771        0.113945891046524722454035762821970973      
  -4.46416214552282185160968686535021573        0.114310111729298665051668963400125229      
  -4.47785959779004505099223742907255712        0.114677803747383965951797896183132913      
  -4.49151285539082311566602333730810188        0.115049008000132220888849303358681396      
  -4.50512178357301556903304809834529921        0.115423766068160732271845847046428863      
  -4.51868624802199539942501779243889378        0.115802120227306093041951608024550059      
  -4.53220611486197469124693765662393366        0.116184113462924282473646661351107954      
  -4.54568125065732592495599693637049356        0.116569789484547333662670428313275266      
  -4.55911152241389893283504464286690770        0.116959192740906967822265763997440171      
  -4.57249679758033349756283440828032376        0.117352368435335938516334099587709914      
  -4.58583694404936758062622046815834417        0.117749362541558190124501822451902838      
  -4.59913183015914116766261849577366615        0.118150221819879309715052912718169266      
  -4.61238132469449571786430414198275935        0.118554993833789140678336469618941323      
  -4.62558529688826920461950826911938766        0.118963726966988830553945852436787659      
  -4.63874361642258673460878058037072292        0.119376470440855005106621288913428657      
  -4.65185615343014673261873220753493226        0.119793274332354196535452190951516579      
  -4.66492277849550267937903239933642493        0.120214189592421106437176278011392697      
  -4.67794336265634038977242431763991834        0.120639268064814754519085008153942142      
  -4.69091777740475081881153966678155187        0.121068562505467052837147386997637758      
  -4.70384589468849838282043101741727385        0.121502126602338853324193413914604928      
  -4.71672758691228478330300380513994103        0.121940014995799044413867330885690946      
  -4.72956272693900832102491664877806995        0.122382283299542821541909079866523594      
  -4.74235118809101868788002840568232657        0.122828988122065827143483867027660565      
  -4.75509284415136722415710282213736672        0.123280187088711449435375726018800758      
  -4.76778756936505262886723630580219407        0.123735938864309186794226156796004086      
  -4.78043523844026211083735080207128041        0.124196303176422626986248961990333576      
  -4.79303572654960796832009155454901062        0.124661340839226258992601853321627327      
  -4.80558890933135958491558822733112390        0.125131113778031030886335442260105405      
  -4.81809466289067082964577701818575725        0.125605685054479291388986508545867825      
  -4.83055286380080284906734055053099277        0.126085118892430506667003803368272291      
  -4.84296338910434223935480105063908318        0.126569480704559928985434415158216331      
  -4.85532611631441458633090014590311963        0.127058837119693211453000947248843889      
  -4.86764092341589336146711511024757020        0.127553256010900814776253674140258463      
  -4.87990768886660416192299608264676770        0.128052806524376939275398849694452316      
  -4.89212629159852428273896124186474045        0.128557559109128640066642583942880665      
  -4.90429661101897760934325668141398143        0.129067585547501747037442638679204927      
  -4.91641852701182481857997433865944449        0.129582958986571215874826799092657114      
  -4.92849191993864887651132433512451283        0.130103753970424583891890040011316117      
  -4.94051667063993582129377702439547253        0.130630046473368296774262611333513825      
  -4.95249266043625081947422446143442939        0.131161913934087811784683214884622947      
  -4.96441977112940948409896044332133300        0.131699435290793571681344102875248842      
  -4.97629788500364444307504226604291532        0.132242691017386184006104420407807970      
  -4.98812688482676714627047543338816704        0.132791763160675434990879067820819478      
  -4.99990665385132489988665427962849080        0.133346735378689118758010393227267960      
  -5.01163707581575311668359636366671005        0.133907692980109073539268755862210608      
  -5.02331803494552277068572609382616533        0.134474722964873290245323164601275413      
  -5.03494941595428304504329288340077745        0.135047914065984497980029058994629982      
  -5.04653110404499916177195075037247358        0.135627356792567239278136106755892434      
  -5.05806298491108538214057919209451715        0.136213143474217128397117964802043007      
  -5.06954494473753316652508891790968049        0.136805368306687742550349105172060977      
  -5.08097687020203448259373013919901198        0.137404127398962432368414046196829942      
  -5.09235864847610025073730512572891830        0.138009518821760258170883376595762985      
  -5.10369016722617391570568016678549236        0.138621642657527267102842038822124699      
  -5.11497131461474013346009445177981883        0.139240601051966427360680802605735714      
  -5.12620197930142856229897423302517019        0.139866498267161734378428813971357783      
  -5.13738205044411274736327947740520080        0.140499440736354305019817045420808690      
  -5.14851141770000408767583657678368584        0.141139537120430684862280314155094993      
  -5.15958997122674087491764409130267739        0.141786898366186116214727134976869751      
  -5.17061760168347239319277846617179922        0.142441637766428156555590220731136387      
  -5.18159420023193806908227271111010227        0.143103871021988804933593840898476428      
  -5.19251965853754166133619268115960495        0.143773716305716194232929997187452074      
  -5.20339386877042047960209236600019770        0.144451294328519947152868402437144111      
  -5.21421672360650962163709099897564214        0.145136728407547480794029846423462739      
  -5.22498811622860121849998035257342456        0.145830144536571886830653932952308290      
  -5.23570794032739867726903980884340174        0.146531671458675519806548572771537427      
  -5.24637609010256591088060919492374709        0.147241440741317104054880549950145188      
  -5.25699246026377154473294446818243596        0.147959586853874029581312576366704435      
  -5.26755694603172808974945863417883933        0.148686247247755559014663588025478951      
  -5.27806944313922607164512929439520690        0.149421562439186922081788641057715815      
  -5.28852984783216310618963445917001964        0.150165676094768742321504437490298986      
  -5.29893805687056791031065923317354379        0.150918735119920934933300236113756288      
  -5.30929396752961923893079719379542492        0.151680889750325147524275624920349175      
  -5.31959747760065973748155124367022303        0.152452293646485000633990474755228339      
  -5.32984848539220470008811893297088348        0.153233103991528836695905539108833816      
  -5.34004688973094572346892621979347021        0.154023481592385419861284713113625801      
  -5.35019258996274924664425087170606524        0.154823590984469061166722539544716524      
  -5.36028548595364996659875171113764710        0.155633600540016991212189218855170444      
  -5.37032547809083912009329217357089681        0.156453682580228484290575021445110782      
  -5.38031246728364762187211568134874359        0.157284013491362273424427746739370416      
  -5.39024635496452404956219563722471930        0.158124773844956205952313056460642940      
  -5.40012704309000746561244390954927888        0.158976148522340896467898887229635730      
  -5.40995443414169506667141801320950221        0.159838326843627361820370554403625781      
  -5.41972843112720465085321828420996362        0.160711502701357296881201414535278394      
  -5.42944893758113189339241169724414300        0.161595874699013796905452408462352716      
  -5.43911585756600242124005807997460073        0.162491646294599981414847747648626452      
  -5.44872909567321867720424682930712804        0.163399025949503156400946873178881918      
  -5.45828855702400156428997732707938758        0.164318227282872899176969400706223075      
  -5.46779414727032686094473357774352140        0.165249469231752798530343948600977714      
  -5.47724577259585639796771264034940926        0.166192976217217569494427688220486361      
  -5.48664333971686398789236669207043098        0.167148978316779927214435231178834336      
  -5.49598675588315609770370953039575123        0.168117711443344990971846056209308673      
  -5.50527592887898725580371948478657929        0.169099417531004143404556796393537332      
  -5.51451076702397018419014155401223851        0.170094344727975240508079643182207846      
  -5.52369117917398064686605159961398718        0.171102747597011907808425557468817500      
  -5.53281707472205700554969409517916771        0.172124887323621423605234444456101739      
  -5.54188836359929447380634174065886040        0.173161031932448441897665070767031127      
  -5.55090495627573406077624968527288779        0.174211456512200610407514852911871787      
  -5.55986676376124619572518864519536102        0.175276443449512062612485072039440775      
  -5.56877369760640902469653933592149703        0.176356282672161881610543832130674764      
  -5.57762566990338137059651484584668682        0.177451271902087028182802844285483831      
  -5.58642259328677034809674733815672242        0.178561716918652981799004508090019976      
  -5.59516438093449362479123026280473129        0.179687931832670554158128096517866674      
  -5.60385094656863632009744656846685017        0.180830239371674099798123604617689505      
  -5.61248220445630253344443670442268007        0.181988971177004774522206556403262647      
  -5.62105806941046149334356697196616274        0.183164468113272695240606606701037280      
  -5.62957845679078831899084850106267694        0.184357080590803958556583046025490479      
  -5.63804328250449938610282926655436118        0.185567168901712613898585536376814608      
  -5.64645246300718228874133559449083030        0.186795103570274004524676905812914357      
  -5.65480591530362038893567501753038477        0.188041265718314541947262835181929543      
  -5.66310355694861194596432859241872385        0.189306047446374134209657165679230767      
  -5.67134530604778381721165736511124120        0.190589852231441327343341811332107932      
  -5.67953108125839972256872403217145706        0.191893095342107938159380112551484944      
  -5.68766080179016306440098647187518793        0.193216204272039767038673750944523222      
  -5.69573438740601429515935417541806889        0.194559619192713110597444372196535411      
  -5.70375175842292282476491116742684025        0.195923793426423493829942721580420024      
  -5.71171283571267345995149923450398763        0.197309193940633577879262205709944489      
  -5.71961754070264736780432264891617549        0.198716301864791863627692282545325317      
  -5.72746579537659755578677954913325885        0.200145613030822917905994743885315905      
  -5.73525752227541886060184518634428814        0.201597638538563740032279486087430793      
  -5.74299264449791243828852783217684738        0.203072905347499932482027795231495690      
  -5.75067108570154474800818873273766681        0.204571956896239943509668679524557899      
  -5.75829277010320102202986255214699563        0.206095353751256249121085892582282771      
  -5.76585762247993321447813373859288494        0.207643674286519412773627967137262435      
  -5.77336556816970242146161663049081510        0.209217515395755021267472239384208073      
  -5.78081653307211576525465236178127209        0.210817493239165108127470090529063463      
  -5.78821044364915773525947318519591903        0.212444244026575455402430703733430488      
  -5.79554722692591597853079417122134955        0.214098424839098780638413833808648283      
  -5.80282681049130153269957281852889581        0.215780714491541998078612157418404186      
  -5.81004912249876349418752838815747512        0.217491814437934289110347343080461932      
  -5.81721409166699811465893420737395994        0.219232449722712497516385734582448910      
  -5.82432164728065231871118723783975198        0.221003369980272332275299472093203556      
  -5.83137171919102163586071932374360602        0.222805350485779056088049243356248665      
  -5.83836423781674253993594318549818531        0.224639193260330901851291461189979636      
  -5.84529913414447918904412285934375836        0.226505728233783641396543034360196827      
  -5.85217633972960455933432235798842656        0.228405814468776900973125747145522598      
  -5.85899578669687596583391729680612258        0.230340341449753479539918701286229406      
  -5.86575740774110496369155154801708744        0.232310230441033729966760289740626373      
  -5.87246113612782162321488410494142166        0.234316435918299824365882856827756247      
  -5.87910690569393317214699971244596351        0.236359947078161439075557817333724272      
  -5.88569465084837699868094990005568550        0.238441789430817259841836259938065143      
  -5.89222430657276800876754829219153901        0.240563026481198144853033470956118595      
  -5.89869580842204033132726491631300365        0.242724761504380462763751847815874470      
  -5.90510909252508336503284813444301931        0.244928139421494992094484124868862385      
  -5.91146409558537216038514923607105063        0.247174348782831083577486531761512543      
  -5.91776075488159213086053309958509821        0.249464623865351148710374456672321692      
  -5.92399900826825808696422810338255589        0.251800246892390931073455931117676679      
  -5.93017879417632758707999909425384546        0.254182550383930856728301859310297124      
  -5.93630005161380859906261814652201633        0.256612919646487941933253969004776130      
  -5.94236272016636146657575851716126407        0.259092795412401694702167246894872078      
  -5.94836673999789517423414706552309915        0.261623676639077219413090087208332798      
  -5.95431205185115790566507890660198321        0.264207123479611036497868280142309159      
  -5.96019859704832188866072464862539562        0.266844760437167439546241987008202089      
  -5.96602631749156252164904467323567767        0.269538279716503864051214360725507279      
  -5.97179515566363177576756599315445696        0.272289444787172034621112703558938424      
  -5.97750505462842586688077471093417328        0.275100094174157978096930039495741246      
  -5.98315595803154719193843044559790961        0.277972145493079954556770458331000736      
  -5.98874781010086052412871773348966213        0.280907599748551971437536456576341728      
  -5.99428055564704346133681278679794636        0.283908545915956384738172164515522254      
  -5.99975414006413112247616154873161410        0.286977165828668513876134132812688352      
  -6.00516850933005508631653615843850230        0.290115739394757583459774619719549520      
  -6.01052361000717656748976117115658684        0.293326650169372333750773571684034654      
  -6.01581938924281382441087760894127160        0.296612391311429604085916934612429152      
  -6.02105579476976379390944158327119153        0.299975571955886361399848725648065240      
  -6.02623277490681794742263427103520202        0.303418924035819690460769260918159410      
  -6.03135027855927236365889087747535342        0.306945309591798740237274520736230054      
  -6.03640825521943201269783732073288802        0.310557728609645535973006145497098802      
  -6.04140665496710924654945415934943790        0.314259327431691021172639794296912814      
  -6.04634542847011649125256719255563593        0.318053407791087643287909009657331543      
  -6.05122452698475313564999262909182627        0.321943436523695928305634752478818620      
  -6.05604390235628661203494117882859089        0.325933056017583243418845588405025257      
  -6.06080350701942766392060930729274197        0.330026095466330711015474942293978843      
  -6.06550329399879979624225664059388619        0.334226582999221739927889656175416860      
  -6.07014321690940290335848555096130999        0.338538758769077583705295355105742096      
  -6.07472322995707107027590172445787900        0.342967089087120312747885583297845549      
  -6.07924328793892454257884244530243577        0.347516281703906331700515082460688382      
  -6.08370334624381586060341185802485555        0.352191302346227615336753983245679674      
  -6.08810336085277015345265902137813829        0.356997392632088633226167595105319849      
  -6.09244328833941958850737457808504673        0.361940089499625578054331781711645058      
  -6.09672308587043197214466476321920240        0.367025246301362125629965647576311544      
  -6.10094271120593349743418669200526552        0.372259055732748908625805520573569691      
  -6.10510212269992563463969583534528991        0.377648074783810025201721119977160598      
  -6.10920127930069616041136473830189247        0.383199251925265971893319181722410348      
  -6.11324014055122432161218079255044396        0.388919956766122922233996610950122313      
  -6.11721866658958012977961966750821690        0.394818012448886262951555575231913421      
  -6.12113681814931778228171926511925953        0.400901731081826038599648444797988677      
  -6.12499455655986320628464621839122567        0.407179952545744514363136633526379089      
  -6.12879184374689572170685243163196499        0.413662087056238029363260486207148064      
  -6.13252864223272381939296238842883165        0.420358161912411499363330852799472955      
  -6.13620491513665505079861235888906883        0.427278872920465042336470951951898361      
  -6.13982062617536002553557964728519125        0.434435641046798569681052479577310712      
  -6.14337573966323051318469306143353485        0.441840674931783060778144907027047060      
  -6.14687022051273164584220428193012450        0.449507039983929514795125060468331004      
  -6.15030403423474821792352318847866873        0.457448734877005287097214027554400436      
  -6.15367714693892507980647788732960955        0.465680776392291111470086548055113241      
  -6.15698952533400162195455160332694547        0.474219293687756302171423404891212888      
  -6.16024113672814034621887317691810512        0.483081633239216798782136740060397379      
  -6.16343194902924952107609506508159387        0.492286475890089126560944883189013098      
  -6.16656193074529991761768190950574851        0.501853967671704415279813027778521946      
  -6.16963105098463562316455332923230483        0.511805866322060882440692002211314993      
  -6.17263927945627892943947604177293889        0.522165705745648844927428098427310258      
  -6.17558658647022929228808213952322499        0.532958981030754667203713028693328832      
  -6.17847294293775635999790176994568763        0.544213357085995825810106763208074999      
  -6.18129832037168706732333901098759045        0.555958904490317909919886235823217444      
  -6.18406269088668679238308881976832989        0.568228366789658745721322608702197996      
  -6.18676602719953457365508998466256323        0.581057464243158502948685071412100969      
  -6.18940830262939238435273345018920595        0.594485239952562801624616260931316519      
  -6.19198949109806846152469663199363738        0.608554455438684316761016884527454956      
  -6.19450956713027468727945181681680505        0.623312044107103597892792163811534645      
  -6.19696850585387801959419987055723987        0.638809632733725963749436127316818715      
  -6.19936628300014597022670867697428915        0.655104143178886585822289503131997918      
  -6.20170287490398612730728842062937536        0.672258489108946845960996875028963622      
  -6.20397825850417972024691243045156897        0.690342385699772206734681935446841430      
  -6.20619241134360922465629223474277852        0.709433294290790775295634753619504255      
  -6.20834531156948000502953816417489466        0.729617528979748697143090978639933259      
  -6.21043693793353599300488169582005754        0.750991558498894077754194555978603056      
  -6.21246726979226939907380217772085755        0.773663544795922753864759024029738897      
  -6.21443628710712445566878802896173831        0.797755170098852566695862119915112178      
  -6.21634397044469518961887039345066306        0.823403817606358377181338263834064369      
  -6.21819030097691722202099495526425068        0.850765188316175327337748933159482398      
  -6.21997526048125359363424461785713362        0.880016459266276473824653404917267391      
  -6.22169883134087461396289142690432126        0.911360118542018384404593034972926525      
  -6.22336099654483173225323989506621480        0.945028652507098240894088342286049498      
  -6.22496173968822542868822518439380628        0.981290314703194774922322003022923658      
  -6.22650104497236712412274783610729919         1.02045627928552450732043670534340669      
  -6.22797889720493510676176132559884864         1.06288958281728858566021048839499038      
  -6.22939528180012447424217908008185320         1.10901639870615083438521873596453356      
  -6.23075018477879108963873314453186402         1.15934038648702967368884335068134817      
  -6.23204359276858954997299683548478173         1.21446114089997519430917792162468374      
  -6.23327549300410516586387789877916677         1.27509817569141119038314834317218380      
  -6.23444587332697995101699630321561580         1.34212248124735029035541108404441593      
  -6.23555472218603262030948127398894836         1.41659860143768283271656761785746261      
  -6.23660202863737259528585491413312872         1.49984156111139337900586102197373629      
  -6.23758778234450801593981419548825310         1.59349514140248570285611271993352656      
  -6.23851197357844775771587863912171696         1.69964146515828020800318530422968132      
  -6.23937459321779745272403706487068230         1.82095754755126998712753330643104337      
  -6.24017563274884951421970278677503719         1.96094410081952863313687936163693779      
  -6.24091508426566716346047198159590993         2.12426874137732498902290827827756407      
  -6.24159294047016245811037407722906295         2.31729640080425833969182690207876373      
  -6.24220919467216832142150531240301473         2.54893798342787835186804115799477558      
  -6.24276384078950457148214652429566752         2.83206479562805567331647008368439910      
  -6.24325687334803794987968314223275141         3.18598379711963501292601357252734400      
  -6.24368828748173614918586871899936874         3.64103449619165317353155055752198112      
  -6.24405807893271583873120253199177662         4.24778274018578112967498175422188533      
  -6.24436624405128468819442624989196154         5.09724705454890375956098545515270613      
  -6.24461277979597738859238380214233572         6.37146449046457793405141981863155459      
  -6.24479768373358567031473182356553712         8.49518816774741753814925126203153431      
  -6.24492095403918231790723479030814028         12.7426774464206427840496316299299653      
  -6.24498258949613918136662863114549001         25.4852291277588196654632464637292415      
