   5.56775062493340558712612748683859222                                            Infinity
   5.56769567348252935545153710478990828         28.5851186436862946694324410698879418      
   5.56758577112312552745256480410865141         14.2926298530863882649773849932347094      
   5.56742091893988602106755160692003488         9.52849827082754153934480144665081556      
   5.56720111855983533135164888533606999         7.14645599146611935255005307602041604      
   5.56692637215231447240190852869453924         5.71724943417331415383137310954969778      
   5.56659668242895956683727220321219753         4.76446073888947999149915971690474883      
   5.56621205264367508304477289278160446         4.08391082291761459815701208279155984      
   5.56577248659260172045608629634156081         3.57351014507173498663639622451309936      
   5.56527798861407894317139143702050824         3.17654229372634049416060339342200088      
   5.56472856358860216230031848976072289         2.85897742203620206247115545567977456      
   5.56412421693877456744257683607997276         2.59916017303627015078038724953286912      
   5.56346495462925360778366718575376723         2.38265364219163208069670952103919544      
   5.56275078316669212333388774428382365         2.19946304953979988989466058005148124      
   5.56198170959967412689164533088159290         2.04244926662916344188256879542331660      
   5.56115774151864523736487754321588768         1.90637693268206500745307908080820653      
   5.56027888705583776513718100128352517         1.78731952719672342575363450871173711      
   5.55934515488519045021802286245598540         1.68227441692495213755031617227811365      
   5.55835655422226285396918766209483954         1.58890622052397347557675648250027524      
   5.55731309482414440525237857824741109         1.50537121594976743492226951148109706      
   5.55621478698935810189565092404249638         1.43019442563241785734783911077398333      
   5.55506164155775886842910551679681055         1.36218182017279022680991057792389138      
   5.55385366991042657109301003789644957         1.30035646648557192911241424993454422      
   5.55259088396955369117424706170703630         1.24391133294847770595399809617663441      
   5.55127329619832765777970757466187457         1.19217389326415545697920913849834788      
   5.54990091960080784120795800695293209         1.14457922539523629438126322964062189      
   5.54847376772179720813320653868622275         1.10064931843745155329503490588149078      
   5.54699185464670863986828019985575143         1.05997697796539199367973514543879884      
   5.54545519500142591502599753905149236         1.02221318023274864784648831282391843      
   5.54386380395215935795098186958309519        0.987057042744919056376364899172780028      
   5.54221769720529615434660679393692002        0.954247800717093637187847116159447402      
   5.54051689100724533557439833858798875        0.923558336475939579103053690407962550      
   5.53876140214427743315583608169770568        0.894789922098470303499044865887744583      
   5.53695124794235880505909860682379823        0.867767917934758102893979696636603057      
   5.53508644626698063540588594728097533        0.842338230214875186835324459816613715      
   5.53316701552298260928602287920362534        0.818364375923217455727583811959840811      
   5.53119297465437126442010145781890364        0.795725036860442140939916265098573309      
   5.52916434314413302146295855224788054        0.774312010344011284552585104012810351      
   5.52708114101404189479330380079136122        0.754028483482334721983990962145865486      
   5.52494338882446188568731486277770516        0.734787572945199838342370559250611700      
   5.52275110767414405982649956648435731        0.716511083768637915238247390139339269      
   5.52050431920001831114258802740941528        0.699128449798103749880350181455762178      
   5.51820304557697981405466151947126641        0.682575825496916336560257963929150818      
   5.51584730951767016620614830595473808        0.666795304479104160668581930588268368      
   5.51343713427225322386171925980342702        0.651734244605954373597375359071534708      
   5.51097254362818563217649740698704088        0.637344683069689691453161143298243138      
   5.50845356190998205260235499516749297        0.623582827770579670485135369063379944      
   5.50588021397897508974840880598125240        0.610408613624634432968330536055523587      
   5.50325252523306992006513867640185779        0.597785314332837571710338277836244394      
   5.50057052160649362477384505652511688        0.585679201688841209863707409513056515      
   5.49783422956953922951542839164056993        0.574059245769738516507413611535127183      
   5.49504367612830445324471565976251742        0.562896850398510892163226197633345598      
   5.49219888882442516894877700627952167        0.552165619130039774743851214163350043      
   5.48929989573480357881986757967599898        0.541841147729268873006653734341033754      
   5.48634672547133110656579587126780132        0.531900839707349181734399036519211574      
   5.48333940718060600959265958271618218        0.522323741981114426842677131217976521      
   5.48027797054364571384700277314327919        0.513090398140470638917030055919455305      
   5.47716244577559387415653325863564698        0.504182717161324438148987262536822084      
   5.47399286362542216296059643673029273        0.495583855699933291896333657320204859      
   5.47076925537562679037363037334660692        0.487278112357322597835613106759068747      
   5.46749165284191975857682660605559569        0.479250832517261798656351836467272699      
   5.46416008837291485358519117234969816        0.471488322544440297444020609999192006      
   5.46077459484980837748914035176874823        0.463977772286046424342014873541289587      
   5.45733520568605462432167500372368615        0.456707184954149117748791164240840004      
   5.45384195482703610275405567631468209        0.449665313581607025441228963725237511      
   5.45029487674972850887474734334659634        0.442841603343586690393282781916134359      
   5.44669400646236045235821718539634231        0.436226139122579769158377064051293051      
   5.44303937950406793938195075479496138        0.429809597769091027994124899297429400      
   5.43933103194454361570180064268541198        0.423583204574619244868421343173569046      
   5.43556900038368077334749688816559251        0.417538693529596956756148121580279095      
   5.43175332195121212445182932451767976        0.411668270987793170028530100537809915      
   5.42788403430634334577865833558924754        0.405964582401330575122662850082477818      
   5.42396117563738139756652158680090804        0.400420681827785302141239344602585180      
   5.41998478466135762035617969062884139        0.395030003943553085671083112717017320      
   5.41595490062364561352198295672010117        0.389786338326402586251306758298948786      
   5.41187156329757389927844385337308724        0.384683805795425069567278135924508538      
   5.40773481298403337598486506164639449        0.379716836618883412792049003183615016      
   5.40354469051107956462230052790505124        0.374880150420151410711303367948248833      
   5.39930123723352965236851620760512451        0.370168737629350664803919972862089542      
   5.39500449503255433724796773536416273        0.365577842343724512343155164668384561      
   5.39065450631526447788512354705700925        0.361102946473484506913633099300555711      
   5.38625131401429255244073351239224082        0.356739755062039232255268780899577330      
   5.38179496158736893086187440513470367        0.352484182680353301438930185778236818      
   5.37728549301689296462779403721227549        0.348332340804847251052753940813891333      
   5.37272295280949889822472510715059170        0.344280526096876591572993597454882326      
   5.36810738599561660663394725779580558        0.340325209509542321136062118205513303      
   5.36343883812902716316844099870266011        0.336463026154491972083241545108861496      
   5.35871735528641324204449952089076322        0.332690765867562529167867448993058865      
   5.35394298406690436012564351233567328        0.329005364417675527541711382675076573      
   5.34911577159161696232711936842038147        0.325403895308391464908899213089332547      
   5.34423576550318935522015217991621327        0.321883562126027805880387190881905725      
   5.33930301396531149342597106961664047        0.318441691392297227758558044183859301      
   5.33431756566224962344042533568153593        0.315075725883078700561219724459831462      
   5.32927946979836578958076494367895093        0.311783218378236136682657723252421566      
   5.32418877609763220679686768930409493        0.308561825810385325589746950213706290      
   5.31904553480314050513985732933597224        0.305409303783212966635896961377829253      
   5.31384979667660585073167164954756697        0.302323501432401295352662025071560349      
   5.30860161299786594812970630546934140        0.299302356604434190747962534668514259      
   5.30330103556437492903117883604355342        0.296343891330578946069197531805051120      
   5.29794811669069213231232701270060530        0.293446207575172699061889321277437632      
   5.29254290920796578044797614912217919        0.290607483239012198105591033539211378      
   5.28708546646341155740738066229967508        0.287825968400166477562498263849866617      
   5.28157584231978609317256554631232425        0.285099981775918715838126313588539476      
   5.27601409115485536007566299989551166        0.282427907390809081842091275392126812      
   5.27040026786085798620195774120589358        0.279808191436906390517320084327060642      
   5.26473442784396349115552105258160274        0.277239339313493316088238036077023894      
   5.25901662702372544953442782941986157        0.274719912834317100492651635199981382      
   5.25324692183252958751261236594364566        0.272248527591443530946299368146513157      
   5.24742536921503681797542680251705877        0.269823850465563977366526840373930953      
   5.24155202662762121970592059073529800        0.267444597273350249902421644627181031      
   5.23562695203780296616875951072934590        0.265109530543136054288166747223113981      
   5.22965020392367620948854820749321878        0.262817457410832379330149405375432595      
   5.22362184127333192526911040760845475        0.260567227628562198420396070367880158      
   5.21754192358427572395001544309742114        0.258357731679031875363244122023964955      
   5.21141051086284063444631795442485359        0.256187898989146672534048380181929903      
   5.20522766362359486586709917958155148        0.254056696236829418689675360748803237      
   5.19899344288874455315796257098093816        0.251963125745418010519783011382387997      
   5.19270791018753149256214312739810686        0.249906223960401991353602087220560219      
   5.18637112755562587284433829577159109        0.247885060003613688204175571995798247      
   5.17998315753451400827075809933387135        0.245898734300317759377625084821867211      
   5.17354406317088107938822279678019678        0.243946377274946748092470586926707270      
   5.16705390801598888769440738515315991        0.242027148111511388301034271494718915      
   5.16051275612504863034054314052748863        0.240140233574974819023355269153751197      
   5.15392067205658870105703665973434708        0.238284846890121219223800529849429999      
   5.14727772087181752354155603817366605        0.236460226674673213226733933563901177      
   5.14058396813398142359816140873635234        0.234665635923620118300490523256607548      
   5.13383947990771754636502259111312622        0.232900361041911990412570159328493246      
   5.12704432275840182501716957603335454        0.231163710922853639561545868545494057      
   5.12019856375149200737956151260273810        0.229455016069699400411046486901726129      
   5.11330227045186574693453629686284404        0.227773627758104434016442115053038447      
   5.10635551092315376475641529457427018        0.226118917237232596418968515711560085      
   5.09935835372706808895468569025691693        0.224490274967455258875141566501090367      
   5.09231086792272537825576595756941195        0.222887109892700653324089905895772690      
   5.08521312306596533640187751368085104        0.221308848745630034105586319302223121      
   5.07806518920866422409399727353263020        0.219754935383925825122957454473738762      
   5.07086713689804347525425108060814463        0.218224830156078541281312244605655113      
   5.06361903717597342443142638148050669        0.216718009295154167839210006158168797      
   5.05632096157827215222153355511008782        0.215233964339112342154393366331715258      
   5.04897298213399945562352852839644650        0.213772201576328560918149748988815808      
   5.04157517136474595029842423130399485        0.212332241515051148345908516498438039      
   5.03412760228391731174806459310279069        0.210913618375596250226753949507807634      
   5.02663034839601366247781168169906780        0.209515879604152018631496947970356028      
   5.01908348369590411225530376716179610        0.208138585407126748461615115565324190      
   5.01148708266809645862527907555727756        0.206781308305035320834801293486351268      
   5.00384122028600205488822631795173185        0.205443632704974177503255516303236119      
   4.99614597201119585279831826049782271        0.204125154490787451958083215773361732      
   4.98840141379267162728370817415275543        0.202825480630076054103882521828322256      
   4.98060762206609239053982049675777242        0.201544228797247666135119521941483492      
   4.97276467375303600289374598662723048        0.200281027011848960921233625263114657      
   4.96487264626023598788525757685223466        0.199035513291462089204695295773553765      
   4.95693161747881755905729558534133853        0.197807335318485772813996942358367760      
   4.94894166578352886599602943004726108        0.196596150120157349752694203286570930      
   4.94090287003196746720778707544136330        0.195401623761205993593411078554176089      
   4.93281530956380203746725262940928052        0.194223431048559213434557619619545736      
   4.92467906419998931731836635440262167        0.193061255247554761166021128781038314      
   4.91649421424198631245631938868819697        0.191914787809138350153789901815875256      
   4.90826084047095775076591722943083910        0.190783728107554235431126771382367683      
   4.89997902414697880483839104642464801        0.189667783188060823985471109151206667      
   4.89164884700823308783546371160370520        0.188566667524227171431419066674188984      
   4.88327039127020593061612758383236680        0.187480102784388568248362847694202570      
   4.87484373962487294808816312047889232        0.186407817606860508637473730057372831      
   4.86636897523988390279292083726731422        0.185349547383530245991982081719710135      
   4.85784618175774187377830354700944126        0.184305034051463943751023788849498473      
   4.84927544329497773886122071795035229        0.183274025892185196883448492764028814      
   4.84065684444131997842704174630964303        0.182256277338297490734912395893816254      
   4.83199047025885980895974947864953246        0.181251548787139039559566007125051447      
   4.82327640628121165454258899222546658        0.180259606421173461921334407516730239      
   4.81451473851266896461501899054917869        0.179280222034833955829556155750629493      
   4.80570555342735538631770374289505866        0.178313172867552081135310750711897188      
   4.79684893796837129980313183709181390        0.177358241442714985388791145753792988      
   4.78794497954693572493521367215824280        0.176415215412306964161485667049916970      
   4.77899376604152360784689213947593324        0.175483887407002667177365926832766739      
   4.76999538579699849587039987737473983        0.174564054891490084362120854311850996      
   4.76094992762374060940031138419592589        0.173655520024811705650677977818270544      
   4.75185748079677031929496868987921834        0.172758089525521977449071572331592950      
   4.74271813505486703846720476751376561        0.171871574541468407351465516797669842      
   4.73353198059968353636054896655766616        0.170995790524012425495859507954943120      
   4.72429910809485568505227302186725228        0.170130557106514422464966862251011880      
   4.71501960866510764576972419143400314        0.169275697986915274916548639976186912      
   4.70569357389535250465139335580336752        0.168431040814254164637510501628566029      
   4.69632109582978836662908002940146173        0.167596417078969616500974591508018683      
   4.68690226697098991635234274513844940        0.166771662006837446568378823664162144      
   4.67743718027899545512116173627163617        0.165956614456405742771197029293328438      
   4.66792592917038942283739081204663122        0.165151116819793115511650500679184675      
   4.65836860751738041403013636541391136        0.164355014926722271328351952602627678      
   4.64876530964687469705467312234135066        0.163568157951666495648662508597882627      
   4.63911613033954524560888810399341535        0.162790398323991895805985727841361109      
   4.62942116482889629175553588729348886        0.162021591640983267253820311455670977      
   4.61968050880032340968278917898707645        0.161261596583646217738024922833320321      
   4.60989425839016913947967852703493035        0.160510274835182728788809474501837584      
   4.60006251018477416024703324564052885        0.159767491002041663223913637002236259      
   4.59018536121952402190846189201339986        0.159033112537449852684957142896223657      
   4.58026290897789144512974447055409799        0.158307009667333331185022965859749944      
   4.57029525139047419879874952089586900        0.157589055318542029246570457079051705      
   4.56028248683402856456163693844636645        0.156879125049294817906067201234830132      
   4.55022471413049839795466134895518994        0.156177096981765201573421925662783317      
   4.54012203254603979571435068232925097        0.155482851736731211878034339187787996      
   4.52997454179004137889219983649720056        0.154796272370216159156669045128444267      
   4.51978234201414020144328956158891973        0.154117244312049861647493174182686630      
   4.50954553381123329400141550098648823        0.153445655306282801840665561847614488      
   4.49926421821448485259639127280134591        0.152781395353388361499989077554742020      
   4.48893849669632908211217213786658327        0.152124356654190867946766956040418617      
   4.47856847116746870432733175418200643        0.151474433555459650275624420046439050      
   4.46815424397586914042221333964579128        0.150831522497111660917600915644734360      
   4.45769591790574837787976783254161124        0.150195521960967470737756343546711954      
   4.44719359617656253174968493127876876        0.149566332421007599724755937218526790      
   4.43664738244198711028791779092625158        0.148943856295078205099463133951571924      
   4.42605738078889399502609823473243239        0.148327997897997118884409408044636900      
   4.41542369573632414536763618564810609        0.147718663396013111941646329103083305      
   4.40474643223445603784949421841890526        0.147115760762573065281833491925453942      
   4.39402569566356985025072526061456383        0.146519199735353455937734466009455558      
   4.38326159183300740077085811553535089        0.145928891774514217544333303041418410      
   4.37245422698012785254311122679037774        0.145344750022134618449197948598401390      
   4.36160370776925919378920953998422954        0.144766689262792315984765290640719494      
   4.35071014129064550396427202888334994        0.144194625885248197593835609637110167      
   4.33977363505939001628182803017148632        0.143628477845201010775791886384248822      
   4.32879429701439398705050856196218968        0.143068164629077117127953959010430664      
   4.31777223551729138229534387714563934        0.142513607218821983765443369429614145      
   4.30670755935137939217788021495304671        0.141964728057661250650580823917721542      
   4.29560037772054478377050665539059750        0.141421451016800387258363946715110312      
   4.28445080024818610278145674501684584        0.140883701363033078836717985600658132      
   4.27325893697613173486791874353103689        0.140351405727229563463796821316606132      
   4.26202489836355383721555253445587757        0.139824492073677178226695245703293277      
   4.25074879528587815110347004652357453        0.139302889670246368111612748406022515      
   4.23943073903368970621438904293568076        0.138786529059356366473380542261777721      
   4.22807084131163442749021695223657341        0.138275342029715673019570305674555784      
   4.21666921423731665537376163693655486        0.137769261588813335791885289064536421      
   4.20522597034019259031759922511491622        0.137268221936137889264002145386125346      
   4.19374122256045967248135496795318141        0.136772158437101612931677295142418428      
   4.18221508424794190757877113548137176        0.136281007597648555105396404211284115      
   4.17064766916097114987594582781649555        0.135794707039525516416058029540824841      
   4.15903909146526435338202786495146161        0.135313195476195908131979342209407814      
   4.14738946573279680231344523090454767        0.134836412689377093020056554785541771      
   4.13569890694067133195242749503043399        0.134364299506182482364923367259520207      
   4.12396753046998355106015582286894994        0.133896797776850303030748614171875039      
   4.11219545210468307704433723049568527        0.133433850353041564200703503482508606      
   4.10038278803043079512035224045513877        0.132975401066690345698117698989019036      
   4.08852965483345215274436667560891916        0.132521394709390099571716424992235621      
   4.07663616949938650063592859231997636        0.132071777012300204860079734200965449      
   4.06470244941213249174658992011913131        0.131626494626557543039088808786395183      
   4.05272861235268954956999885626475902        0.131185495104178369460802816456848241      
   4.04071477649799541722770307641906826        0.130748726879436244933862358314645028      
   4.02866106041975979880358498414382444        0.130316139250702262257746485498905815      
   4.01656758308329410443841815029707072        0.129887682362734255754152499370605384      
   4.00443446384633731073448840804061929        0.129463307189402118352826978439903473      
   3.99226182245787794805856339051710985        0.129042965516836771268683153983728573      
   3.98004977905697222636972024792196764        0.128626609926990736403813758914705174      
   3.96779845417155831123665248140473374        0.128214193781598651944841386130043135      
   3.95550796871726676174707290684400609        0.127805671206526447798108106735256405      
   3.94317844399622714204971033704455655        0.127400997076498260081368081209482883      
   3.93081000169587081830716227243820515        0.127000127000190513414756224925260919      
   3.91840276388772995287551434520924874        0.126603017305682936745874025871926191      
   3.90595685302623270756416909833577110        0.126209625026256603401172945557269272      
   3.89347239194749466786674152891574329        0.125819907886529399454116902507768381      
   3.88094950386810650009117631506220924        0.125433824288919626794957951307978839      
   3.86838831238391785335442140949366661        0.125051333300428738912822053175786759      
   3.85578894146881751844405435376497822        0.124672394639734488774922439895546145      
   3.84315151547350985558620087909677403        0.124296968664586039709006849842198136      
   3.83047615912428750319590974835303539        0.123925016359492852245504550631269388      
   3.81776299752180037972285299544527692        0.123556499323699412820952586977682611      
   3.80501215613982099074180637104215584        0.123191379759438114434360077546819396      
   3.79222376082400605347383054584964016        0.122829620460452835118666862743232496      
   3.77939793779065445096041909499704029        0.122471184800785987761736888338707636      
   3.76653481362546152814910413050302788        0.122116036723822034693324795120131891      
   3.75363451528226974218511430587869353        0.121764140731580672841263517815968710      
   3.74069717008181567923966243132122207        0.121415461874253100434589361428995676      
   3.72772290571047345024130075452899864        0.121069965739974974464600538600987754      
   3.71471185021899447791252072699512639        0.120727618444829859666916162388640449      
   3.70166413202124368754939043598426509        0.120388386623077154907775156306006785      
   3.68857987989293211401751648674825114        0.120052237417598661785203764292031016      
   3.67545922297034593747298761758165462        0.119719138470558133219660048081495124      
   3.66230229074907196035220437296664926        0.119389057914268307029397476687712194      
   3.64910921308271953820962239943333811        0.119061964362260091174241515470375191      
   3.63588012018163897701743601821467451        0.118737826900548723710398816111723393      
   3.62261514261163640957610332287758083        0.118416615079091881722838359477647930      
   3.60931441129268516371936380466555437        0.118098298903434859777437249352309566      
   3.59597805749763363503202408032693898        0.117782848826538079941767998903410221      
   3.58260621285090967683328634499658945        0.117470235740782332333296374584652717      
   3.56919900932722152021276735575516422        0.117160430970147277632223861553587160      
   3.55575657925025523694060273056036884        0.116853406262558871202091721982753187      
   3.54227905529136875810715178432419236        0.116549133782401492547169411261246825      
   3.52876657046828246138181168224466510        0.116247586103190683948210108991938927      
   3.51521925814376633981431603458722473        0.115948736200402518398282159240669764      
   3.50163725202432376513563185270217595        0.115652557444455729543512205177111906      
   3.48802068615887185854917970017278443        0.115359023593842845349893138011785855      
   3.47436969493741848203658457388705944        0.115068108788406672791982400622272646      
   3.46068441308973586323551920705448071        0.114779787542758583112694612684446956      
   3.44696497568403086698042677055479307        0.114494034739835146251215293502544751      
   3.43321151812561192663000603258938352        0.114210825624589758989647677726094325      
   3.41942417615555264833830859276162647        0.113930135797816004335433471594754027      
   3.40560308584935210145913451007444825        0.113651941210099569738880623901666645      
   3.39174838361559180830611917081605701        0.113376218155895639042412531477279872      
   3.37786020619458944652348026910826059        0.113102943267728757665815343924418290      
   3.36393869065704927735483897850372188        0.112832093510512252541613922809634725      
   3.34998397440270931312984345721778592        0.112563646175984367815128427245953433      
   3.33599619515898523732050543344047421        0.112297578877258354399833183237965503      
   3.32197549097961109055121144306549557        0.112033869543483826212276643150142876      
   3.30792200024327673597828902376696999        0.111772496414616768380911244779328060      
   3.29383586165226211748679449162604165        0.111513438036295653005698593774868111      
   3.27971721423106832418384252574047020        0.111256673254821186213477601017085752      
   3.26556619732504547469931835003239201        0.111002181212237276378307011149278777      
   3.25138295059901743483620051870751394        0.110749941341510877524239150437271570      
   3.23716761403590338214397587273386143        0.110499933361808424165695042202908865      
   3.22292032793533623101974783083983916        0.110252137273866634230862947714912262      
   3.20864123291227793197262450274188105        0.110006533355455515317121653158577111      
   3.19433046989563165871782385878882077        0.109763102156931466402993088887815552      
   3.17998818012685089679764905446876372        0.109521824496878422345046641405892769      
   3.16561450515854544745706768711162948        0.109282681457835042074976492851457218      
   3.15120958685308436053207395381760307        0.109045654382105993434275228896186879      
   3.13677356738119581013932208366682107        0.108810724867655438092184103141477946      
   3.12230658922056392698569273447707936        0.108577874764080869035767990779756722      
   3.10780879515442260114649097697574396        0.108347086168665500746168754748824405      
   3.09328032827014626919087474078699235        0.108118341422507458427800779366526074      
   3.07872133195783769956287587200257858        0.107891623106724057581335537572793584      
   3.06413194990891279015600195755199412        0.107666914038729508849110487463271893      
   3.04951232611468239204889551471948830        0.107444197268584425453945620369084038      
   3.03486260486493117339887773393184926        0.107223456075415551738691054950133219      
   3.02018293074649353751941640968371945        0.107004673963904171332225636983459300      
   3.00547344864182660919663170986141616        0.106787834660841692354827637087651097      
   2.99073430372758030332888873082298349        0.106572922111750944867325564247492880      
   2.97596564147316449000232207881178860        0.106359920477571762498471721350833551      
   2.96116760763931327014379472341566335        0.106148814131409455886651562118611676      
   2.94634034827664637592131080300022609        0.105939587655344820277306309406405910      
   2.93148400972422771009027964388812090        0.105732225837304353357174793430323421      
   2.91659873860812103851226570445011636        0.105526713667989392210475486376107945      
   2.90168468183994285010095619352719301        0.105323036337862910179264650116630071      
   2.88674198661541239847803446240839842        0.105121179234192745428262909192034807      
   2.87177080041289893964946265502950812        0.104921127938150063180345745761407300      
   2.85677127099196618004035124760582744        0.104722868221961882928646779742455170      
   2.84174354639191394925412574343603480        0.104526386046116530469960601691955991      
   2.82668777493031711194909163937695966        0.104331667556620902366151295154086124      
   2.81160410520156173325274757715479934        0.104138699082308457449063484171041390      
   2.79649268607537851216130306631207844        0.103947467132196876262706751193080094      
   2.78135366669537349739882104866149938        0.103757958392894354906203726294676879      
   2.76618719647755610023722660050524020        0.103570159726053524623396288463098613      
   2.75099342510886441880510097386841467        0.103384058165872012700635386500276227      
   2.73577250254568788843971469828823751        0.103199640916638683803008128280941150      
   2.72052457901238727266314433841088960        0.103016895350324623820302994772324972      
   2.70524980499981200938956446930889920        0.102835809004217950625977165017556511      
   2.68994833126381492699690923199610350        0.102656369578601557893262846064973443      
   2.67462030882376434492205620846076138        0.102478564934472919279744333901594341      
   2.65926588896105357346449905246155205        0.102302383091305100902105203390022768      
   2.64388522321760782750914407456515081        0.102127812224848150092594922357327188      
   2.62847846339438856890438955410755006        0.101954840664970047973883116472339202      
   2.61304576154989529225702468502694632        0.101783456893536432424640148184384437      
   2.59758726999866476893071750637181504        0.101613649542328316549200298106982527      
   2.58210314130976776405994767269981310        0.101445407390997045825354438237230925      
   2.56659352830530324141618023695762910        0.101278719365055754698554813756168161      
   2.55105858405889007098787050261804016        0.101113574533906600532029569070409961      
   2.53549846189415625416053720814255944        0.100949962108903069523510213105190746      
   2.51991331538322568140764159197821621        0.100787871441446665473074160560751561      
   2.50430329834520243742736300847731966        0.100627292021117308145205217042029772      
   2.48866856484465266868456748399388728        0.100468213473836783423404825394473928      
   2.47300926919008402834132367905933456        0.100310625560064602519005469531673500      
   2.45732556593242271358323091952925932        0.100154518173025642178348719626770207      
   2.44161760986348811037258604093893907         9.99998813369689521449543738795226931E-0002
   2.42588555601446506068302952148518739         9.98467052054571300861524674931569839E-0002
   2.41012955965437376729377652700859151         9.96949800596856777969842919230908492E-0002
   2.39434977628853735124485482449129073         9.95446963068317657577997244914507813E-0002
   2.37854636165704707707793880878857494         9.93958444784318460553842249548606811E-0002
   2.36271947173322526101038690192589669         9.92484152287875662898483119270139680E-0002
   2.34686926272208587721295809813788900         9.91023993333994493898337124716212521E-0002
   2.33099589105879287738440221519969398         9.89577876874278162554915234151995027E-0002
   2.31509951340711623883868724927800263         9.88145713041804398505647501070896249E-0002
   2.29918028665788575634304589376445709         9.86727413136264307799035312098595407E-0002
   2.28323836792744259296729155108428639         9.85322889609358655247544996959791627E-0002
   2.26727391455608860522697182051937248         9.83932056050446793728576399345154735E-0002
   2.25128708410653345782489426635515535         9.82554827172443566811872868299738495E-0002
   2.23527803436233954331737504235112713         9.81191118797959614532997015060093791E-0002
   2.21924692332636472205322545533233181         9.79840847845680613076948086441475839E-0002
   2.20319390921920289775500457878433264         9.78503932316981077651537489490723503E-0002
   2.18711915047762244413342736438164781         9.77180291282768453982658567728378349E-0002
   2.17102280575300249794702713456184120         9.75869844870553317717033872030182434E-0002
   2.15490503390976713394022866324586237         9.74572514251741592634468160245641576E-0002
   2.13876599402381743711389305677240584         9.73288221629144788011330459277180761E-0002
   2.12260584538096148780314812673618759         9.72016890224704342798426302480401268E-0002
   2.10642474747534227505791769587846311         9.70758444267426249536390903702479319E-0002
   2.09022286000786355384201009416155289         9.69512808981522214185375725351298909E-0002
   2.07400034288461366158691978286596552         9.68279910574753689346658311273339679E-0002
   2.05775735621528730965663638968826275         9.67059676226975197753876252205778241E-0002
   2.04149406031160536529974224861318001         9.65852034078873440461371768874386508E-0002
   2.02521061568573263968491261752287349         9.64656913220898759905685148704815333E-0002
   2.00890718304869369763561189834503007         9.63474243682385602011200846058539093E-0002
   1.99258392330878670469930421480469560         9.62303956420858693798617470474519326E-0002
   1.97624099756999532720586741882786219         9.61145983311521723580253149033526112E-0002
   1.95987856713039870098911580716693104         9.60000257136925379832906076819078417E-0002
   1.94349679348057948446439834522298428         9.58866711576811672269525734560135762E-0002
   1.92709583830203001177414582719778094         9.57745281198131524526575082465368980E-0002
   1.91067586346555656173199196401880092         9.56635901445232692284779636454804191E-0002
   1.89423703102968175831468969787310512         9.55538508630215123585943053293967033E-0002
   1.87777950323904511846948491112221373         9.54453039923450939635548586922880711E-0002
   1.86130344252280176302289494584673027         9.53379433344266274526793589254908643E-0002
   1.84480901149301930649496879781797237         9.52317627751782271122328861542032477E-0002
   1.82829637294307294164107931638416990         9.51267562835912587820112998778350908E-0002
   1.81176568984603873456111505219988747         9.50229179108514827143299341154766309E-0002
   1.79521712535308514623360037206965522         9.49202417894693352063873153037374530E-0002
   1.77865084279186279634977693011357008         9.48187221324251009727869016204434313E-0002
   1.76206700566489248534002737423182051         9.47183532323287334827566929902984470E-0002
   1.74546577764795149050221310523104056         9.46191294605940856293384625533624619E-0002
   1.72884732258845815215853182331044026         9.45210452666273181284723860585953505E-0002
   1.71221180450385476578437732477195342         9.44240951770292579673461988740629516E-0002
   1.69555938757998879606940338424966517         9.43282737948114840364004382462554798E-0002
   1.67889023616949242888755540943606778         9.42335757986259217906974580820933921E-0002
   1.66220451479016047716923772275750427         9.41399959420077333966135028986855466E-0002
   1.64550238812332665668503064581591036         9.40475290526312943315712947440046882E-0002
   1.62878402101223824776645987732409441         9.39561700315790518202978691816052566E-0002
   1.61204957846042915900525080493207715         9.38659138526230648133048424464299453E-0002
   1.59529922563009140898827221854833580         9.37767555615190294443174384365906576E-0002
   1.57853312784044504214098724184057239         9.36886902753125980455334006026807803E-0002
   1.56175145056610649476768401545840706         9.36017131816578038551215854757423769E-0002
   1.54495435943545542739205459762339966         9.35158195381474075224618883142550969E-0002
   1.52814202022900003951682754411525822         9.34310046716549854054153239585156619E-0002
   1.51131459887774088293613754095110321         9.33472639776885834624722384484836917E-0002
   1.49447226146153318974913414138114573         9.32645929197557642729805859249919495E-0002
   1.47761517420744773123799095795480769         9.31829870287398783727755536506120376E-0002
   1.46074350348813022378797643566479627         9.31024419022873946723364361498443026E-0002
   1.44385741582015929804158744044598008         9.30229532042061282319572195425860136E-0002
   1.42695707786240304749292719706005085         9.29445166638742071051567508192703561E-0002
   1.41004265641437417274252946168207457         9.28671280756596233294491891285568817E-0002
   1.39311431841458373764669107894584332         9.27907832983502164443772264344532715E-0002
   1.37617223093889355360907511400637164         9.27154782545939411520672062618124630E-0002
   1.35921656119886720827588643212590189         9.26412089303492739071422481410276563E-0002
   1.34224747654011975490930078775332935         9.25679713743456163322311324829882832E-0002
   1.32526514444066607872704704999874171         9.24957616975535564041013944680736607E-0002
   1.30826973250926795650910000134295005         9.24245760726648513451504098980253142E-0002
   1.29126140848377982578533807249110742         9.23544107335819990870961724808011314E-0002
   1.27424034022949327993075629119237778         9.22852619749172680496713490765222405E-0002
   1.25720669573748030550739950090568912         9.22171261515010577983559584279563116E-0002
   1.24016064312293527820459442228703693         9.21499996778994659130670990333269936E-0002
   1.22310235062351573374131126409006179         9.20838790279409391156065544239180717E-0002
   1.20603198659768193010657621928518398         9.20187607342518893688643575344973059E-0002
   1.18894971952303521752578518768377079         9.19546413878011582765725019004213794E-0002
   1.17185571799465523255253633036818154         9.18915176374532156800513402448626490E-0002
   1.15475015072343593269720446763792952         9.18293861895299808691154894746487404E-0002
   1.13763318653442048801492376644595059         9.17682438073811572993010952993782292E-0002
   1.12050499436513504608692651247500936         9.17080873109629741380089227451660509E-0002
   1.10336574326392138684030491475018706         9.16489135764252303491675645626830452E-0002
   1.08621560238826848366221973725773548         9.15907195357065393707213368744613032E-0002
   1.06905474100314298727537398430358385         9.15335021761376747427257764153189466E-0002
   1.05188332847931864885220177775984433         9.14772585400529193071528097756132393E-0002
   1.03470153429170469885569184998205632         9.14219857244093228247062321039167540E-0002
   1.01750952801767319810507163270604556         9.13676808804137750400412761763344921E-0002
   1.00030747933538537757472164792957322         9.13143412131578033757621927405673087E-0002
  0.983095558022116983444670701535978615         9.12619639812600065484092447477023091E-0002
  0.965873933952582643930840145718281007         9.12105464965160374772902635659890917E-0002
  0.948642777097259274432860115215434795         9.11600861235560509003900576786680015E-0002
  0.931402257520708537546772059690134155         9.11105802795095331216114649265423639E-0002
  0.914152545379898374499259996583338508         9.10620264336774332911530877686128910E-0002
  0.896893810922523624569217603409929437         9.10144221072115175667801498485791269E-0002
  0.879626224485325749071459465260762291         9.09677648728008694189474456258618606E-0002
  0.862349956492411676486222403410682150         9.09220523543654612280201427946238379E-0002
  0.845065177453571785326776747176161633         9.08772822267567241780250344867736941E-0002
  0.827772057962597041345977587911902207         9.08334522154650452792507200208290458E-0002
  0.810470768695595305690932387290886369         9.07905600963341221523828266455771539E-0002
  0.793161480409306830623143719402213910         9.07486036952821079804766888066985349E-0002
  0.775844363939418959429504326968368512         9.07075808880294807826864916250419127E-0002
  0.758519590198880047157375986990081507         9.06674895998335728860235484025032357E-0002
  0.741187330176212618814673832853714551         9.06283278052296981692295383450274135E-0002
  0.723847754933825781683403692484396882         9.05900935277788163268316848072598632E-0002
  0.706501035606326908402461601220301882         9.05527848398216750522910347676174754E-0002
  0.689147343398832607482701861063435726         9.05163998622393726675441887696444678E-0002
  0.671786849585278997924312773796502006         9.04809367642202853328423813335231620E-0002
  0.654419725506731304613407404733428971         9.04463937630333045562668603757723479E-0002
  0.637046142569692791181440368806254022         9.04127691238073322872913770032171764E-0002
  0.619666272244413047017600605121143271         9.03800611593169824239051621058748801E-0002
  0.602280286063195645130704355504330258         9.03482682297744390887258743545083624E-0002
  0.584888355618705187563322023993410927         9.03173887426274235368338223663412941E-0002
  0.567490652562273755066917206425853030         9.02874211523632230473481495307955566E-0002
  0.550087348602206777752655882576923991         9.02583639603187366226345284718425445E-0002
  0.532678615502088343438258499673120395         9.02302157144964937740645453626246214E-0002
  0.515264625079085960416817389152591195         9.02029750093866041120124029876051363E-0002
  0.497845549202254791378886593487420096         9.01766404857945968808389497530561364E-0002
  0.480421559790841375224370683579893630         9.01512108306751109875318654810404259E-0002
  0.462992828812586853505793468181591327         9.01266847769713974659913424963908298E-0002
  0.445559528282029718249416585076195417         9.01030611034605976982120691725897646E-0002
  0.428121830258808097905401771161009422         9.00803386346047620793463771204304274E-0002
  0.410679906845961598182769088436206741         9.00585162404075751663643278372440887E-0002
  0.393233930188232714529296490274490633         9.00375928362767546902715139222926064E-0002
  0.375784072470367833020733803838848267         9.00175673828920931401148993429116529E-0002
  0.358330505915417836427766438416948535         8.99984388860791119438051170951180187E-0002
  0.340873402783038332233060865654726790         8.99802063966882995766080869966141602E-0002
  0.323412935367789519374455117739691623         8.99628690104799062235015070966840087E-0002
  0.305949275997435710493923176681003182         8.99464258680142689069389685599615945E-0002
  0.288482597031244526475342146767126238         8.99308761545476422673970381124599239E-0002
  0.271013070858285780057325479496018404         8.99162190999335114508744349403033377E-0002
  0.253540869895730065310454223845425777         8.99024539785293648157383512336406329E-0002
  0.236066166587147069771141274394964892         8.98895801091089054214373966751748131E-0002
  0.218589133400803626027100856875969380         8.98775968547796815040856295384228383E-0002
  0.201109942827961519551966998193724382         8.98665036229061173792256378691240552E-0002
  0.183628767381175069589010450460041369         8.98562998650379274406547939671343966E-0002
  0.166145779592588499886143452348597913         8.98469850768438971464981836311461697E-0002
  0.148661152012233116086475794034046522         8.98385587980510161001815301445177459E-0002
  0.131175057206324306580593883628219002         8.98310206123889495450418164234580419E-0002
  0.113687667755558383628476874549334721         8.98243701475398357974535230719560705E-0002
   9.61991562534092815605403874565963287E-0002   8.98186070750933983449830888582449868E-0002
   7.87096953044251288687089316936700408E-0002   8.98137311105073625336496189238190076E-0002
   6.12194575225247109996627856886657215E-0002   8.98097420130731679623001150996012828E-0002
   4.37286155292938406634838211709827130E-0002   8.98066395858869688928347580158276822E-0002
   2.62373419522816524718375417402753509E-0002   8.98044236758259161729725136446809753E-0002
   8.74580942329683872057544325095279390E-0003   8.98030941735297153538585827458373127E-0002
  -8.74580942329615686777731571390536373E-0003   8.98026510133874568685107368447569610E-0002
  -2.62373419522809706257690260456359305E-0002   8.98030941735297153193081529859732291E-0002
  -4.37286155292931588308744627426072866E-0002   8.98044236758259161038699490922827028E-0002
  -6.12194575225240291872419971139617377E-0002   8.98066395858869687891766484002443176E-0002
  -7.87096953044244470832059263070109738E-0002   8.98097420130731678240813445015336150E-0002
  -9.61991562534085998086841129247026874E-0002   8.98137311105073623608633651592032851E-0002
 -0.113687667755557701916995946459277208         8.98186070750933981376208226565497436E-0002
 -0.131175057206323624916216519078699181         8.98243701475398355555050070487079856E-0002
 -0.148661152012232434475929745230610248         8.98310206123889492684951038467661315E-0002
 -0.166145779592587818336155940203437221         8.98385587980510157890229634953196254E-0002
 -0.183628767381174388106308098197039910         8.98469850768438968007123929568529968E-0002
 -0.201109942827960838143275764959401961         8.98562998650379270602246950283053684E-0002
 -0.218589133400802944699145971356980408         8.98665036229061169641324300787540725E-0002
 -0.236066166587146388530647168442806580         8.98775968547796810543087936933806202E-0002
 -0.253540869895729384164144466109010166         8.98895801091089049369546924792817290E-0002
 -0.271013070858285099011922709062764351         8.99024539785293642965258146118332487E-0002
 -0.288482597031243845537568006813225979         8.99162190999335108969063751432755593E-0002
 -0.305949275997435029670498248131517366         8.99308761545476416786460346111328606E-0002
 -0.323412935367788838672098852939128950         8.99464258680142682833758677290819317E-0002
 -0.340873402783037651658491522048762304         8.99628690104799055650954186868030640E-0002
 -0.358330505915417155987701012245934634         8.99802063966882988833263803936519137E-0002
 -0.375784072470367152721887963843773859         8.99984388860791112156134173666678844E-0002
 -0.393233930188232034378384511416041530         9.00175673828920923769770830703923860E-0002
 -0.410679906845960918186503785627582732         9.00375928362767538921497048180052147E-0002
 -0.428121830258807418070494433015151147         9.00585162404075743332188921453414282E-0002
 -0.445559528282029038582576907668075054         9.00803386346047612111359188007576476E-0002
 -0.462992828812586174013729488826221221         9.01030611034605967948934248663033854E-0002
 -0.480421559790840695913788714626706101         9.01266847769713965275195762722132910E-0002
 -0.497845549202254112256491156131672125         9.01512108306751100138602633609563567E-0002
 -0.515264625079085281489311147264446942         9.01766404857945958719190140162043768E-0002
 -0.532678615502087664712342193645064658         9.02029750093866030677938462510691683E-0002
 -0.550087348602206099235028263190159664         9.02302157144964926944952844377711757E-0002
 -0.567490652562273076764274968736335620         9.02583639603187355076606779948052241E-0002
 -0.584888355618704509482359741238170396         9.02874211523632218969140153656470507E-0002
 -0.602280286063194967278114413028740426         9.03173887426274223508818947794433281E-0002
 -0.619666272244412369400073134327773961         9.03482682297744378671968209584744572E-0002
 -0.637046142569692113805663181125979259         9.03800611593169811667378205715251776E-0002
 -0.654419725506730627486065925619426676         9.04127691238073309944227475378494362E-0002
 -0.671786849585278321052089976741804163         9.04463937630333032276320979660163800E-0002
 -0.689147343398831930872278201642678340         9.04809367642202839683747877509891320E-0002
 -0.706501035606326232060514951156324724         9.05163998622393712671752043375177489E-0002
 -0.723847754933825105616609273740346210         9.05527848398216736159502298862943256E-0002
 -0.741187330176211943029704151751296491         9.05900935277788148544467512370589869E-0002
 -0.758519590198879371660900768354619663         9.06283278052296966607262802439528688E-0002
 -0.775844363939418284228190448301311083         9.06674895998335713413258731169731835E-0002
 -0.793161480409306155723655145081745515         9.07075808880294792017164002314366248E-0002
 -0.810470768695594631099930102801289392         9.07486036952821063631542664015186808E-0002
 -0.827772057962596367070119534102319280         9.07905600963341204986262323819404185E-0002
 -0.845065177453571111372717754549407647         9.08334522154650435889761768889690691E-0002
 -0.862349956492411002860614126442753267         9.08772822267567224511468188361408906E-0002
 -0.879626224485325075780950316751692650         9.09220523543654594644505735951212920E-0002
 -0.896893810922522951620452688866639674         9.09677648728008676185968734656838085E-0002
 -0.914152545379897701898881048635128306         9.10144221072115157295569456660506713E-0002
 -0.931402257520707865301417372537461506         9.10620264336774314169636313153622485E-0002
 -0.948642777097258602549164479112633137         9.11105802795095312103601329592661763E-0002
 -0.965873933952581972415434781490857297         9.11600861235560489519792118766803476E-0002
 -0.983095558022116312304183195133141284         9.12105464965160354916202381716726451E-0002
  -1.00030747933538470681577588501263433         9.12619639812600045253783339269071342E-0002
  -1.01750952801767252773428773327334398         9.13143412131578013152666376599288658E-0002
  -1.03470153429170402887968610303104490         9.13676808804137729419752517944072765E-0002
  -1.05188332847931797927758657598699022         9.14219857244093206889618336729430991E-0002
  -1.06905474100314231810875775884272066         9.14772585400529171336200390506696829E-0002
  -1.08621560238826781491020689245751626         9.15335021761376725312925275675028960E-0002
  -1.10336574326392071850949576299128059         9.15907195357065371212733821047012072E-0002
  -1.12050499436513437818391720902768007         9.16489135764252280615885394126727909E-0002
  -1.13763318653441982054630624436867048         9.17080873109629718121803111018419084E-0002
  -1.15475015072343526566956637271765963         9.17682438073811549351022140892716278E-0002
  -1.17185571799465456597246095610296709         9.18293861895299784664234730443628386E-0002
  -1.18894971952303455139985141030829248         9.18915176374532132387411244238325744E-0002
  -1.20603198659768126444135843283990555         9.19546413878011557965168077420292670E-0002
  -1.22310235062351506854337931553461547         9.20187607342518868499336747315229461E-0002
  -1.24016064312293461348051354665848591         9.20838790279409365576691243942131517E-0002
  -1.25720669573747964126373025652230768         9.21499996778994633159888976715077125E-0002
  -1.27424034022949261617405449490359011         9.22171261515010551620006785188130451E-0002
  -1.29126140848377916252215473497422183         9.22852619749172653739003823657476123E-0002
  -1.30826973250926729374598126244732720         9.23544107335819963717685913985391064E-0002
  -1.32526514444066541647053411413804083         9.24245760726648485901229489306423758E-0002
  -1.34224747654011909316592985934645604         9.24957616975535536092284311734504291E-0002
  -1.35921656119886654705218865108731306         9.25679713743456134973646681445252263E-0002
  -1.37617223093889289291157649128636023         9.26412089303492710321318880554513624E-0002
  -1.39311431841458307748191243212144483         9.27154782545939382367601396557603260E-0002
  -1.41004265641437351311698635059922976         9.27907832983502134886182060047029725E-0002
  -1.42695707786240238841312985952766125         9.28671280756596203330805102006544470E-0002
  -1.44385741582015863951404072798248886         9.29445166638742040680182301191945930E-0002
  -1.46074350348812956581917974929792968         9.30229532042061251538861735759698244E-0002
  -1.47761517420744707383443818407511018         9.31024419022873915531676591831532477E-0002
  -1.49447226146153253291731358764994494         9.31829870287398752123412952885578609E-0002
  -1.51131459887774022668253187226353077         9.32645929197557610711105282783344001E-0002
  -1.52814202022899938384791371861896574         9.33472639776885802189934728862462507E-0002
  -1.54495435943545477231430380279359564         9.34310046716549821201523274385107222E-0002
  -1.56175145056610584028756160422984934         9.35158195381474041952364992856819427E-0002
  -1.57853312784044438826495266879714528         9.36017131816578004857529793474855527E-0002
  -1.59529922563009075572277897617084105         9.36886902753125946338380647707986046E-0002
  -1.61204957846042850635674635990486813         9.37767555615190259901091468643423710E-0002
  -1.62878402101223759574138560690118290         9.38659138526230613163946297900465444E-0002
  -1.64550238812332600528982177424717403         9.39561700315790482804940044548614359E-0002
  -1.66220451479015982641032325777562091         9.40475290526312907486792545144999653E-0002
  -1.67889023616949177877135807880480461         9.41399959420077297704359440085891850E-0002
  -1.69555938757998814660233957237414886         9.42335757986259181210341898859511369E-0002
  -1.71221180450385411697285700937154643         9.43282737948114803230483943582966627E-0002
  -1.72884732258845750400895851215484825         9.44240951770292542100994084172831456E-0002
  -1.74546577764795084302098377294027565         9.45210452666273143271219444077231599E-0002
  -1.76206700566489183853353239914064610         9.46191294605940817836725015636486263E-0002
  -1.77865084279186215022440003120104416         9.47183532323287295925603507038916322E-0002
  -1.79521712535308450079571854595440284         9.48187221324250970378422914419390067E-0002
  -1.81176568984603808981709851020171757         9.49202417894693312264734946363042146E-0002
  -1.82829637294307229759729142165266315         9.50229179108514786892228724487805535E-0002
  -1.84480901149301866315776600252865333         9.51267562835912547114838463187895257E-0002
  -1.86130344252280112039862672846545326         9.52317627751782229960547363913810626E-0002
  -1.87777950323904447656449371373837092         9.53379433344266232906170216178354388E-0002
  -1.89423703102968111713531086360228686         9.54453039923450897553716212725580504E-0002
  -1.91067586346555592128455367447551391         9.55538508630215081040501992125713327E-0002
  -1.92709583830202937206496904003885170         9.56635901445232649273297288321410395E-0002
  -1.94349679348057884549979673176225995         9.57745281198131481046585573110231572E-0002
  -1.95987856713039806277539569006189117         9.58866711576811628318529549089315473E-0002
  -1.97624099756999468974932770983876021         9.60000257136925335408369686963402107E-0002
  -1.99258392330878606800623635262684313         9.61145983311521678679608633938897897E-0002
  -2.00890718304869306171229978651483604         9.62303956420858648419262130909254263E-0002
  -2.02521061568573200453763256239825595         9.63474243682385556150496811924109159E-0002
  -2.04149406031160473093476289742895223         9.64656913220898713560958979733913990E-0002
  -2.05775735621528667608021866868711751         9.65852034078873393629914048397680686E-0002
  -2.07400034288461302880531683550566227         9.67059676226975150432941173866115754E-0002
  -2.09022286000786292186146721939891409         9.68279910574753641533463258563523746E-0002
  -2.10642474747534164388467228653079558         9.69512808981522165877100843848818656E-0002
  -2.12260584538096085744342960792073418         9.70758444267426200730178665871799535E-0002
  -2.13876599402381680757392282442443352         9.72016890224704293491381064910564660E-0002
  -2.15490503390976650522622002271599694         9.73288221629144738200518012219558183E-0002
  -2.17102280575300187006518523929325070         9.74572514251741542316915269313676537E-0002
  -2.18711915047762181708994915466768396         9.75869844870553266889727811919917441E-0002
  -2.20319390921920227155607872060723311         9.77180291282768402642546647815422832E-0002
  -2.21924692332636409670503227928358232         9.78503932316981025795526571156107594E-0002
  -2.23527803436233891882608648263409735         9.79840847845680560701904091975561521E-0002
  -2.25128708410653283419667379987059640         9.81191118797959561635744427990339868E-0002
  -2.26727391455608798246797440603439076         9.82554827172443513389194224984679726E-0002
  -2.28323836792744197108366356848538468         9.83932056050446739777211771673423205E-0002
  -2.29918028665788513534092508339524642         9.85322889609358600764191465989393818E-0002
  -2.31509951340711561872420265136218201         9.86727413136264252780346432467955825E-0002
  -2.33099589105879225816367410934990198         9.88145713041804342948232756009386444E-0002
  -2.34686926272208525889209794295100645         9.89577876874278106455339480913775478E-0002
  -2.36271947173322464359549727466542529         9.91023993333994437253120030257236386E-0002
  -2.37854636165704646057511334515466345         9.92484152287875605704098585984082506E-0002
  -2.39434977628853673566017815847900296         9.93958444784318402806717830873302949E-0002
  -2.41012955965437315263332423085503597         9.95446963068317599274513550616189906E-0002
  -2.42588555601446444695286804570606251         9.96949800596856719106333010169145090E-0002
  -2.44161760986348749757877265445512258         9.98467052054571241434273447103301154E-0002
  -2.45732556593242210173181364988400216         9.99998813369689461454787296451665835E-0002
  -2.47300926919008341743834125272668041        0.100154518173025636121741221389314888      
  -2.48866856484465205873604926677887062        0.100310625560064596404879776825348495      
  -2.50430329834520182843932894600856550        0.100468213473836777251369523744329345      
  -2.51991331538322507338610215029350852        0.100627292021117301914863750688897508      
  -2.53549846189415564711149331436795942        0.100787871441446659184024763983033308      
  -2.55105858405888946491731348574116858        0.100949962108903063175345841313822379      
  -2.56659352830530263633009176869565742        0.101113574533906594124337826652800633      
  -2.58210314130976715996429970846278811        0.101278719365055748230917882644348073      
  -2.59758726999866416583147222632186361        0.101445407390997039297349004174861256      
  -2.61304576154989469016013443523396654        0.101613649542328309960397475789286986      
  -2.62847846339438796781579678780196118        0.101783456893536425774605405044451000      
  -2.64388522321760722743478129348827278        0.101954840664970041262176195086614665      
  -2.65926588896105297441028874831421485        0.102127812224848143318769761442484995      
  -2.67462030882376374689391080445069636        0.102302383091305094065709857362723898      
  -2.68994833126381433000073102448472169        0.102478564934472912380320890971985442      
  -2.70524980499981141343124556955799909        0.102656369578601550930347344834070405      
  -2.72052457901238667774856661442990585        0.102835809004217943599099509547949162      
  -2.73577250254568729457474971678257355        0.103016895350324616728986868100905749      
  -2.75099342510886382599560994228945179        0.103199640916638676646770904341609125      
  -2.76618719647755550848906030920258919        0.103384058165872005478988040423795675      
  -2.78135366669537290671781981313805372        0.103570159726053517335843305220498011      
  -2.79649268607537792255329666958246793        0.103757958392894347552243007649761358      
  -2.81160410520156114472355521220777578        0.103947467132196868841829520928792481      
  -2.82668777493031652450452185174232056        0.104138699082308449960754191553549764      
  -2.84174354639191336289997637385661450        0.104331667556620894809887516597591815      
  -2.85677127099196559478240937481515833        0.104526386046116522845212940586311349      
  -2.87177080041289835549350453863568420        0.104722868221961875234878764404747473      
  -2.88674198661541181542982548588472658        0.104921127938150055417013725471709662      
  -2.90168468183994226816625080731018955        0.105121179234192737594815948272541090      
  -2.91659873860812045769680736914539642        0.105323036337862902275144420012380271      
  -2.93148400972422713039980077358476971        0.105526713667989384235116155694472786      
  -2.94634034827664579736153270869417786        0.105732225837304345310002915895348437      
  -2.96116760763931269272042755654267793        0.105939587655344812157740709683019236      
  -2.97596564147316391372106477489055895        0.106148814131409447694103219460570744      
  -2.99073430372757972819542895320894214        0.106359920477571754232343651025127245      
  -3.00547344864182603521664579361179958        0.106572922111750936527012696686722569      
  -3.02018293074649296469856930553442492        0.106787834660841683939716694720688281      
  -3.03486260486493060174282295238666514        0.107004673963904162841695008693416537      
  -3.04951232611468182156327507025222119        0.107223456075415543172110668107388224      
  -3.06413194990891222084644631292206983        0.107444197268584416810676810385763410      
  -3.07872133195783713143500388268464126        0.107666914038729500128505864814227633      
  -3.09328032827014570225029359951507984        0.107891623106724048782738852226695911      
  -3.10780879515442203539879615840254518        0.108118341422507449550546782569241673      
  -3.12230658922056336243646793994886964        0.108347086168665491789583058099756710      
  -3.13677356738119524679413918611458182        0.108577874764080859999166922540286090      
  -3.15120958685308379839649294276488057        0.108810724867655428974874561713057243      
  -3.16561450515854488653663661379968903        0.109045654382105984235554533404019761      
  -3.17998818012685033709790397709955860        0.109282681457835032794132230768008991      
  -3.19433046989563110024428878788633778        0.109521824496878412981356513146758693      
  -3.20864123291227737473081134663238178        0.109763102156931456955724749310693898      
  -3.22292032793533567501515634125155436        0.110006533355455505785532549894265351      
  -3.23716761403590282738209359051665772        0.110252137273866624614200156257360541      
  -3.25138295059901688132250271967308329        0.110499933361808414463195097683425239      
  -3.26556619732504492243926799091549444        0.110749941341510867735127876005974981      
  -3.27971721423106777318289019028174606        0.111002181212237266501799342884838016      
  -3.29383586165226156775037833677695959        0.111256673254821176248777409283662434      
  -3.30792200024327618751183472601740651        0.111513438036295642951998500942997485      
  -3.32197549097961054336013214489450708        0.111772496414616758237392439225221305      
  -3.33599619515898469141020168989075576        0.112033869543483815978108689445575040      
  -3.34998397440270876850570318259438213        0.112297578877258344074173828440524534      
  -3.36393869065704873402223739319748183        0.112563646175984357397123403196961558      
  -3.37786020619458890448777984654458602        0.112832093510512242030396744344515846      
  -3.39174838361559126757266958452945462        0.113102943267728747060507102897667341      
  -3.40560308584935156203327258090940984        0.113376218155895628342121686501492278      
  -3.41942417615555211022535823620036283        0.113651941210099558942702785697304161      
  -3.43321151812561138983527820620692580        0.113930135797815993442451183844454501      
  -3.44696497568403033150921942160199095        0.114210825624589747998930193324374760      
  -3.46068441308973532909311722016939421        0.114494034739835135161818346088695464      
  -3.47436969493741794922825971893528828        0.114779787542758571923660183343267375      
  -3.48802068615887132708019058021722566        0.115068108788406661502338479634052684      
  -3.50163725202432323501122385210273140        0.115359023593842833958653481529585907      
  -3.51521925814376581103972126723097981        0.115652557444455718049676086705939100      
  -3.52876657046828193396224893990703237        0.115948736200402506800834115789579818      
  -3.54227905529136823204782648516154834        0.116247586103190672246119681766412593      
  -3.55575657925025471224670686773467406        0.116549133782401480739390880759388384      
  -3.56919900932722099688947944619109033        0.116853406262558859287563837354937396      
  -3.58260621285090915488577137827164409        0.117160430970147265609869564081129366      
  -3.59597805749763311446543346769510805        0.117470235740782320202022515128896709      
  -3.60931441129268464453883532821495094        0.117782848826538067700465049172308681      
  -3.62261514261163589178676108482260751        0.118098298903434847424979006827112772      
  -3.63588012018163846062439039032320813        0.118416615079091869258081645837709876      
  -3.64910921308271902321796997258941751        0.118737826900548711132183168990675385      
  -3.66230229074907144676702790686918830        0.119061964362260078481388873372001010      
  -3.67545922297034542529935599057964833        0.119389057914268294220711856884778289      
  -3.68857987989293160326048464581300046        0.119719138470558120293927217315540685      
  -3.70166413202124317821399934681908149        0.120052237417598648741190902086696202      
  -3.71471185021899397000379732428304556        0.120388386623077141744230510700870706      
  -3.72772290571047294376425789231895928        0.120727618444829846382568697894741656      
  -3.74069717008181517419929883355321864        0.121069965739974961058159576173207534      
  -3.75363451528226923858641451704839324        0.121415461874253086904744210244285873      
  -3.76653481362546102599703846646632585        0.121764140731580659186683098639996730      
  -3.77939793779065395025994359391505187        0.122116036723822020912657255038286561      
  -3.79222376082400555422988691927459976        0.122471184800785973853609206620551891      
  -3.80501215613982049295932195514472443        0.122829620460452821081684447602395515      
  -3.81776299752179988340674070238372165        0.123191379759438100267106353550980289      
  -3.83047615912428700835106801778476733        0.123556499323699398521988572855701833      
  -3.84315151547350936221751362983273108        0.123925016359492837813368427216663962      
  -3.85578894146881702655639093556731062        0.124296968664586025142213517884018913      
  -3.86838831238391736295263655501723128        0.124672394639734474071963067459292789      
  -3.88094950386810601118011009194030894        0.125051333300428724072163612348274159      
  -3.89347239194749418045121929199061983        0.125433824288919611815042743911038131      
  -3.90595685302623222164900144203429212        0.125819907886529384333362074516313394      
  -3.91840276388772946846549705606429454        0.126209625026256588137969989907571015      
  -3.93081000169587033540707628175618468        0.126603017305682921338588273335903500      
  -3.94317844399622666066432167371954560        0.127000127000190497861726322716197134      
  -3.95550796871726628188113265031896879        0.127400997076498244380905458973805847      
  -3.96779845417155783289489671478028410        0.127805671206526431948496429573851649      
  -3.98004977905697174955687001121314384        0.128214193781598635944335994280998933      
  -3.99226182245787747277932463405861234        0.128626609926990720250641093717388639      
  -4.00443446384633683699355194604098405        0.129042965516836754961040169731654854      
  -4.01656758308329363224045961454222355        0.129463307189402101888880539716959274      
  -4.02866106041975932815326477785048362        0.129887682362734239132038763451812468      
  -4.04071477649799494812966632823845230        0.130316139250702245475570269383033003      
  -4.05272861235268908202887537443703150        0.130748726879436227989696489941581741      
  -4.06470244941213202576699414677907282        0.131185495104178352352687469647718055      
  -4.07663616949938603622245955795429416        0.131626494626557525765030821428885976      
  -4.08852965483345168990160795366568065        0.132071777012300187418051909186267687      
  -4.10038278803043033385287190210574708        0.132521394709390081959656813393279654      
  -4.11219545210468261735668779954986538        0.132975401066690327913928864952365866      
  -4.12396753046998309295687423084317515        0.133433850353041546242251770288245073      
  -4.13569890694067087543803503637023809        0.133896797776850284895863290897168451      
  -4.14738946573279634739244751836118568        0.134364299506182464051395955462067261      
  -4.15903909146526390005891478511331679        0.134836412689377074525639934602969933      
  -4.17064766916097069815519149679572243        0.135313195476195889454386937249726858      
  -4.18221508424794145746483385475617052        0.135794707039525497552962949917238469      
  -4.19374122256045922397867718036616582        0.136281007597648536054430567052031188      
  -4.20522597034019214343060747102799264        0.136772158437101593690430521882772014      
  -4.21666921423731621010686651054275914        0.137268221936137869830021235125206271      
  -4.22807084131163398384781305802928631        0.137769261588813316162673067244145397      
  -4.23943073903368926420085495233565255        0.138275342029715653192584647310757807      
  -4.25074879528587771072316825466419785        0.138786529059356346446033368932435930      
  -4.26202489836355339847282941712711681        0.139302889670246347881268998168826865      
  -4.27325893697613129776710451428245873        0.139824492073677157790671815089016046      
  -4.28445080024818566732686541242015446        0.140351405727229542819361478511282850      
  -4.29560037772054434996643598046211528        0.140883701363033057981088253898090239      
  -4.30670755935137896002861166873654541        0.141421451016800366188705957287449027      
  -4.31777223551729095180514259845595342        0.141964728057661229364008136916869031      
  -4.32879429701439355822362331529001686        0.142513607218821962259015762395692761      
  -4.33977363505938958912249116374979128        0.143068164629077095398676181525566681      
  -4.35071014129064507847669943291580432        0.143628477845200988820612379870316918      
  -4.36160370776925876997760060503607172        0.144194625885248175409645191154813392      
  -4.37245422698012743041164880234213002        0.144766689262792293568395799504364018      
  -4.38326159183300698032370846869977622        0.145344750022134595797420854575874679      
  -4.39402569566356943149203803501729417        0.145928891774514194653858274862116331      
  -4.40474643223445562078340239324313694        0.146519199735353432805207898854127586      
  -4.41542369573632372999825603484376018        0.147115760762573041903836992521056310      
  -4.42605738078889358135752928639019562        0.147718663396013088314695156992643879      
  -4.43664738244198669832424278681688587        0.148327997897997095004950871546733828      
  -4.44719359617656212149496978655810155        0.148943856295078180963874939266203725      
  -4.45769591790574796933806159562159111        0.149566332421007575329344489075777525      
  -4.46815424397586873359754815223201859        0.150195521960967446078754995731576514      
  -4.47856847116746829922372281147811730        0.150831522497111635991168169665623618      
  -4.48893849669632867873361764894589908        0.151474433555459625077842070146102213      
  -4.49926421821448445094687242114616415        0.152124356654190842473638178676148222      
  -4.50954553381123289408489640519540230        0.152781395353388335747436463399613073      
  -4.51978234201413980326371723625257595        0.153445655306282775804529088285991714      
  -4.52997454179004098245350415324285290        0.154117244312049835323528116191133652      
  -4.54012203254603940102044433103451726        0.154796272370216132540543822347315486      
  -4.55022471413049800500943979913138073        0.155482851736731184965328296898970011      
  -4.56028248683402817336897840079177572        0.156177096981765174359623047295091338      
  -4.57029525139047380936251490901939639        0.156879125049294790386569749920225820      
  -4.58026290897789105745377736286959551        0.157589055318542001416672543679919607      
  -4.59018536121952363599658849380510121        0.158307009667333303039924040779695737      
  -4.60006251018477377610306235129994817        0.159033112537449824219755408873997653      
  -4.60989425839016875710740148246959940        0.159767491002041634433603379970164324      
  -4.61968050880032302908597984420149146        0.160510274835182699668278309466272677      
  -4.62942116482889591293795059914263768        0.161261596583646188282050951604819870      
  -4.63911613033954486857426563910924463        0.162021591640983237457069188920526000      
  -4.64876530964687432180673466023255515        0.162790398323991865663007633323428043      
  -4.65836860751738004057258545173938900        0.163568157951666465153889018710028769      
  -4.66792592917038905117391332206298750        0.164355014926722240476092811830127564      
  -4.67743718027899508525542583845508155        0.165151116819793084296090285772684869      
  -4.68690226697098954828799886498145861        0.165956614456405711186391703376113475      
  -4.69632109582978800036976081338454329        0.166771662006837414608252175776951098      
  -4.70569357389535214020071363554231398        0.167596417078969584159314557123913119      
  -4.71501960866510728313128094800296483        0.168431040814254131907965359470557844      
  -4.72429910809485532422964535029797589        0.169275697986915241792623080259264676      
  -4.73353198059968317735729804051528411        0.170130557106514388940017921249812761      
  -4.74271813505486668128687380414944276        0.170995790524012391563092363565464413      
  -4.75185748079676996394108291486002818        0.171871574541468373003929139517135543      
  -4.76094992762374025587637799691230284        0.172758089525521942679654225823474110      
  -4.76999538579699814417990801632582746        0.173655520024811670452102562958945101      
  -4.77899376604152325799331284783320802        0.174564054891490048726940090330685624      
  -4.78794497954693537692199986350770702        0.175483887407002631097957362857664619      
  -4.79684893796837095363371826135514298        0.176415215412306927630046517054730792      
  -4.80570555342735504199550695242999699        0.177358241442714948397332939571490139      
  -4.81451473851266862214343730642955316        0.178313172867552043675653793426992994      
  -4.82327640628121131392500247070113120        0.179280222034833917893323787415091703      
  -4.83199047025885947019951987778657006        0.180259606421173423499947054744160438      
  -4.84065684444131964152751249281117757        0.181251548787139000644235017707254529      
  -4.84927544329497740382571687415827302        0.182256277338297451316633647150558304      
  -4.85784618175774154061013177808738230        0.183274025892185156952995763879486499      
  -4.86636897523988357149536937856520081        0.184305034051463903298941886966110439      
  -4.87484373962487261866450174507939269        0.185349547383530205008579711050288445      
  -4.88327039127020560306960757027954087        0.186407817606860467112816092737700833      
  -4.89164884700823276216931781181420755        0.187480102784388526172263964529140922      
  -4.89997902414697848105583345378176939        0.188566667524227128793433805328571560      
  -4.90826084047095742887014354706171083        0.189667783188060780774886906700472345      
  -4.91649421424198599245050659792448328        0.190783728107554191636955037464707213      
  -4.92467906419998899920567278342499432        0.191914787809138305764757087915289895      
  -4.93281530956380172125081792207599459        0.193061255247554716170559448416565005      
  -4.94090287003196715289073216030124153        0.194223431048559167820795403417247375      
  -4.94894166578352855358145648953738647        0.195401623761205947349162747332405673      
  -4.95693161747881724854828802516977027        0.196596150120157302865449841388323983      
  -4.96487264626023567928487999556603235        0.197807335318485725270911452513871356      
  -4.97276467375303569620504414536611033        0.199035513291462040992577115767956776      
  -4.98060762206609208576582128919366732        0.200281027011848912026532985614338347      
  -4.98840141379267132442741959661560618        0.201544228797247616543916222657772744      
  -4.99614597201119555186272938228785642        0.202825480630076003801873205109274743      
  -5.00384122028600175587630725183856771        0.204125154490787400930568110237362112      
  -5.01148708266809616153998094846609989        0.205443632704974125735124626963034714      
  -5.01908348369590381709955869104693333        0.206781308305035268310520010247380265      
  -5.02663034839601336925453272460522649        0.208138585407126695165209211482150163      
  -5.03412760228391702046014575041425019        0.209515879604151964546536936858886494      
  -5.04157517136474566094874039718204396        0.210913618375596195336338770767428511      
  -5.04897298213399916821493546740533323        0.212332241515051092632648513141525770      
  -5.05632096157827186675686787403178114        0.213772201576328504364148902896817582      
  -5.06361903717597314091350550131853065        0.215233964339112284741230752648301051      
  -5.07086713689804319368587320878077305        0.216718009295154109547920426481225766      
  -5.07806518920866394447794137625570453        0.218224830156078482092365996240685546      
  -5.08521312306596505874090328854050880        0.219754935383925765016239190450284614      
  -5.09231086792272510255261380628498380        0.221308848745629973060372951120054091      
  -5.09935835372706781521207669163427200        0.222887109892700591319027498045520036      
  -5.10635551092315349297705117764986316        0.224490274967455195888221168680446421      
  -5.11330227045186547712109941423874054        0.226118917237232532427500875317521825      
  -5.12019856375149173953471481397287870        0.227773627758104368997031208956079106      
  -5.12704432275840155914355658190131486        0.229455016069699334339561807680860781      
  -5.13383947990771728246526736670163866        0.231163710922853572413093396264042087      
  -5.14058396813398116167486853808884007        0.232900361041911922161461945537218473      
  -5.14727772087181726359731059844805250        0.234665635923620048920212809200240515      
  -5.15392067205658844309440419568938453        0.236460226674673142689913719513106005      
  -5.16051275612504837436206963920186931        0.238284846890121147502170507055034173      
  -5.16705390801598863370261925073765144        0.240140233574974746087717020092980347      
  -5.17354406317088082738562682568305247        0.242027148111511314121219637816891907      
  -5.17998315753451375825984145543976326        0.243946377274946672637301097771968101      
  -5.18637112755562562482756848589430323        0.245898734300317682614869330941228198      
  -5.19270791018753124654196797692724117        0.247885060003613610100504403300558722      
  -5.19899344288874430913681019972286904        0.249906223960401911874541502986381546      
  -5.20522766362359462384737797779485763        0.251963125745417929629664603275811755      
  -5.21141051086284039443041655905048213        0.254056696236829336351584159074602622      
  -5.21754192358427548594030271418380520        0.256187898989146588709767943205665028      
  -5.22362184127333168926793540493182018        0.258357731679031790013198696836635776      
  -5.22965020392367597549824016737331344        0.260567227628562111503589641452970495      
  -5.23562695203780273419162782304081798        0.262817457410832290804101433729773135      
  -5.24155202662762098974425477611494687        0.265109530543135964108844388480303319      
  -5.24742536921503659003149648976719475        0.267444597273350158024168219035018777      
  -5.25324692183252936158866726963176907        0.269823850465563883741986310574289870      
  -5.25901662702372522563269772767488529        0.272248527591443435526336562374734212      
  -5.26473442784396326927821576508684622        0.274719912834317003226267933625834662      
  -5.27040026786085776635126710738905249        0.277239339313493216922482216400903743      
  -5.27601409115485514225375685731582665        0.279808191436906289397193999257875684      
  -5.28157584231978587738159370924516281        0.282427907390808978710450009083986178      
  -5.28708546646341134364947290051872779        0.285099981775918610635572436298709817      
  -5.29254290920796556872524216687949820        0.287825968400166370227269773775163575      
  -5.29794811669069192262685642790466777        0.290607483239012088573442541741734489      
  -5.30330103556437472138504115963558318        0.293446207575172587265965999545080616      
  -5.30860161299786574252495092099806774        0.296343891330578831939901303897907371      
  -5.31384979667660564717032779294263762        0.299302356604434074212809948334223922      
  -5.31904553480314030362393406888021101        0.302323501432401176336133195086139303      
  -5.32418877609763200732835390580481415        0.305409303783212845059274922254196908      
  -5.32927946979836559216162931083849751        0.308561825810385201370946700638010200      
  -5.33431756566224942807261630066727519        0.311783218378236009736044182221387313      
  -5.33930301396531130011141683383057259        0.315075725883078570797413750899147360      
  -5.34423576550318916396076067996440424        0.318441691392297095084229596853415266      
  -5.34911577159161677312477825728239487        0.321883562126027670198034622860954535      
  -5.35394298406690417298222014073420105        0.325403895308391326116613604231602339      
  -5.35871735528641305696184091886162696        0.329005364417675385532924713171786995      
  -5.36343883812902698014837385736536958        0.332690765867562383831083306499944906      
  -5.36810738599561642567827791132485454        0.336463026154491823301746935562026323      
  -5.37272295280949871933523951494767058        0.340325209509542168787618815091703914      
  -5.37728549301689278780625776627957277        0.344280526096876435529507314354611486      
  -5.38179496158736875611003261264947230        0.348332340804847091179919445732672200      
  -5.38625131401429237976031092848279920        0.352484182680353137595850291115462535      
  -5.39065450631526430727782445778035472        0.356739755062039064294044937595512007      
  -5.39500449503255416871547596588535242        0.361102946473484334678925095153178615      
  -5.39930123723352948591249510557860379        0.365577842343724335671707172063452411      
  -5.40354469051107940024439294705808313        0.370168737629350483524049906831570416      
  -5.40773481298403321368669334556475559        0.374880150420151224642352197698226198      
  -5.41187156329757373906160981948919358        0.379716836618883221743786304583551994      
  -5.41595490062364545538806788050371331        0.384683805795424873339259773842340000      
  -5.41998478466135746430674428998051765        0.389786338326402384632180140257044517      
  -5.42396117563738124360310600664834743        0.395030003943552878437834952402469520      
  -5.42788403430634319390278213268668127        0.400420681827785089058380307526070713      
  -5.43175332195121197466499145244845904        0.405964582401330355941342815166258301      
  -5.43556900038368062565117568254812071        0.411668270987792944485577050227976920      
  -5.43933103194454347009745380658257210        0.417538693529596724573022857154347368      
  -5.44303937950406779587101534432717207        0.423583204574619005750079297219377440      
  -5.44669400646236031094210959555839731        0.429809597769090781627775267519512287      
  -5.45029487674972836955486329402841524        0.436226139122579515212128284517305361      
  -5.45384195482703596553177019852611793        0.442841603343586428514662029232836739      
  -5.45733520568605448919834242602352791        0.449665313581606755255561772203464575      
  -5.46077459484980824446609428689804054        0.456707184954148838857425517029476382      
  -5.46416008837291472266374450406952619        0.463977772286046136320372057623865003      
  -5.46749165284191962975827147618944857        0.471488322544439999839452796886978669      
  -5.47076925537562666365923816902746125        0.479250832517261490985783654481918820      
  -5.47399286362542203835161777785253650        0.487278112357322279582941362498371414      
  -5.47716244577559375165419798551196331        0.495583855699932962509555769198571730      
  -5.48027797054364559345251993436661996        0.504182717161324097037024802121147012      
  -5.48333940718060589130721742322694801        0.513090398140470285446208950022189311      
  -5.48634672547133099039056182062634027        0.522323741981114060332820435436041895      
  -5.48929989573480346475598824054055198        0.531900839707348801454481599722120787      
  -5.49219888882442505699737814308971543        0.541841147729268478169960352823801247      
  -5.49504367612830434340690218762852360        0.552165619130039364502570804518603789      
  -5.49783422956953912179228436543803836        0.562896850398510465602403831846162220      
  -5.50057052160649351916643366019599378        0.574059245769738072638169630032460302      
  -5.50325252523306981657450221246118756        0.585679201688840747615617857590883949      
  -5.50588021397897498837556868523007551        0.597785314332837089922853105057790583      
  -5.50845356190998195334831172661192854        0.610408613624633930381084747307492185      
  -5.51097254362818553504223058796367246        0.623582827770579145726982863117009275      
  -5.51343713427225312884818756631106889        0.637344683069689143029730376087351401      
  -5.51584730951767007331428948319268879        0.651734244605953799876909042044272674      
  -5.51820304557697972328539237258414692        0.666795304479103559865778231097840989      
  -5.52050431920001822249680441243866936        0.682575825496915706717776232095391103      
  -5.52275110767414397330507638152651289        0.699128449798103088847577692598856876      
  -5.52494338882446180129110603934948741        0.716511083768637220646841903892427960      
  -5.52708114101404181252314229540172839        0.734787572945199107577992722202796706      
  -5.52916434314413294131965633817708410        0.754028483482333952153515633618243865      
  -5.53119297465437118640444951710463451        0.774312010344010472445924945609552635      
  -5.53316701552298253339879119483434773        0.795725036860441282985395735829834627      
  -5.53508644626698056164782349559649840        0.818364375923216547939555622075589748      
  -5.53695124794235873343093335012318563        0.842338230214874224752408377867836771      
  -5.53876140214427736365827496105458081        0.867767917934757081505905061821438424      
  -5.54051689100724526820812726687331119        0.894789922098469217159565829957525116      
  -5.54221769720529608911229064904930478        0.923558336475938421425742825357488056      
  -5.54386380395215929484926448788673338        0.954247800717092400920707415065980772      
  -5.54545519500142585405750170902174641        0.987057042744917733250061481660851938      
  -5.54699185464670858103360765593248725         1.02221318023274722838949011444804798      
  -5.54847376772179715143293795533493051         1.05997697796539046699163318019841448      
  -5.54990091960080778664265299293370490         1.10064931843744990676656653912053142      
  -5.55127329619832760534990466750629513         1.14457922539523451334583044742857581      
  -5.55259088396955364088046372240303167         1.19217389326415352427550627666400263      
  -5.55385366991042652293574264578115637         1.24391133294847560137212581453093999      
  -5.55506164155775882240882936465751450         1.30035646648556962868559226064577941      
  -5.55621478698935805801282021342568101         1.36218182017278770189913846898084422      
  -5.55731309482414436350742641497597468         1.43019442563241507344528988840845337      
  -5.55835655422226281436252605199351449         1.50537121594976435006716553340731097      
  -5.55934515488519041275004270728500827         1.58890622052397003822900335140572877      
  -5.56027888705583772980825209488059147         1.68227441692494828369231982715612542      
  -5.56115774151864520417534856784643762         1.78731952719671907487253298425449845      
  -5.56198170959967409584184385379745807         1.90637693268206005686428944831476372      
  -5.56275078316669209442412021449027239         2.04244926662915775853710790159904384      
  -5.56346495462925358101421893098497268         2.19946304953979329826589015789552435      
  -5.56412421693877454281371205998294502         2.38265364219162434436938090654999797      
  -5.56472856358860213981228026928772854         2.59916017303626094356277076443258504      
  -5.56527798861407892282440172002999411         2.85897742203619092135262772040876155      
  -5.56577248659260170225034589940762206         3.17654229372632673926306692320662208      
  -5.56621205264367506698046149921200389         3.57351014507171757760708245681238961      
  -5.56659668242895955291454836127496470         4.08391082291759185927168663102082482      
  -5.56692637215231446062090965005316239         4.76446073888944904068759881805209548      
  -5.56720111855983532171249124369330085         5.71724943417326958385606091341029744      
  -5.56742091893988601357033033687031098         7.14645599146604971093245177772916659      
  -5.56758577112312552209735390019915671         9.52849827082741773059887656801791023      
  -5.56769567348252935223838942079027980         14.2926298530861096930077734370974656      
  -5.56775062493340558605507473521926880         28.5851186436851803760550734357664015      
