   9.81024967590665397665361524559557438         3.62312964174889178092533665125318791E-0013
   9.81020126430478238599785193480758503         3.62557699611533655222888184310049882E-0013
   9.81005602997697057994881706548826813         3.63292881555258909345163885850670508E-0013
   9.80981397435662274053889907452058163         3.64521443277757102832102504502230168E-0013
   9.80947509983273011879403179191724706         3.66248294856739841876143895399612959E-0013
   9.80903940974984745635452160043434837         3.68480355314013610811490609363362394E-0013
   9.80850690840805997606999881896628908         3.71226598012599681624319924428840623E-0013
   9.80787760106294094189428281111598639         3.74498109722199085471638113993602760E-0013
   9.80715149392549978849902752285812723         3.78308163887167273836097179396687512E-0013
   9.80632859416212082111808722169186334         3.82672308762115380717697573396910623E-0013
   9.80540890989449248622761022551913984         3.87608471218815193862888061216945980E-0013
   9.80439245019952721375993045414190364         3.93137077175876820282455468676269417E-0013
   9.80327922510927183164238179126120869         3.99281189761442172015905436164294787E-0013
   9.80206924561080855354520759176662008         4.06066666490795928350835794939137139E-0013
   9.80076252364614654081577628958584481         4.13522336927419361690584923839687489E-0013
   9.79935907211210403966934303716834176         4.21680202499890843047113802347387849E-0013
   9.79785890486018109479961572064446291         4.30575660370701509273447859644904501E-0013
   9.79626203669642284066539062677929835         4.40247753499316329664460644302969962E-0013
   9.79456848338127337180251757108682500         4.50739449313801630873122978238390574E-0013
   9.79277826162942019360343551306688357         4.62097949706560192434142507696829926E-0013
   9.79089138910962925509948666678767112         4.74375035404085793345360359744954112E-0013
   9.78890788444457056537416894541343767         4.87627448132573480415816928127702990E-0013
   9.78682776721063439532842233937371380         5.01917314415652311715803210773242788E-0013
   9.78465105793773806661196360244830489         5.17312615303023305073131063165791321E-0013
   9.78237777810912332962758449103075997         5.33887706845681096087583058586362240E-0013
   9.78000795016114433260821085233771140         5.51723896711782735543719395712599622E-0013
   9.77754159748304618385938217064438832         5.70910082985139661478275387344097359E-0013
   9.77497874441673410935265284023389705         5.91543461914847051399610737995364143E-0013
   9.77231941625653320794823652333996881         6.13730312200034349515369423666634193E-0013
   9.76956363924893880661801255484304927         6.37586864309805381749986807656972217E-0013
   9.76671144059235741813278755697274420         6.63240264368391591830420794435555419E-0013
   9.76376284843683830377045531113213956         6.90829643294416954619884196565648497E-0013
   9.76071789188379564369442258478712724         7.20507303188065567211987812438256154E-0013
   9.75757660098572131774436711400205063         7.52440034430289566134672801540644010E-0013
   9.75433900674588829947406538175465795         7.86810578616105566668640944139402663E-0013
   9.75100514111804466636367129399905575         8.23819254314667448411933602671344095E-0013
   9.74757503700609822922644142521129279         8.63685764760831574992984209136687989E-0013
   9.74404872826379178392248726878023995         9.06651208969005122594165527372855601E-0013
   9.74042624969436898858468897132200193         9.52980320457423421811439277903719536E-0013
   9.73670763705023086965442744032843184         1.00296396082211370157413251882019722E-0012
   9.73289292703258296011728157835048243         1.05692189885315128049291538444141143E-0012
   9.72898215729107307342129380132740605         1.11520590979676494821648691024005511E-0012
   9.72497536642341971665282903119596579         1.17820323379866077795916575781938648E-0012
   9.72087259397503114663743910138170138         1.24634043758892626751780288507261843E-0012
   9.71667388043861507272549506636677912         1.32008772916976663247264456104104138E-0012
   9.71237926725377901011466335178369324         1.39996378173877221936744843513882046E-0012
   9.70798879680662128765357710830438706         1.48654113043080297568380503640383211E-0012
   9.70350251242931271416329063025908907         1.58045221381506045400886669804007760E-0012
   9.69892045839966890740530135809145061         1.68239614158280077547502134820639919E-0012
   9.69424267994071328991707989249233898         1.79314628066860036040183939148896499E-0012
   9.68946922322023075602816269781265416         1.91355876435132920840135131533553504E-0012
   9.68460013535031201446193385400492693         2.04458204289490110943113357598265880E-0012
   9.67963546438688861102025042117427276         2.18726761026023467688621806647315305E-0012
   9.67457525932925863594004980055001655         2.34278205963221448040263770804886753E-0012
   9.66941957011960312060301600247694060         2.51242064128472607488069751159064104E-0012
   9.66416844764249312837127405847347487         2.69762252002790795453623413487224404E-0012
   9.65882194372438754441392703357303276         2.89998795657593799605974075930711612E-0012
   9.65338011113312156948104730057895525         3.12129766813747821293575735851514946E-0012
   9.64784300357738592267348202352173167         3.36353465893619848116671468343263893E-0012
   9.64221067570619675834853125799071001         3.62890885187451532682692297695005267E-0012
   9.63648318310835630239320480609490728         3.91988489891942116965124907808045955E-0012
   9.63066058231190421318836005906220967         4.23921360089110910195276752869148232E-0012
   9.62474293078355967267856661689720648         4.58996742818386070398603587302270629E-0012
   9.61873028692815421305403358858686697         4.97558070371123671142301134307043736E-0012
   9.61262271008805528464237124509991015         5.39989508939159020029511720886141454E-0012
   9.60642026054258057069933921843580633         5.86721110933230260150901342233105773E-0012
   9.60012299950740305487905781135421531         6.38234654833163433705447931055266091E-0012
   9.59373098913394684725542630282034435         6.95070268547684446065578413573741571E-0012
   9.58724429250877377485770150286492049         7.57833946188391825238207780960013275E-0012
   9.58066297365296074277434032727929679         8.27206084178438151605149000458118733E-0012
   9.57398709752146787197030092772802866         9.03951181044465429433811200979038044E-0012
   9.56721673000249742005402702743390215         9.88928866454038951018878471693377911E-0012
   9.56035193791684349132130867814338925         1.08310644949328662884940814375500760E-0011
   9.55339278901723254249411877279089352         1.18757320433270348694447772618713000E-0011
   9.54633935198765469066336742294117358         1.30355664388532852573414446864445016E-0011
   9.53919169644268583003529484411946675         1.43244106949619131345885966723986223E-0011
   9.53194989292680056417193678959076235         1.57578872789898097415704455391548389E-0011
   9.52461401291367596050674393871848136         1.73536395654546894128087217237374218E-0011
   9.51718412880548613400701708506593812         1.91316075601242874904443805941910593E-0011
   9.50966031393218766694533258790877601         2.11143429474787179034426510740674723E-0011
   9.50204264255079587183257645548022500         2.33273692836091368200357506765660250E-0011
   9.49433118984465190465557972642859086         2.57995940464730668811732795982050582E-0011
   9.48652603192268073565265161567012468         2.85637802850611261554350675469177861E-0011
   9.47862724581863998495053930080824248         3.16570868008821883895420753080027177E-0011
   9.47063490949035963047650335500442284         3.51216871753850172490549968668990658E-0011
   9.46254910181897259564928479178312969         3.90054795559377439876226624605844024E-0011
   9.45436990260813622444275258761065433         4.33629009662243707022617834955271408E-0011
   9.44609739258324465150595850081495672         4.82558620556772348998398551951545423E-0011
   9.43773165339063207511318812285920230         5.37548206949568664656023541657739494E-0011
   9.42927276759676694080738249324267873         5.99400157165935895843815124883458587E-0011
   9.42072081868743704369001239623388178         6.69028854571003517737624468032748814E-0011
   9.41207589106692555740011675086174619         7.47476996554034043489143929106000024E-0011
   9.40333807005717799791476642049769599         8.35934377912637602173136980977149016E-0011
   9.39450744189696013039268442113162441         9.35759522102623247713532958341245651E-0011
   9.38558409374100682737214201504985105         1.04850460500020876568953105140301951E-0010
   9.37656811365916188672355665683407854         1.17594418697026091479176165776457306E-0010
   9.36745959063550881784644132999838568         1.32010835179810030629131917989169562E-0010
   9.35825861456749260468949459456582940         1.48332094735124521575094559627817175E-0010
   9.34896527626503245426167577868351938         1.66824373494341863352657089349222400E-0010
   9.33957966744962553939107931204717133         1.87792738490735858412909186100521284E-0010
   9.33010188075344174457730533735934465         2.11587040791995785537078878651583320E-0010
   9.32053200971840942387181957103919651         2.38608728875616081564233438421515747E-0010
   9.31087014879529217980950303955666597         2.69318729557677526267864872173464546E-0010
   9.30111639334275667250321091757155768         3.04246567848974975349705957133099569E-0010
   9.29127083962643146810168836388854159         3.44000925170500980924398164416780030E-0010
   9.28133358481795693589962911735012448         3.89281868084209109168014285563357322E-0010
   9.27130472699402620347700880433528611         4.40895017869734777543064720065100801E-0010
   9.26118436513541717933307855057044794         4.99767975821412226728449246407620564E-0010
   9.25097259912601565256856471146395005         5.66969371126295661358233373956251009E-0010
   9.24066952975182947925768646703943446         6.43730958869004450517221077806823905E-0010
   9.23027525869999386523957380059235673         7.31473266562331192062316433279893700E-0010
   9.21978988855776775514654312619107568         8.31835370342432718173719040180903343E-0010
   9.20921352281152133757446568180165333         9.46709478604720681183328019046440969E-0010
   9.19854626584571467638814389580125976         1.07828111374341785484431457733274750E-0009
   9.18778822294186747824219239959223628         1.22907581454574234408131261590534138E-0009
   9.17693950027752000648540233354339178         1.40201343589963206145038251214333451E-0009
   9.16600020492518515170394921415545040         1.60047130256702502126478379675009894E-0009
   9.15497044485129166924608503475227846         1.82835768425705442678758102826748111E-0009
   9.14385032891511859415813359871626833         2.09019730525610240610251256249543953E-0009
   9.13263996686772084404868347290026915         2.39123088945851995702333609089754764E-0009
   9.12133946935084602048484453996054650         2.73753107783723700628803137304325718E-0009
   9.10994894789584241961130106359126186         3.13613744843370455437708456774345797E-0009
   9.09846851492255826276965560265900440         3.59521382846014496389748960883218477E-0009
   9.08689828373823215798221316273593715         4.12423162534820642463089212237888566E-0009
   9.07523836853637480325090280126179360         4.73418353169892196452609501312520036E-0009
   9.06348888439564194270847365133594911         5.43783269345617007636103459019053016E-0009
   9.05164994727869858674543314582593048         6.25000328919002262716372332480819695E-0009
   9.03972167403107450732241625602753109         7.18791947210062351362913796148590630E-0009
   9.02770418238001101976378495655742376         8.27160079971258812091030268400746085E-0009
   9.01559759093329906241425604062704222         9.52432364779118050104901305205569742E-0009
   9.00340201917810858562624198856178248         1.09731597081069146526225802093821715E-0008
   8.99111758747980926163136298972671075         1.26496045431840323520694011638058165E-0008
   8.97874441708078252693524758734978894         1.45903113604235191144737140203548797E-0008
   8.96628263009922496896028391167305077         1.68379477258302438943579624701629898E-0008
   8.95373234952794306874641224512138324         1.94421959255546555127669464637013828E-0008
   8.94109369923313931160536188061006160         2.24609211732688685907699119494469106E-0008
   8.92836680395318967770893004871886407         2.59615359364769641057855131382219584E-0008
   8.91555178929741252467697726040393368         3.00225934122862628076066112952664901E-0008
   8.90264878174482887431577089952723555         3.47356487358184966768363152731438921E-0008
   8.88965790864291411574214646526137911         4.02074329834955478438465201638516388E-0008
   8.87657929820634113721367267106204833         4.65623925912478801517941879968616299E-0008
   8.86341307951571489906960181827094753         5.39456556211014316378557564843418594E-0008
   8.85015938251629846027185964359807512         6.25264965837165325041089457838393026E-0008
   8.83681833801673047111967835702130167         7.25023834970305861661353531086736983E-0008
   8.82339007768773414479570200753788749         8.41037048075665554767140147677636610E-0008
   8.80987473406081772048549380743576489         9.75992900399081772033524561697711433E-0008
   8.79627244052696643089634978128430199         1.13302856939842936787729638740633453E-0007
   8.78258333133532598708517125487812674         1.31580539863526017479349254896772482E-0007
   8.76880754159187759358886943435589900         1.52859679730216407398799397183009105E-0007
   8.75494520725810450693436782036906671         1.77639085566466707588841107478410768E-0007
   8.74099646514965015068873163146916106         2.06501012178059032016690585065164385E-0007
   8.72696145293496780029328695106603083         2.40125138543871251801204877528185786E-0007
   8.71284030913396185100879514091489248         2.79304877996950714215818439442913442E-0007
   8.69863317311662068238181935993909596         3.24966405134012117453990410059864602E-0007
   8.68434018510164113272535897040776967         3.78190846812449838920987933869054710E-0007
   8.66996148615504459718963338548919800         4.40240156855894314983536099290262046E-0007
   8.65549721818878476308156869573233942         5.12587277684390976315593250124549779E-0007
   8.64094752395934699617407739115316469         5.96951288713706551670574957879549926E-0007
   8.62631254706633939182862285571289449         6.95338352968489219779201316999690390E-0007
   8.61159243195107550483682523880347161         8.10089402132292891330953360715158536E-0007
   8.59678732389514877196899299198021349         9.43935648720543752784413420318408836E-0007
   8.58189736901899864129945398803535277         1.10006318505317192930367047988669241E-0006
   8.56692271428046842246041090438465734         1.28218812543939633312192064479594917E-0006
   8.55186350747335487205775664580850141         1.49464397410206531945616281059194171E-0006
   8.53671989722594952856385619639296847         1.74248316095822879359575352905262810E-0006
   8.52149203299957181108373062198714260         2.03159498504009032668558746034880877E-0006
   8.50618006508709389647236618895458736         2.36884254624850102253885967147419842E-0006
   8.49078414461145738936201592017824912         2.76222163605231432763582965740484421E-0006
   8.47530442352418179973936157431637472         3.22104500311702096760012062766995698E-0006
   8.45974105460386484279326020975870670         3.75615591781721922032245560906135418E-0006
   8.44409419145467457583451038257949529         4.38017553807999233421816011188328601E-0006
   8.42836398850483338716963783144268664         5.10778923675786903751257318084695496E-0006
   8.41255060100509385189111842674308494         5.95607779733991458214335942059482508E-0006
   8.39665418502720646962672641257285565         6.94490023077470420763427600278534114E-0006
   8.38067489746237929937081775615034355         8.09733592291980584205355534622724000E-0006
   8.36461289601972950660033094936838521         9.44019490200284882701498319553262669E-0006
   8.34846833922472683795811009181522087         1.10046062317570438865703617431226584E-0005
   8.33224138641762903886582673617733634         1.28266959027451766094085595019482170E-0005
   8.31593219775190922950829700902283977         1.49483671267964644009586054311686580E-0005
   8.29954093419267525471035814775580360         1.74181976531463703807451237324949457E-0005
   8.28306775751508102330668303469991917         2.02924706360367321490325365839413826E-0005
   8.26651283030272985268397177999926163         2.36363577087767899253264230487339764E-0005
   8.24987631594606983425386512601994783         2.75252752751910806619212140868478290E-0005
   8.23315837864078123569367463843160398         3.20464376322403768570513247489237631E-0005
   8.21635918338615595587061853590888487         3.73006334028055036311774670052615537E-0005
   8.19947889598346904844368881573123359         4.34042548991215444904597734630787898E-0005
   8.18251768303434233021555428233378770         5.04916134668766967357904597748770572E-0005
   8.16547571193910009038502440749228233         5.87175775861424397780276434723669745E-0005
   8.14835315089511691692855987329393537         6.82605745324258265198508445181536558E-0005
   8.13115016889515765641711640291181940         7.93260007280000920242585420804826823E-0005
   8.11386693572570952365224830160000313         9.21500905319030101155684721235642427E-0005
   8.09650362196530637758287624498726669         1.07004298109244310493694611072761960E-0004
   8.07906039898284518004143949899059034         1.24200252158283186280212582290517667E-0004
   8.06153743893589465391530517242185818         1.44095348615128644033838394515535302E-0004
   8.04393491476899615744629552815883259         1.67099051942555165909597527249261265E-0004
   8.02625300021195679142801805175008137         1.93679981163521035109976833008384613E-0004
   8.00849186977813475614734113930428505         2.24373862320755605851481414006524482E-0004
   7.99065169876271697499285016289221362         2.59792434403614671108962247304898650E-0004
   7.97273266324098900172944354652050546         3.00633400823558287569862643242854767E-0004
   7.95473494006659722851438558572448382         3.47691523045670350767270726356559240E-0004
   7.93665870686980341180612131733273027         4.01870956760648016903558665442489286E-0004
   7.91850414205573153339297804300257664         4.64198933729025906750200167409444301E-0004
   7.90027142480260701384452738240712114         5.35840893815575409338179125817760261E-0004
   7.88196073505998829576386023284301877         6.18117171369252055926253768056012813E-0004
   7.86357225354699081429433399658200363         7.12521337544041960911450095119158099E-0004
   7.84510616175050337240948616225802919         8.20740294884101191890316895175514891E-0004
   7.82656264192339693858977005041699658         9.44676211928479481780936640154222325E-0004
   7.80794187708272588456455651621500343         1.08647037306958587574630284705603036E-0003
   7.78924405100792168087245890600700496         1.24852900169430083082488695063313705E-0003
   7.77046934823897906806747685281525068         1.43355109194235111649904145672269787E-0003
   7.75161795407463472147271683373035482         1.64455825535732830151742079351509510E-0003
   7.73269005457053842745753306723766892         1.88492655234056802227307741004669345E-0003
   7.71368583653741678928784056908264919         2.15842023365071177509501367564064973E-0003
   7.69460548753922948067308228214635011         2.46922726318487932506538312525025615E-0003
   7.67544919589131806520688342120991639         2.82199642887260449461890027212902735E-0003
   7.65621715065854739997179780152396325         3.22187577265778579582921667206979550E-0003
   7.63690954165343964165174222661682360         3.67455198222240187022785572445892796E-0003
   7.61752655943430087356872527340600885         4.18629028538491365945758770357778158E-0003
   7.59806839530334037213330531083814154         4.76397427218441044947361452341575140E-0003
   7.57853524130478253127085860318622662         5.41514493893038558096391176067372080E-0003
   7.55892729022297146345820116379247359         6.14803810261502685565851725244278799E-0003
   7.53924473558046829607738692428137854         6.97161917305700208839534340145842103E-0003
   7.51948777163614118186559905471778491         7.89561409442459148137120653136115800E-0003
   7.49965659338324804231196020030684222         8.93053507837481099133824313289346112E-0003
   7.47975139654751206292381028031504011         1.00876995496158901324421513718707690E-0002
   7.45977237758518995935653661705800333         1.13792405137206737732541744226890807E-0002
   7.43971973368113303347238982101877309         1.28181063398851355563444001210508362E-0002
   7.41959366274684103846487934824747605         1.44180477325032985378592241547488442E-0002
   7.39939436341850887225631426582421195         1.61935894505862039880771174611985828E-0002
   7.37912203505506611844683680988057754         1.81599841301933046957540436830482427E-0002
   7.35877687773620945416388809988105243         2.03331453806303864135831607191920775E-0002
   7.33835909226042794423144618585134805         2.27295571702128163863881394397894271E-0002
   7.31786888014302124114858575717894103         2.53661564035307164432728670638773209E-0002
   7.29730644361411071043692563956563537         2.82601855326618584999884176951510302E-0002
   7.27667198561664350098635395964536203         3.14290120545491572625136890706789036E-0002
   7.25596570980438958009805087556044863         3.48899118421926207919476287369367798E-0002
   7.23518782053993175299326436919598907         3.86598134561210432087191791847121181E-0002
   7.21433852289264868662553508650349862         4.27550009035555221496789288097540682E-0002
   7.19341802263669095770311091302595990         4.71907727751204893560130659758580710E-0002
   7.17242652624895014489714020092340907         5.19810563123322861972510061426578651E-0002
   7.15136424090702098527988364198712846         5.71379757622039661203333982987609725E-0002
   7.13023137448715661510563803076283016         6.26713753754593344404721537412979645E-0002
   7.10902813556221691511531990737309131         6.85882986168355354016335645516012076E-0002
   7.08775473339960998061371263728985906         7.48924265908266495532856090216295881E-0002
   7.06641137795922673663623620347816541         8.15834803499295216839857056109457046E-0002
   7.04499827989136871858975418530368872         8.86565936443113965593154941177635632E-0002
   7.02351565053466903881938641064002800         9.61016647828495881071138363237710086E-0002
   7.00196370191400655962054792698259835        0.103902698586682781390371429123201245      
   6.98034264673841329328248458032326758        0.112037151896933510178005004016563877      
   6.95865269839897504981642195531032119        0.120475298703729638890133316512395437      
   6.93689407096672535308808705706450192        0.129179633634523068928527502126926118      
   6.91506697919053264614080024620775966        0.138104335199895528213079407737820668      
   6.89317163849498080656156791846963383        0.147194812750936044355152354247461683      
   6.87120826497824299280863359497390101        0.156387363442228449387707081748750736      
   6.84917707540994884248476580731383995        0.165608967489016011551198333238856854      
   6.82707828722904504360617477317421368        0.174777251509921773733554853298956313      
   6.80491211854164929998235571597203322        0.183800650596648867848351862198250773      
   6.78267878811889771188735414023683206        0.192578799776802605359779138072081050      
   6.76037851539478559326793678976213355        0.201003184555876994034715113114250084      
   6.73801152046400174679893074652342472        0.208958078059177314530377564218501995      
   6.71557802407975621816056153563446126        0.216321788770400307834794031536783031      
   6.69307824765160155097697854793898116        0.222968237823098221603387395649853291      
   6.67051241324324756391930194202681746        0.228768878113303857315109087696669620      
   6.64788074357036967154045880842843787        0.233594959073928018078904501571930760      
   6.62518346199841077047279713948101562        0.237320130743834268998593217311556664      
   6.60242079254037671268297341997401355        0.239823368802262785808691732128857585      
   6.57959295985462538754190280938195428        0.240992188627930873694464146136119569      
   6.55670018924264943453063930159849782        0.240726101380531734104105947277782825      
   6.53374270664685260846591630004077464        0.238940248894921515922204771179499272      
   6.51072073864831981919172511436317170        0.235569137244833926596065137888723103      
   6.48763451246458086774573935150405401        0.230570371714965707245156345921166731      
   6.46448425594736790107160642222392745        0.223928279282484518930433831191238578      
   6.44127019758036660741012280065946450        0.215657289335120938947572350191662303      
   6.41799256647696117456408664684501688        0.205804930134182217657462481111031343      
   6.39465159237797303329317932092790438        0.194454288445946888077209457391928367      
   6.37124750564939340815656557537410434        0.181725773851633490171573688608684984      
   6.34778053728010969818202020244309138        0.167778028562237077364549226886348238      
   6.32425091887962570980128603539472459        0.152807829139198247371964082980606528      
   6.30065888267577576455204385224699210        0.137048839297593617441302341619239394      
   6.27700466151243270410732831158729157        0.120769093734437253586356751754250415      
   6.25328848884720981525345496429893193        0.104267122243278475486586698822209572      
   6.22951059874915669749753103864416143         8.78666615063535023538161272123887774E-0002
   6.20567122589644909604540649669383593         7.19099487747440057925807814838413199E-0002
   6.18177060557407272295048121756981975         5.67496465786986101952876679278718266E-0002
   6.15780897367150108929311848954263915         4.27395095600935577979038347783692220E-0002
   6.13378656668036737130952370309789050         3.02239718269262790951170051170007334E-0002
   6.10970362169213033344782964727133153         1.95269036443803801793209453614201989E-0002
   6.08556037639573433138778554070783714         1.09398569586661540373357303457064842E-0002
   6.06135706907526341811887529811519158         4.71018680853162102860795685044199657E-0003
   6.03709393860758957622989096539549056         1.02949625334399885893580762656264781E-0003
   6.01277122446001509962095917833005125         2.29018257431257593702470259364768933E-0005
   5.98838916668790914790676133810867489         1.73965031229563709662169976527216847E-0003
   5.96394800593233849683720138233239691         6.14563152616982217949475949491854919E-0003
   5.93944798341769250811905799474851096         1.31183216066616251636253185015894495E-0002
   5.91488934094930234207921027553805970         2.24446537962513234190228114192795616E-0002
   5.89027232091105443666684672338699022         3.38222460482242036888752299327566775E-0002
   5.86559716626299827634865630003433558         4.68643158792542303146295330857439427E-0002
   5.84086412053894847450735679899413629         6.11084828172821119850415649901322478E-0002
   5.81607342784408119301003916647707522         7.60294996402755189666478054210534308E-0002
   5.79122533285252492266869627027727786         9.10557694241692795661116869658774159E-0002
   5.76632008080494564837096032992936672        0.105589302444658337990134865356155668      
   5.74135791750612642271449425948094798        0.119028553600018612942381727019149988      
   5.71633908932254137203366798578326223        0.130793367666557743745851244083401682      
   5.69126384317992415876210084561582984        0.140351058530191823233900744466367233      
   5.66613242656083092412936489189494023        0.147242472996023432390500077059544648      
   5.64094508750219773524462081266848906        0.151106753934384510041450396327844767      
   5.61570207459289256067419764890593887        0.151703435276548701039188010977828309      
   5.59040363697126179867412905293062608        0.148930485511490054827376362583602050      
   5.56505002432267138229242192573830139        0.142836977487044733952986564406670652      
   5.53964148687704248560935737778107941        0.133629207879462203918642161269717695      
   5.51417827540638185543740854580808460        0.121669322774647207636913395995425276      
   5.48866064122230679285540434214603156        0.107465824293672794487339218307104754      
   5.46308883617356480900437218884633041         9.16557290402716588934955668396874081E-0002
   5.43746311264354797962505567626615535         7.49786079243434370956741987552305295E-0002
   5.41178372354780202286942436511487769         5.82432377933846251343729730028408764E-0002
   5.38605092233153012497057210639431591         4.22881114802587595054860359004475069E-0002
   5.36026496296709153840723677099125036         2.79375525258519766858088737907884670E-0002
   5.33442609995149497725076764833802054         1.59556286034878211796810116483785302E-0002
   5.30853458830388683443371648233612631         7.00041668639483775869740186826638576E-0003
   5.28259068356303424573033365583765186         1.58140734166639332995215963336483180E-0003
   5.25659464178480302529011190800891107         2.29130510783648048440459541820281528E-0005
   5.23054671953963049761613566988381263         2.43624075032619458517287678419577508E-0003
   5.20444717390999325093036413279436855         8.70308614618450217415767434930921016E-0003
   5.17829626248786983691810002501082500         1.84721034871432684140053396403398971E-0002
   5.15209424337219844189377326913166147         3.11699104790032033158653910634218601E-0002
   5.12584137516632955447979873426650324         4.60269308705963202576627368360357345E-0002
   5.09953791697547365493964969302428918         6.21174997810027429350069976475522802E-0002
   5.07318412840414395135542285637052327         7.84126169058795105286840887974149495E-0002
   5.04678026955359418788905650461578775         9.38427005846476534195108393856948783E-0002
   5.02032660101925155041499977766133356        0.107366750158767457444690972372833645      
   4.99382338388814469486051815213340297        0.118043547300689630357679977531400405      
   4.96727087973632692363795703962617769        0.125099998333619018097585376087407795      
   4.94066935062629453560117181385209756        0.127991508402761664935872741162966173      
   4.91401905910440037500596794244847803        0.126449437059891598075903768613448991      
   4.88732026819826260500177879136919338        0.120511241951373509715592822126294233      
   4.86057324141416873122894061853956351        0.110529871978377459182222232893758365      
   4.83377824273447490114280381359841322         9.71602893409442731943758148872449263E-0002
   4.80693553661500050473254610941129966         8.13226123393572840510804296715393641E-0002
   4.78004538798241810234892682842671239         6.41431754533579563364554790879352291E-0002
   4.75310806223163870540134077517661726         4.68766692318549801697654644998809075E-0002
   4.72612382522319243573039569011265571         3.08142984737580910248475335977328161E-0002
   4.69909294328060458950784778684755828         1.71844220147910765645428502258226915E-0002
   4.67201568318776713156108535457973835         7.05325388128243756405646704981729407E-0003
   4.64489231218630564606445027237733086         1.23377499757976863670742096771270682E-0003
   4.61772309797294176958453110696888805         2.10922156391155816489712998532711227E-0004
   4.59050830869685113251114880814089035         4.09032935386517229637166787589776968E-0003
   4.56324821295701683495008643571825789         1.25763974405067456643924141839719087E-0002
   4.53594307979957848319768741187973687         2.49833286591078691910245964746099168E-0002
   4.50859317871517681296126205725206072         4.02801174508735840302651268869444784E-0002
   4.48119877963629392553279920639624811         5.71675343686093591941393131814523349E-0002
   4.45376015293458916316677807805585799         7.41821226538993017173887366226084887E-0002
   4.42627756941823064995591487054300233         8.98194253682718742758967940241626062E-0002
   4.39875130032922252454145833811284976        0.102666361090741295575016598814048421      
   4.37118161734072789103716845790222772        0.111531134421945651213325389514785467      
   4.34356879255438751458837179932869749        0.115558521299347390589749508727820302      
   4.31591309849763428802948594167915652        0.114318949490988792925594175511549326      
   4.28821480812100349614514283645084752        0.107861543480533195713151316397973501      
   4.26047419479543890408151696691005994         9.67241479026086320035484031583700054E-0002
   4.23269153230959469649567810895365513         8.18970933462861422228785039956134107E-0002
   4.20486709486713329407174003793094170         6.47418197448346062187222600843110025E-0002
   4.17700115708401907407326525143305078         4.68700314589633429274723722405439268E-0002
   4.14909399398580802164181128660264578         2.99933715321057333651481023005437479E-0002
   4.12114588100493333859166610327501553         1.57572013216895147753285557164025048E-0002
   4.09315709397798703649071788485070980         5.57451971942429348495564326447964815E-0003
   4.06512790914299754085703808344388947         4.77001409342822849003619798854346739E-0004
   4.03705860313670333334012521338312781         9.99355171434111297493578086669917620E-0004
   4.00894945299182265879486038900949329         7.11064884089376359530735211311749910E-0003
   3.98080073613431932419506352298474973         1.82020558607581921500848847338195380E-0002
   3.95261273038066461637211106667583610         3.31349819266511204685116309010197873E-0002
   3.92438571393509536560238180393060676         5.03472361695494372794220725195362646E-0002
   3.89611996538686818210533612564319410         6.80084599972244191139795546338480549E-0002
   3.86781576370750989255180603949639901         8.42101303394600946042245067336728422E-0002
   3.83947338824806420371957753437062304         9.71708206910472559484640145841076840E-0002
   3.81109311873633462047058345197104958        0.105434653738391258499418021963502710      
   3.78267523527412364526099335173756044        0.108040465772780125639651135712661856      
   3.75422001833446828643218662420259410        0.104641340560073968410859631374262137      
   3.72572774875887190256702595043913893         9.55587898190886991527994152850015322E-0002
   3.69719870775453241023200976153624485         8.17625892032324447494519058545233205E-0002
   3.66863317689156688246177426525329903         6.47754708935066630097259094996248083E-0002
   3.64003143810023256537803752289774584         4.65106481247816750321256285621670897E-0002
   3.61139377366814434037042962647031760         2.90584867965911287354346976371071313E-0002
   3.58272046623748865930173389532128729         1.44455047550655613716819772961977608E-0002
   3.55401179880223398023487383672685805         4.39333448897945105951272572711188831E-0003
   3.52526805470533773121351905236756704         1.06624203955528453317410945192566213E-0004
   3.49648951763594982966244998179018260         2.11670806769847207587670714954434104E-0003
   3.46767647162661278500781601636220225         1.02022936111126227657460161178024177E-0002
   3.43882920105045841215114375747065148         2.33998768929098734782093175308259080E-0002
   3.40994799061840118346440169794921634         4.01059996364281238319705140921857484E-0002
   3.38103312537632824700660404580689772         5.82620299375208492478692056296647557E-0002
   3.35208489070228613869533945683925090         7.56012948149942606258580388512753045E-0002
   3.32310357230366421619923977289000791         8.99295555274049153458887588908323693E-0002
   3.29408945621437484234975915335823859         9.94042645666043725961371332959543390E-0002
   3.26504282879203034590271491968047583        0.102776697060628620288295626504817535      
   3.23596397671511678751184768933260919         9.95643315959700777755186261662601179E-0002
   3.20685318698016455880818964347784099         9.01285977380570548217697088710055253E-0002
   3.17771074689891584251028573953384387         7.56445305980436021165281346030995969E-0002
   3.14853694409548896152129303816057238         5.79626496951841431673939370943725353E-0002
   3.11933206650353964499968775771637993         3.93777790795756872430086173803820890E-0002
   3.09009640236341923942073789505371921         2.23326241908655215149242453051366429E-0002
   3.06083024021932989267605095931244113         9.09385529030819854314021974355381702E-0003
   3.03153386891647673928838125753336618         1.44368012414261025485266766730882830E-0003
   3.00220757759821711484847895260431462         4.29445803474248281917100634556427392E-0004
   2.97285165570320682781008349314683631         6.20745616932684431457220156003221035E-0003
   2.94346639296254351680820670207443958         1.80055107735816201727414043855435687E-0002
   2.91405207939690712169461551906226477         3.42130392661359121915241868966556588E-0002
   2.88460900531369749651291083816810936         5.25901371353088942986232987403629935E-0002
   2.85513746130416919266380678418555852         7.05697136560878065478455887901682164E-0002
   2.82563773824056344053914385159122835         8.56128148606514340362237974686336544E-0002
   2.79611012727323735793081931252096932         9.55681663697535021042817868589783889E-0002
   2.76655491982779041354818891218016781         9.89846465118761289114560544162798440E-0002
   2.73697240760218817400458484132416826         9.53304062561677112734639076808680261E-0002
   2.70736288256388336266040603855924589         8.50843089375406028843642700731365166E-0002
   2.67772663694693425873676776559830603         6.96828292535600356881359368382479843E-0002
   2.64806396324912046513994785440922326         5.13261923398621682621130837476385182E-0002
   2.61837515422905607346283678733617320         3.26684204409177825123567404340749618E-0002
   2.58866050290330025465528758344429662         1.64339730458411832938733677298740830E-0002
   2.55892030254346530388066907299747397         5.01598160033920768785389052720574635E-0003
   2.52915484667332216810105229636490341         1.15584694991855687467934064129530999E-0004
   2.49936442906590348495830421577971798         2.47754687194775305855671153885631728E-0003
   2.46954934374060416154292543303715144         1.17644820449069481030812321203604438E-0002
   2.43970988496027952166674892099899098         2.65922184149193091382440010199871575E-0002
   2.40984634722834105027961466202809068         4.47248996012786113668483350781753330E-0002
   2.37995902528584976369385030536234540         6.34038534443985855258795284138066186E-0002
   2.35004821410860723430382027389190759         7.97628691461252327326927590400303624E-0002
   2.32011420890424429851095493755922641         9.12677697190614696602568178821741615E-0002
   2.29015730510930747658753729718540466         9.61126208596098250892172841650417398E-0002
   2.26017779838634313323510686326210522         9.35098040144687218077444838909819762E-0002
   2.23017598462097940761563884625796253         8.38261193775767775294338519921838445E-0002
   2.20015215991900594165567117819593872         6.85400724408192108018147068652784414E-0002
   2.17010662060345143544528204238974931         5.00231612407358729473609706998978923E-0002
   2.14003966321165905857526628481568910         3.11760563856201803116030109008814904E-0002
   2.10995158449235974627702010498045900         1.49745504081484648924471752163409582E-0002
   2.07984268140274340925051956747517620         3.99603049822583173163574791880436453E-0003
   2.04971325110552808608636953164156849         2.14640744582357261077330493557256265E-0006
   2.01956359096602706720820536269291253         3.64613250831301106759750274339576833E-0003
   1.98939399854921401928175006282002402         1.43546749599341596106605934722962541E-0002
   1.95920477161678613905656404767925985         3.04069657908052569601474386865623047E-0002
   1.92899620812422536562597349743295782         4.92018621552254951214092268023335194E-0002
   1.89876860621785768010982584024186134         6.76729712259168516657502814342875147E-0002
   1.86852226423191052178359729066666753         8.27861855581437040361681575414880581E-0002
   1.83825748068556834969596727951966874         9.20390875597338607327207970806112089E-0002
   1.80797455428002637883527789184265930         9.38795543525558665429911414497297054E-0002
   1.77767378389554251992331289522779387         8.79725609024646058816142569682309228E-0002
   1.74735546858848755193256041382878970         7.52680384824501893713355361162094290E-0002
   1.71701990758839355644056560914781424         5.78550213431231645973735397944618034E-0002
   1.68666740029500064295213469488034514         3.86229674219433993973976814059148955E-0002
   1.65629824627530199433701907044339671         2.07841071988936889402743360790861267E-0002
   1.62591274526058726154728813982692853         7.33527196942273898324447150495974088E-0003
   1.59551119714348433679489132545817237         5.49455449223561737357019863330983566E-0004
   1.56509390197499953438591373005916341         1.58401555089016234778806410155148813E-0003
   1.53466115996155620842374568505644874         1.02741143260601294826050425906634813E-0002
   1.50421327146203183660881389686033121         2.51495032305821306559587345803404189E-0002
   1.47375053698479359937766091000620000         4.36750572545315786054345366113859584E-0002
   1.44327325718473248363900999932647039         6.26769040687567102087255855529351628E-0002
   1.41278173286029594037901423543123873         7.88832615504001682397066097741153435E-0002
   1.38227626495051912542216119510130574         8.94880248999401423825777465356144788E-0002
   1.35175715453205475264828846987280847         9.26396764484989028172101854791840922E-0002
   1.32122470281620158897985962410500116         8.77695294808666903622759425788721260E-0002
   1.29067921114593162046705543301255476         7.57000200745750924126552394907662292E-0002
   1.26012098099291591881135095920740349         5.85113530699652512700184838899540253E-0002
   1.22955031395454923768107517378577922         3.91868858706582933364166949293894230E-0002
   1.19896751175097336818498626832455954         2.10968505060851466017479258593265950E-0002
   1.16837287622209928288214241358808948         7.40936729402693402837341635546041853E-0003
   1.13776670932462809771830437842284650         5.31792275267664398658164290382379091E-0004
   1.10714931312907088129077301022551195         1.68147297849954377806484715434016030E-0003
   1.07652098981676734085494098136558509         1.06633404612582364388808244997739088E-0002
   1.04588204167690341449692431174616161         2.58959918317863768350252424132153800E-0002
   1.01523277110352779890743487688047461         4.46841740385911883441021323022359038E-0002
  0.984573480592567442202560296898146963         6.36915754669673116042179365391350840E-0002
  0.953904472738842031247332171091716906         7.95314668130896197764357207261073531E-0002
  0.923226050233077502947887474157456631         8.93706719735525059862360318957784738E-0002
  0.892538515858918608987660966230129025         9.14387906038427297267201674066016424E-0002
  0.861842172489940563492388594085137271         8.53504561590562504210193115024803134E-0002
  0.831137323086659803117752983280417765         7.21811098846197383083752221410845760E-0002
  0.800424270693543889062262151203514006         5.42806168542566334386161815456214015E-0002
  0.769703318436020580516421422518582383         3.48562431876502505686428178900804047E-0002
  0.738974769517486109067436117789462198         1.73985255883575708105001256943087800E-0002
  0.708238927216312683586568832378943834         5.05268807779554552482199352763576073E-0003
  0.677496094882855255133869948256780109         4.90347662375993269353480052750906863E-0005
  0.646746575936457571422303351132169339         3.29599167224369718797000187570197664E-0003
  0.615990673862457550390301087279248110         1.42107347849956605116906248925178306E-0002
  0.585228692209192002438500819343461475         3.08196731229994039274390612552674522E-0002
  0.554460934585000730892848361977544973         5.01121180343389701268005934047927072E-0002
  0.523687704655230040262384232912342996         6.85841656174552331247972583508272750E-0002
  0.492909306139235681865877982453487361         8.28746630100058294924936681677601783E-0002
  0.462126042807385266407027006724038665         9.03776736609623046347658417306099033E-0002
  0.431338218478060173083197552440103387         8.97194589562202594433148907123465760E-0002
  0.400546137014656984817654631687443786         8.10121616520485660739563369325601871E-0002
  0.369750102322588479209904535019827946         6.58368211035881701088814542924967174E-0002
  0.338950418346284204803158514064682378         4.69577422053680719068115355393791411E-0002
  0.308147389066190672272018957421413690         2.78195405635109358281136536796412883E-0002
  0.277341318495771190137289965578760073         1.19183077540685731161299723279689761E-0002
  0.246532510678505374618322604349513850         2.16182984881621856147941388424456670E-0003
  0.215721269684888363236521247297664868         3.36226353560309828629729762021069102E-0004
  0.184907899609429761786561274072611900         6.77720241335094454151796686829388510E-0003
  0.154092704567652354294499944610130752         2.03067685904195782430213094714219718E-0002
  0.123275988693090605584301492838145843         3.84476034894742029982551073613188026E-0002
   9.24580561342889860763443547495950053E-0002   5.78761682702114133392037044428753426E-0002
   6.16392110518001484432329442731732841E-0002   7.50316578936622956090797049730866328E-0002
   3.08197576151829857496984989692256334E-0002   8.67690471808492378764769632964800341E-0002
   6.00704543221772133721764985001508439E-0016   9.09362225227455186620193471943950953E-0002
  -3.08197576151817843465407667523240301E-0002   8.67690471808495577056039207899083922E-0002
  -6.16392110517989470578612875243762410E-0002   7.50316578936628766213429747656848603E-0002
  -9.24580561342877847206159620682588071E-0002   5.78761682702121490096621611588183580E-0002
 -0.123275988693089404270073260256577903         3.84476034894749584753193356162454741E-0002
 -0.154092704567651153033628358570812600         2.03067685904202150885806517992763260E-0002
 -0.184907899609428560590902294409464588         6.77720241335134611006811185610781406E-0003
 -0.215721269684887162117930190222511937         3.36226353560402624373866520542187793E-0004
 -0.246532510678504173588654025444894610         2.16182984881598565875460840388369104E-0003
 -0.277341318495769989208397542798259369         1.19183077540680571940579075361027463E-0002
 -0.308147389066189471455755374098634816         2.78195405635102312831051715005595881E-0002
 -0.338950418346283004111375341932055055         4.69577422053673075126937584571883297E-0002
 -0.369750102322587278654452117238378322         6.58368211035874854241887499921370653E-0002
 -0.400546137014655784410381965888691542         8.10121616520480859320274059453994845E-0002
 -0.431338218478058972835952173781238655         8.97194589562200711968438613194454801E-0002
 -0.462126042807384066331654870957533072         9.03776736609624423043665066426864247E-0002
 -0.492909306139234481974223349012293308         8.28746630100062676889163725514299442E-0002
 -0.523687704655228840566289548011832783         6.85841656174558918157115276470826225E-0002
 -0.554460934584999531404154141735355149         5.01121180343397293343069859675877729E-0002
 -0.585228692209190803169045532918367835         3.08196731230001256362910601567419723E-0002
 -0.615990673862456351351921040030261700         1.42107347849962137696990350207828329E-0002
 -0.646746575936456372626832567798979711         3.29599167224398182271665159512775933E-0003
 -0.677496094882854056593140056162708080         4.90347662375639826552019298138948740E-0005
 -0.708238927216311485312408944657556981         5.05268807779519678223109119156698334E-0003
 -0.738974769517484911071672716636003462         1.73985255883569717909286498097621138E-0002
 -0.769703318436019382810878242467363678         3.48562431876495093389242045808550657E-0002
 -0.800424270693542691658760062432437315         5.42806168542558833745058461999624633E-0002
 -0.831137323086658606028109874943747227         7.21811098846191140088196321982946917E-0002
 -0.861842172489939366728419257675711898         8.53504561590558635380123118933597176E-0002
 -0.892538515858917412561176978972139151         9.14387906038426490534423716408636729E-0002
 -0.923226050233076306870697082430944676         8.93706719735527453427026222502324236E-0002
 -0.953904472738840835531240173889952788         7.95314668130901358009370207100154729E-0002
 -0.984573480592566246859367929319027964         6.36915754669680117654021372591804136E-0002
  -1.01523277110352660394893969365309743         4.46841740385919476590949485975817844E-0002
  -1.04588204167690221993492007079372585         2.58959918317870602416925882572794030E-0002
  -1.07652098981676614670121752740575990         1.06633404612587227960788719562642376E-0002
  -1.10714931312906968755711615840942474         1.68147297849974722239165620198451634E-0003
  -1.13776670932462690441649579801385083         5.31792275267549302901278969957325273E-0004
  -1.16837287622209809002395951168144471         7.40936729402652098228706534882963560E-0003
  -1.19896751175097217578220207360917706         2.10968505060845084513736167287279657E-0002
  -1.22955031395454804574545822034918227         3.91868858706575420810259718601021312E-0002
  -1.26012098099291472735466517038504679         5.85113530699645182122881049214155432E-0002
  -1.29067921114593042950106000528264914         7.57000200745745051094906300651213085E-0002
  -1.32122470281620039851630891102999879         8.77695294808663504360831881893092164E-0002
  -1.35175715453205356269893186608866683         9.26396764484988684819135425620334283E-0002
  -1.38227626495051793599874302035571458         8.94880248999404186642870126946338847E-0002
  -1.41278173286029475149327361867192309         7.88832615504007064936341756762610568E-0002
  -1.44327325718473129530268076284072666         6.26769040687574169011243108087726251E-0002
  -1.47375053698479241160247145361280821         4.36750572545323317302287577934868021E-0002
  -1.50421327146203064940648708215498295         2.51495032305828008663588663370224104E-0002
  -1.53466115996155502180599871971183450         1.02741143260606022544380220037021125E-0002
  -1.56509390197499834836445805218087009         1.58401555089035737387703619176745214E-0003
  -1.59551119714348315138143248799750671         5.49455449223446287330886450587314374E-0004
  -1.62591274526058607675352569505184250         7.33527196942233304484783450419639893E-0003
  -1.65629824627530081017464645446862795         2.07841071988930613899021194875574593E-0002
  -1.68666740029499945943283911225792378         3.86229674219426559778283826377343607E-0002
  -1.71701990758839237357602791751907138         5.78550213431224298479021034205988606E-0002
  -1.74735546858848636973445500863900946         7.52680384824495856326338812644063530E-0002
  -1.77767378389554133840330759450464182         8.79725609024642329296143860133969584E-0002
  -1.80797455428002519800503382103952883         9.38795543525557852338812787967833378E-0002
  -1.83825748068556716956713875642508757         9.20390875597340833087942208334601106E-0002
  -1.86852226423190934236783171038087427         8.27861855581441925862117427711007297E-0002
  -1.89876860621785650141876356022172668         6.76729712259175248569949141247408300E-0002
  -1.92899620812422418767124772260635285         4.92018621552262419564999051647849128E-0002
  -1.95920477161678496184980071563002083         3.04069657908059551866256707014553298E-0002
  -1.98939399854921284283456772904464103         1.43546749599346957005208687502677184E-0002
  -2.01956359096602589153221508593007915         3.64613250831329849510631730275896941E-0003
  -2.04971325110552691119317475927571528         2.14640744581646577496539282839367806E-0006
  -2.07984268140274223515171602101513918         3.99603049822553178449895069998193610E-0003
  -2.10995158449235857298419566561437661         1.49745504081479205567189889747755826E-0002
  -2.14003966321165788610000087904330283         3.11760563856194785450836580723556035E-0002
  -2.17010662060345026379914752773319991         5.00231612407351249772644013170019736E-0002
  -2.20015215991900477085023122899020610         6.85400724408185342771346576924382905E-0002
  -2.23017598462097823766244883952206725         8.38261193775762779504675102794656095E-0002
  -2.26017779838634196414571376465220322         9.35098040144684761641863862350231152E-0002
  -2.29015730510930630837347954703089532         9.61126208596098702193179268851678231E-0002
  -2.32011420890424313118376233698301069         9.12677697190617970434739010855380247E-0002
  -2.35004821410860606787501387101590284         7.97628691461257903849649761098899120E-0002
  -2.37995902528584859817494228159938620         6.34038534443992865508613688892956616E-0002
  -2.40984634722833988568210821846135357         4.47248996012793477036302833601899004E-0002
  -2.43970988496027835800213816485003933         2.65922184149199682889246428805905499E-0002
  -2.46954934374060299882269526422374060         1.17644820449074302292664473234602340E-0002
  -2.49936442906590232319393021356446695         2.47754687194798585163779891642157901E-0003
  -2.52915484667332100730400060609596200         1.15584694991804825997356315071899525E-0004
  -2.55892030254346414406239629294229561         5.01598160033888142011580144035508274E-0003
  -2.58866050290329909582724065171764421         1.64339730458406306037818737550982496E-0002
  -2.61837515422905491563645286892345273         3.26684204409170852967797807832799568E-0002
  -2.64806396324911930832665422828628876         5.13261923398614288210462709340438981E-0002
  -2.67772663694693310294798171194882603         6.96828292535593614800574653378499508E-0002
  -2.70736288256388220790753472609076216         8.50843089375400908403438591651923381E-0002
  -2.73697240760218702029902521468394015         9.53304062561674339575189545556127150E-0002
  -2.76655491982778926090132757947193293         9.89846465118761244762709709772508813E-0002
  -2.79611012727323620635403243292371691         9.55681663697537693835781229177478036E-0002
  -2.82563773824056229004379702308110736         8.56128148606519333368397582276933263E-0002
  -2.85513746130416804326125493136200199         7.05697136560884658749501552294422839E-0002
  -2.88460900531369634821449810018532258         5.25901371353096199871588378521121340E-0002
  -2.91405207939690597451167513766714838         3.42130392661366023309249175842710864E-0002
  -2.94346639296254237075206090975206821         1.80055107735821788753151195476151430E-0002
  -2.97285165570320568289204340137459740         6.20745616932719482683172769143784597E-0003
  -3.00220757759821597107984444021580133         4.29445803474343166878714356814827057E-0004
  -3.03153386891647559668044085919313883         1.44368012414243733738950326603885392E-0003
  -3.06083024021932875124008175410274134         9.09385529030778193503009339187099427E-0003
  -3.09009640236341809916800539517426352         2.23326241908649177281596653805976236E-0002
  -3.11933206650353850594144579729828943         3.93777790795749770617960012541351756E-0002
  -3.14853694409548782366878366219558074         5.79626496951834204928925958750053864E-0002
  -3.17771074689891470587473909291985012         7.56445305980429613563547365902693726E-0002
  -3.20685318698016342340082386018191390         9.01285977380565785298586508485167747E-0002
  -3.23596397671511565334386878167253189         9.95643315959698261504616403680365110E-0002
  -3.26504282879202921298531666772593040        0.102776697060628623834226658723857202      
  -3.29408945621437371069412299445271366         9.94042645666046287899152121203525136E-0002
  -3.32310357230366308581653469129453252         8.99295555274053896057187778002242269E-0002
  -3.35208489070228500959672187349901886         7.56012948149948913151192877301691798E-0002
  -3.38103312537632711920321770824190339         5.82620299375215559465827615998691067E-0002
  -3.40994799061840005696737757026996568         4.01059996364288177278094846437716666E-0002
  -3.43882920105045728697159991052003730         2.33998768929104685109725831046180512E-0002
  -3.46767647162661166115685751798463567         1.02022936111130461223827024626082730E-0002
  -3.49648951763594870715116878722905578         2.11670806769867277212669421987643586E-0003
  -3.52526805470533661005299389479213145         1.06624203955483025829655504953126020E-0004
  -3.55401179880223286043617011788960530         4.39333448897916578512941979593293708E-0003
  -3.58272046623748754087590357634689912         1.44455047550650708744540858039535091E-0002
  -3.61139377366814322332851111877726541         2.90584867965904912800727748841982361E-0002
  -3.64003143810023144973105557925363451         4.65106481247809651825498840165634078E-0002
  -3.66863317689156576822073987096500544         6.47754708935059626111490877879727200E-0002
  -3.69719870775453129740792002577593653         8.17625892032318333447509531208501735E-0002
  -3.72572774875887079117086399770724789         9.55587898190882449585040533327356893E-0002
  -3.75422001833446717647492148592881205        0.104641340560073720861540206635238905      
  -3.78267523527412253675357985802092425        0.108040465772780110283350831359405307      
  -3.81109311873633351342396212346019870        0.105434653738391474723822757722970302      
  -3.83947338824806309814467447428526526         9.71708206910476776770946856166635401E-0002
  -3.86781576370750878845953282579109399         8.42101303394606737649558180099788391E-0002
  -3.89611996538686707950658970331447770         6.80084599972250913862427782202856870E-0002
  -3.92438571393509426450804437746854550         5.03472361695501294018371197958115291E-0002
  -3.95261273038066351679304999266106173         3.31349819266517582555693337697052610E-0002
  -3.98080073613431822614213120283203703         1.82020558607587083334178083186619953E-0002
  -4.00894945299182156227889416185893885         7.11064884089410466898618897352130157E-0003
  -4.03705860313670223837194724913999206         9.99355171434242694272250183000223312E-0004
  -4.06512790914299644744745527596814059         4.77001409342731984095698683876448591E-0004
  -4.09315709397798594465052174529735355         5.57451971942399044931164883896807130E-0003
  -4.12114588100493224833163265358622738         1.57572013216890307132868529066597494E-0002
  -4.14909399398580693297270095315279173         2.99933715321051168049343647953788190E-0002
  -4.17700115708401798700582275882762477         4.68700314589626545246195013756486043E-0002
  -4.20486709486713220861669430296046171         6.47418197448339125055101819780255291E-0002
  -4.23269153230959361266374213470359889         8.18970933462855090221164580517539997E-0002
  -4.26047419479543782188338773702783641         9.67241479026081181608436637963731809E-0002
  -4.28821480812100241559150120957090029        0.107861543480532847733753196185470035      
  -4.31591309849763320913099654600718597        0.114318949490988640981420529662869741      
  -4.34356879255438643735568292738610032        0.115558521299347446204982351706416959      
  -4.37118161734072681548091196143173682        0.111531134421945906760977895196879255      
  -4.39875130032922145067224952314645908        0.102666361090741725540402628957431040      
  -4.42627756941822957778435239263317981         8.98194253682724380827378765020748162E-0002
  -4.45376015293458809270344383767108654         7.41821226538999477821349868937452778E-0002
  -4.48119877963629285678825824448195310         5.71675343686100297836856274261025422E-0002
  -4.50859317871517574594606245095790781         4.02801174508742204527601565322626920E-0002
  -4.53594307979957741792236017045437941         2.49833286591084168494245720117685019E-0002
  -4.56324821295701577142514539657251691         1.25763974405071585441121605126041845E-0002
  -4.59050830869685007074709053308043412         4.09032935386541653467631129647743123E-0003
  -4.61772309797294070959183477859740495         2.10922156391212102536409983476583338E-0004
  -4.64489231218630458785357759067121249         1.23377499757963330643072197070176797E-0003
  -4.67201568318776607514248043363534523         7.05325388128212237222015151782904834E-0003
  -4.69909294328060353489193705180201334         1.71844220147906072268838300812664226E-0002
  -4.72612382522319138292758777423924958         3.08142984737575047175786409966678894E-0002
  -4.75310806223163765442202641715578900         4.68766692318543222452795620440230747E-0002
  -4.78004538798241705320347876979366341         6.41431754533572765589402962078469882E-0002
  -4.80693553661499945743131899218121305         8.13226123393566326725973073940771645E-0002
  -4.83377824273447385569613407807032549         9.71602893409436971819211734697245786E-0002
  -4.86057324141416768764714640127987388        0.110529871978376998872621160636794626      
  -4.88732026819826156329515982337580841        0.120511241951373196122612261357225563      
  -4.91401905910439933518480544749663844        0.126449437059891451008584958744843411      
  -4.94066935062629349767572840702284102        0.127991508402761692015066509437479140      
  -4.96727087973632588761847662601847904        0.125099998333619214685200242165375648      
  -4.99382338388814366075722582576095570        0.118043547300689980345785314481910931      
  -5.02032660101925051823810172053501558        0.107366750158767934793939383354566328      
  -5.04678026955359315764873988601274665         9.38427005846482242917116982834324108E-0002
  -5.07318412840414292306185573229094353         7.84126169058801358287834938607662315E-0002
  -5.09953791697547262860298090583678023         6.21174997810033810638735748547486133E-0002
  -5.12584137516632853011015781254311625         4.60269308705969298783723235367786560E-0002
  -5.15209424337219741950127032767354304         3.11699104790037459510021231621543154E-0002
  -5.17829626248786881651282566506545399         1.84721034871437107174326212807234063E-0002
  -5.20444717390999223252238934246540427         8.70308614618481775481497803760097000E-0003
  -5.23054671953962948121551172473450147         2.43624075032636529953215876681916428E-0003
  -5.25659464178480201090687027186005965         2.29130510783814755366120393371293791E-0005
  -5.28259068356303323337448588176112839         1.58140734166625588781758257534262212E-0003
  -5.30853458830388582411525411384486916         7.00041668639455484159381225592766087E-0003
  -5.33442609995149396897966212077354635         1.59556286034874092518566304432820633E-0002
  -5.36026496296709053219343931310960146         2.79375525258514587651047633994028249E-0002
  -5.38605092233152912082401364215145859         4.22881114802581636013828686149223841E-0002
  -5.41178372354780102080001541565248653         5.82432377933839825077690524094584473E-0002
  -5.43746311264354697964268626209877825         7.49786079243427804516747346054473002E-0002
  -5.46308883617356381111891173225086785         9.16557290402710206122239191679847409E-0002
  -5.48866064122230579707670156975453171        0.107465824293672204985990848880350411      
  -5.51417827540638086177529139140478790        0.121669322774646693940308447037497143      
  -5.53964148687704149407363288530467257        0.133629207879461788496829013934978055      
  -5.56505002432267039289287615249036063        0.142836977487044433864428872637301970      
  -5.59040363697126081142052697299117566        0.148930485511489881186240756612569234      
  -5.61570207459289157557628305675710868        0.151703435276548658806389559080691073      
  -5.64094508750219675231211622702718103        0.151106753934384598122340844533339780      
  -5.66613242656082994337197145975551437        0.147242472996023644008088195607823190      
  -5.69126384317992318018949824650367953        0.140351058530192146535711324602637241      
  -5.71633908932254039565551433622029968        0.130793367666558162595153628889694886      
  -5.74135791750612544854042601766388789        0.119028553600019107840525191770046665      
  -5.76632008080494467641059220062177364        0.105589302444658887075905379088500261      
  -5.79122533285252395293162110991631612         9.10557694241698596400142395150721004E-0002
  -5.81607342784408022550582788849587758         7.60294996402761064923572081536537525E-0002
  -5.84086412053894750924555827936076956         6.11084828172826840264258050363451055E-0002
  -5.86559716626299731333879728300823148         4.68643158792547653741824690021859070E-0002
  -5.89027232091105347591843172749384216         3.38222460482246824215587355360142605E-0002
  -5.91488934094930138360172149976404680         2.24446537962517292039097477445290694E-0002
  -5.93944798341769155192195522495483460         1.31183216066619445239111581451528093E-0002
  -5.96394800593233754292992189789101024         6.14563152617004504903915472121429866E-0003
  -5.98838916668790819629871981876014078         1.73965031229575693790646933534692448E-0003
  -6.01277122446001415032154761126445822         2.29018257431395434169770231883383753E-0005
  -6.03709393860758862924847855255732673         1.02949625334390692219670493150968888E-0003
  -6.06135706907526247346480836373311092         4.71018680853142682508552790224205312E-0003
  -6.08556037639573338907038743905020410         1.09398569586658638062238982100969070E-0002
  -6.10970362169212939347640067062848609         1.95269036443800025493702025986337695E-0002
  -6.13378656668036643369334098999201813         3.02239718269258246468286423567258130E-0002
  -6.15780897367150015404143593316614845         4.27395095600930386037017597507940047E-0002
  -6.18177060557407179007252937445316617         5.67496465786980393561664852058742409E-0002
  -6.20567122589644816555039249560364281         7.19099487747433969875575376453771621E-0002
  -6.22951059874915576939463848971258742         8.78666615063528694159892981258278608E-0002
  -6.25328848884720888955184386838513766        0.104267122243277832016887885246188886      
  -6.27700466151243178081613496987193762        0.120769093734436612613310149696051529      
  -6.30065888267577484368038077606062274        0.137048839297592991132406159586017863      
  -6.32425091887962479135824185628097240        0.152807829139197646799776044415081046      
  -6.34778053728010878217665958245755024        0.167778028562236512328271276781953118      
  -6.37124750564939249459792911761976441        0.181725773851632969072942456754240193      
  -6.39465159237797212219028348032806731        0.194454288445946417847841116272793665      
  -6.41799256647696026592592364115450478        0.205804930134181803733486546367812221      
  -6.44127019758036570124566052171508031        0.215657289335120585286415551177076963      
  -6.46448425594736699738978834743496932        0.223928279282484228063965913442028341      
  -6.48763451246457996655548445558381364        0.230570371714965480363057718987143959      
  -6.51072073864831892050192778130224468        0.235569137244833763653187443091736327      
  -6.53374270664685171228544623532308964        0.238940248894921415763830877321587357      
  -6.55670018924264854086834144466090349        0.240726101380531694603334563589305601      
  -6.57959295985462449640659724631823127        0.240992188627930891896405045471228567      
  -6.60242079254037582408345529648419381        0.239823368802262858076720980177573023      
  -6.62518346199840988441783657406683708        0.237320130743834391158547199527470182      
  -6.64788074357036878803880080583582658        0.233594959073928185557754184006343559      
  -6.67051241324324668297966630693620612        0.228768878113304065271323559690065341      
  -6.69307824765160067260805979890437074        0.222968237823098465046844803817014319      
  -6.71557802407975534237102881927202766        0.216321788770400581734709816800890293      
  -6.73801152046400087359742775195053797        0.208958078059177613910280394447908110      
  -6.76037851539478472266308166328764684        0.201003184555877314054000326362125328      
  -6.78267878811889684388773940030343889        0.192578799776802941381802029768386964      
  -6.80491211854164843459654816835160000        0.183800650596649215495386302609798912      
  -6.82707828722904418084271542641684901        0.174777251509922128929236889455731960      
  -6.84917707540994798235216978845160034        0.165608967489016370551302285174272492      
  -6.87120826497824213531539006547991265        0.156387363442228808800267620623015122      
  -6.89317163849497995171613999047350402        0.147194812750936401151055850582978539      
  -6.91506697919053179395162489896808065        0.138104335199895879728307983200841225      
  -6.93689407096672450356357505369925984        0.129179633634523412859256661686321560      
  -6.95865269839897420296495775978607297        0.120475298703729973281865837403428209      
  -6.98034264673841244911242627470385154        0.112037151896933833409876809955453732      
  -7.00196370191400571814022712893825518        0.103902698586683092155696010269183772      
  -7.02351565053466820003710819121768169         9.61016647828498853911463948899834182E-0002
  -7.04499827989136788251379698695926414         8.86565936443116796151217871973051049E-0002
  -7.06641137795922590327485175837168898         8.15834803499297900071982242330452351E-0002
  -7.08775473339960914997512588584420077         7.48924265908269028564252752221931563E-0002
  -7.10902813556221608720772891709712691         6.85882986168357735885718488672340380E-0002
  -7.13023137448715578993721391533981700         6.26713753754595575815090496161148925E-0002
  -7.15136424090702016285877048062911768         5.71379757622041744282730532466711366E-0002
  -7.17242652624894932523145495799246466         5.19810563123324800047704570386619557E-0002
  -7.19341802263669014080094335792300801         4.71907727751206690945414174830059207E-0002
  -7.21433852289264787249494771382556060         4.27550009035556883299349837225195695E-0002
  -7.23518782053993094164229231916261640         3.86598134561211964029951546201852695E-0002
  -7.25596570980438877153470185471014009         3.48899118421927616181750596681347406E-0002
  -7.27667198561664269521860816180272039         3.14290120545492863701045897987930611E-0002
  -7.29730644361410990747273566708008946         2.82601855326619765574097304363572651E-0002
  -7.31786888014302044099587654243576040         2.53661564035308241272845419951834392E-0002
  -7.33835909226042714689811491305576682         2.27295571702129143728541522483535898E-0002
  -7.35877687773620865965780412711624191         2.03331453806304753697496315925885022E-0002
  -7.37912203505506532677584159144026796         1.81599841301933852738786154985849947E-0002
  -7.39939436341850808342822127482069993         1.61935894505862768202881347010239883E-0002
  -7.41959366274684025248747399949579645         1.44180477325033642321213147036621090E-0002
  -7.43971973368113225035342939419780500         1.28181063398851946934081330154859562E-0002
  -7.45977237758518917910375018014924125         1.13792405137207269044709370070682341E-0002
  -7.47975139654751128554489861331982837         1.00876995496159377783307097314231375E-0002
  -7.49965659338324726781459571924276681         8.93053507837485364079613453761098085E-0003
  -7.51948777163614041025742573589504156         7.89561409442462959143174031479138865E-0003
  -7.53924473558046752736602022885979972         6.97161917305703608443919767428605798E-0003
  -7.55892729022297069765122796262001308         6.14803810261505713199741239019609779E-0003
  -7.57853524130478176837583710191959453         5.41514493893041250172237150682685560E-0003
  -7.59806839530333961215776497534637447         4.76397427218443434970319519884020037E-0003
  -7.61752655943430011652016675545768496         4.18629028538493484642601309365660489E-0003
  -7.63690954165343888753763728985164421         3.67455198222242062483312630938948238E-0003
  -7.65621715065854664879958924770947542         3.22187577265780237409588713991550102E-0003
  -7.67544919589131731698398501678405495         2.82199642887261912924028736224606016E-0003
  -7.69460548753922873540687868504656509         2.46922726318489222696144916534148235E-0003
  -7.71368583653741604698568725586230333         2.15842023365072313496106141709095417E-0003
  -7.73269005457053768812675626047046271         1.88492655234057801209919605590281061E-0003
  -7.75161795407463398512061342970346227         1.64455825535733707606286048955373451E-0003
  -7.77046934823897833470131434951189613         1.43355109194235881470939189381549999E-0003
  -7.78924405100792095049947533137920134         1.24852900169430757718312929624228538E-0003
  -7.80794187708272515719196035674713054         1.08647037306959178155153125900107515E-0003
  -7.82656264192339621422474017998095055         9.44676211928484646350846662742896363E-0004
  -7.84510616175050265105917177126063795         8.20740294884105703685474447107153637E-0004
  -7.86357225354699009596585452140540409         7.12521337544045898580927524787284120E-0004
  -7.88196073505998758046430528557869128         6.18117171369255489275488320974924743E-0004
  -7.90027142480260630158095668088428082         5.35840893815578400220911977434817304E-0004
  -7.91850414205573082417242134111161408         4.64198933729028509887126385271389578E-0004
  -7.93665870686980270563557833564436873         4.01870956760650280630892865916621517E-0004
  -7.95473494006659652540082594240537406         3.47691523045672317718839730533155280E-0004
  -7.97273266324098830167980668854589679         3.00633400823559995296602162654257789E-0004
  -7.99065169876271627801404529755642379         2.59792434403616152639843717617996724E-0004
  -8.00849186977813406224624716602960764         2.24373862320756890199948935386163254E-0004
  -8.02625300021195610061148349419483015         1.93679981163522147729951514526202983E-0004
  -8.04393491476899546972113846662516918         1.67099051942556129105023637842023626E-0004
  -8.06153743893589396928831317656410335         1.44095348615129477325616576311291949E-0004
  -8.07906039898284449851936956082464591         1.24200252158283906734201879962022832E-0004
  -8.09650362196530569917245471220183073         1.07004298109244933013277228701632462E-0004
  -8.11386693572570884836017081117024088         9.21500905319035477020673233312582004E-0005
  -8.13115016889515698425004781501611539         7.93260007280005560082846622115770258E-0005
  -8.14835315089511624789313420553443265         6.82605745324262267664411381817961747E-0005
  -8.16547571193909942448784476941979087         5.87175775861427848682176720860877947E-0005
  -8.18251768303434166746319281027776948         5.04916134668769941270554882651346371E-0005
  -8.19947889598346838884268660793546349         4.34042548991218006582527244005319370E-0005
  -8.21635918338615529942748558797345927         3.73006334028057241935967102855391169E-0005
  -8.23315837864078058241488977906190406         3.20464376322405666844857175853609855E-0005
  -8.24987631594606918414587595308321859         2.75252752751912439733453774298038404E-0005
  -8.26651283030272920575319459688942900         2.36363577087769303727563851157599955E-0005
  -8.28306775751508037955950278701126011         2.02924706360368528915007681565326171E-0005
  -8.29954093419267461415312836026611306         1.74181976531464741490145631614232617E-0005
  -8.31593219775190859214733972298670330         1.49483671267965535540672637428624668E-0005
  -8.33224138641762840470743244693013824         1.28266959027452531840193047532889284E-0005
  -8.34846833922472620700853768668849680         1.10046062317571096399940007671262984E-0005
  -8.36461289601972887886580764591712604         9.44019490200290527467821145196622623E-0006
  -8.38067489746237867485753904069287766         8.09733592291985429009611107046864228E-0006
  -8.39665418502720584834085597904388902         6.94490023077474578124106996283570352E-0006
  -8.41255060100509323383878811586054759         5.95607779733995025014680743327540734E-0006
  -8.42836398850483277235694757018892323         5.10778923675789963373719373560825478E-0006
  -8.44409419145467396426752812399746542         4.38017553808001857598309019460384042E-0006
  -8.45974105460386423447802187306371882         3.75615591781724172446728522808399714E-0006
  -8.47530442352418119468187098532401607         3.22104500311704026435478185839826508E-0006
  -8.49078414461145678756824475204904496         2.76222163605233087261566400880590886E-0006
  -8.50618006508709329794825390325599019         2.36884254624851520711092851571763780E-0006
  -8.52149203299957121583518441007345551         2.03159498504010248692132078404605709E-0006
  -8.53671989722594893659675092110374022         1.74248316095823921799772529383589224E-0006
  -8.55186350747335428337793478348601421         1.49464397410207425562274526451936673E-0006
  -8.56692271428046783707368248721103119         1.28218812543940399349244786808691096E-0006
  -8.58189736901899805921159654668988269         1.10006318505317849610820890499008311E-0006
  -8.59678732389514819318575149861747103         9.43935648720549382306000593336963465E-0007
  -8.61159243195107492936391205035274714         8.10089402132297717573961312273018354E-0007
  -8.62631254706633881967171765749954548         6.95338352968493357625069979429429082E-0007
  -8.64094752395934642733882714084241096         5.96951288713710099591331311864292640E-0007
  -8.65549721818878419757358756759607223         5.12587277684394018706133287332543343E-0007
  -8.66996148615504403501450271499634075         4.40240156855896924165430012800160923E-0007
  -8.68434018510164057388862719913876030         3.78190846812452076863423845497237968E-0007
  -8.69863317311662012688900198082499951         3.24966405134014037251265150983413880E-0007
  -8.71284030913396129886537464380171840         2.79304877996952361355397557883528461E-0007
  -8.72696145293496725150471276860476981         2.40125138543872665251704129398910085E-0007
  -8.74099646514964960526042008533208201         2.06501012178060245161086031696013325E-0007
  -8.75494520725810396487170206779281639         1.77639085566467749024714017601464487E-0007
  -8.76880754159187705489719941501190031         1.52859679730217301624394690912514230E-0007
  -8.78258333133532545176981363807084735         1.31580539863526785481610239288528456E-0007
  -8.79627244052696589896258791347786626         1.13302856939843596546213015033674511E-0007
  -8.80987473406081719193857766010946226         9.75992900399087441219786200100665278E-0008
  -8.82339007768773361964084812537106726         8.41037048075670427536271520996185189E-0008
  -8.83681833801672994936206980640818887         7.25023834970310051104997006941731406E-0008
  -8.85015938251629794191664596149299886         6.25264965837168928074204519132335833E-0008
  -8.86341307951571438412189896136448417         5.39456556211017416062749571768151587E-0008
  -8.87657929820634062567856296528859728         4.65623925912481469050827082242015062E-0008
  -8.88965790864291360762467855563865784         4.02074329834957774856956578458626271E-0008
  -8.90264878174482836962095970032819179         3.47356487358186944406938477481016463E-0008
  -8.91555178929741202340980390566156305         3.00225934122864331815218490038141991E-0008
  -8.92836680395318917987434184306443695         2.59615359364771109392893638129128973E-0008
  -8.94109369923313881720827225044521076         2.24609211732689951863747713277971840E-0008
  -8.95373234952794257779170069012458073         1.94421959255547647043006318654261460E-0008
  -8.96628263009922448145279595664090836         1.68379477258303381140280519015435437E-0008
  -8.97874441708078204287979473437368777         1.45903113604236004502861275983353299E-0008
  -8.99111758747980878103272267070521907         1.26496045431841025969914703757414894E-0008
  -9.00340201917810810848915751804932539         1.09731597081069753466806875594792750E-0008
  -9.01559759093329858874343656901931333         9.52432364779123296737941051076247707E-0009
  -9.02770418238001054956390542361395939         8.27160079971263349663485495453951793E-0009
  -9.03972167403107404059811734473195084         7.18791947210066277630198054396086523E-0009
  -9.05164994727869812350132123658426936         6.25000328919005661742716344604440820E-0009
  -9.06348888439564148294912077651353432         5.43783269345619951735686803776620740E-0009
  -9.07523836853637434698084660005914198         4.73418353169894747852964258848957354E-0009
  -9.08689828373823170520595683640407999         4.12423162534822854730756972077730641E-0009
  -9.09846851492255781349166787005471437         3.59521382846016415652398080528939784E-0009
  -9.10994894789584197383601611707259779         3.13613744843372121431978203550440575E-0009
  -9.12133946935084557821666200162316765         2.73753107783725147598915172552656626E-0009
  -9.13263996686772040529196835115493951         2.39123088945853253170896204354990426E-0009
  -9.14385032891511815891721624520798702         2.09019730525611334039589451731553779E-0009
  -9.15497044485129123752526110162145985         1.82835768425706394038458183422404106E-0009
  -9.16600020492518472350747961164156702         1.60047130256703330380572873378796141E-0009
  -9.17693950027751958181751318793151121         1.40201343589963927670322784462314630E-0009
  -9.18778822294186705710707501150286216         1.22907581454574863353449656659154880E-0009
  -9.19854626584571425878995469882388948         1.07828111374342334079349889682775030E-0009
  -9.20921352281152092351732620147245024         9.46709478604725469384129670915225857E-0010
  -9.21978988855776734463453993931508238         8.31835370342436900122173261324289705E-0010
  -9.23027525869999345827675849491062704         7.31473266562334846955950881017170417E-0010
  -9.24066952975182907584807560124150005         6.43730958869007646942039012230533535E-0010
  -9.25097259912601525271613977554600686         5.66969371126298458740416366576488649E-0010
  -9.26118436513541678304178592653966149         4.99767975821414676584038175808354265E-0010
  -9.27130472699402581075075972726058555         4.40895017869736924554126242988408434E-0010
  -9.28133358481795654674229963675990120         3.89281868084210992109732664301100033E-0010
  -9.29127083962643108251711930551559921         3.44000925170502633464050218983091581E-0010
  -9.30111639334275629049520784544571397         3.04246567848976426735495306592800071E-0010
  -9.31087014879529180138183621844537496         2.69318729557678801923038141735238472E-0010
  -9.32053200971840904902822392923655120         2.38608728875617203599713854529909484E-0010
  -9.33010188075344137332148042982384572         2.11587040791996773193978752344658643E-0010
  -9.33957966744962517172668928388862065         1.87792738490736728444676970705596127E-0010
  -9.34896527626503209019234932899937123         1.66824373494342630355238327789764950E-0010
  -9.35825861456749224421882494062741381         1.48332094735125198272306051136737435E-0010
  -9.36745959063550846097798617178728742         1.32010835179810628119436566821899951E-0010
  -9.37656811365916153346083814192908772         1.17594418697026619449178052877613582E-0010
  -9.38558409374100647771864670386477814         1.04850460500021343478187673954400057E-0010
  -9.39450744189695978435186325250436326         9.35759522102627380123084822536165814E-0011
  -9.40333807005717765549003467763085223         8.35934377912641262540692344011265442E-0011
  -9.41207589106692521859485402761516390         7.47476996554037288373154334614083148E-0011
  -9.42072081868743670850756256376942425         6.69028854571006396656390235639022318E-0011
  -9.42927276759676660925105366702155920         5.99400157165938452179776516628659511E-0011
  -9.43773165339063174718625262999223287         5.37548206949570936440798568970626367E-0011
  -9.44609739258324432721165284776599124         4.82558620556774369594648175356925593E-0011
  -9.45436990260813590378427742825358119         4.33629009662245505716609541054038261E-0011
  -9.46254910181897227862980489581270878         3.90054795559379042393066144325321516E-0011
  -9.47063490949035931709914757670128408         3.51216871753851601442414566073342495E-0011
  -9.47862724581863967521840054815836486         3.16570868008823159171718650203889276E-0011
  -9.48652603192268042956878681983907005         2.85637802850612400661517715695446788E-0011
  -9.49433118984465160222300981159084068         2.57995940464731687169331890899177768E-0011
  -9.50204264255079557305428630900386965         2.33273692836092279399245179497664554E-0011
  -9.50966031393218737182427103089588641         2.11143429474787995061973715403300946E-0011
  -9.51718412880548584254609684324888768         1.91316075601243606341127812235602380E-0011
  -9.52461401291367567270884161371252647         1.73536395654547550319192804640257801E-0011
  -9.53194989292680028003989283050313563         1.57578872789898686621373173401358387E-0011
  -9.53919169644268554957191351951529581         1.43244106949619660872320802220977496E-0011
  -9.54633935198765441387141679316648718         1.30355664388533328887674460822080797E-0011
  -9.55339278901723226937633066265297562         1.18757320433270777524945017054959257E-0011
  -9.56035193791684322188037864994877512         1.08310644949329049309473145753613283E-0011
  -9.56721673000249715429261435438426622         9.88928866454042436248001199608098027E-0012
  -9.57398709752146760989102856767423370         9.03951181044468575632385173162069139E-0012
  -9.58066297365296048437979489683384940         8.27206084178440994294913988551839065E-0012
  -9.58724429250877352015043325187312256         7.57833946188394395998491382311267700E-0012
  -9.59373098913394659623794908919035010         6.95070268547686772991517525880855109E-0012
  -9.60012299950740280755384907624626645         6.38234654833165541810860915735720765E-0012
  -9.60642026054258032706883996181089518         5.86721110933232171722718540422700951E-0012
  -9.61262271008805504470898600162808619         5.39989508939160754939785327216804274E-0012
  -9.61873028692815397682013040391545661         4.97558070371125247123045392126386445E-0012
  -9.62474293078355944014647702427915706         4.58996742818387503284047177792928416E-0012
  -9.63066058231190398436037905634479963         4.23921360089112214135527586671505023E-0012
  -9.63648318310835607727159083306903968         3.91988489891943304614741614220319033E-0012
  -9.64221067570619653693550617410102520         3.62890885187452615367216456059859047E-0012
  -9.64784300357738570497123108593775476         3.36353465893620835979791321256735977E-0012
  -9.65338011113312135549171914262748492         3.12129766813748723427258227286156243E-0012
  -9.65882194372438733413963364353199934         2.89998795657594624165611050046782774E-0012
  -9.66416844764249292181409075872747574         2.69762252002791549759984050564142979E-0012
  -9.66941957011960291776498142903463474         2.51242064128473298117629922041732202E-0012
  -9.67457525932925843682316588292361392         2.34278205963222080905289730820687954E-0012
  -9.67963546438688841562648236262130502         2.18726761026024048108216859160172942E-0012
  -9.68460013535031182279321011213247657         2.04458204289490643706288619188098362E-0012
  -9.68946922322023056808637496554425785         1.91355876435133410261836569884588522E-0012
  -9.69424267994071310570408307939774535         1.79314628066860486011095040386391420E-0012
  -9.69892045839966872692291357207940812         1.68239614158280491578342813948569933E-0012
  -9.70350251242931253741329315963336122         1.58045221381506426661842563714552756E-0012
  -9.70798879680662111463771440418314430         1.48654113043080648924221014851470896E-0012
  -9.71237926725377884083464301088250046         1.39996378173877545978121872985762558E-0012
  -9.71667388043861490718298781414528809         1.32008772916976962318625491194476672E-0012
  -9.72087259397503098483407877555428073         1.24634043758892902976278367106428403E-0012
  -9.72497536642341955859021256560637032         1.17820323379866333097654733038866215E-0012
  -9.72898215729107291910098121018769022         1.11520590979676730945557029652348116E-0012
  -9.73289292703258280954079594084429205         1.05692189885315346578900366652223012E-0012
  -9.73670763705023072282325488557882199         1.00296396082211572530755211004477130E-0012
  -9.74042624969436884550027866372394739         9.52980320457425297049911670111939568E-0013
  -9.74404872826379164458625139369796140         9.06651208969006861220353490733137753E-0013
  -9.74757503700609809363975517504056225         8.63685764760833187818827943663873733E-0013
  -9.75100514111804453452787285459460432         8.23819254314668945281208521012571368E-0013
  -9.75433900674588817139045591922281846         7.86810578616106956549006596392785413E-0013
  -9.75757660098572119341421076185877236         7.52440034430290857200339300292644017E-0013
  -9.76071789188379552311894643148149203         7.20507303188066766917999674807392453E-0013
  -9.76376284843683818695084938793548878         6.90829643294418069768909771892698171E-0013
  -9.76671144059235730507020482623355830         6.63240264368392628632836623857073387E-0013
  -9.76956363924893869731356889860767082         6.37586864309806345877958816148347872E-0013
  -9.77231941625653310240301073233929386         6.13730312200035246151555418009271591E-0013
  -9.77497874441673400756768660323615183         5.91543461914847885281040083886384384E-0013
  -9.77754159748304608583568006417407913         5.70910082985140436935900919486692541E-0013
  -9.78000795016114423834674033076085875         5.51723896711783456538082657430009843E-0013
  -9.78237777810912323912927587700651840         5.33887706845681766240986064834329830E-0013
  -9.78465105793773797987771007774704890         5.17312615303023927698665222714042292E-0013
  -9.78682776721063431235907993606169589         5.01917314415652889843548204979374884E-0013
  -9.78890788444457048617055653740410351         4.87627448132574016816488674992681244E-0013
  -9.79089138910962917966238596175969170         4.74375035404086290551657208080052131E-0013
  -9.79277826162942012193359104474903089         4.62097949706560652760012079831612099E-0013
  -9.79456848338127330390063669190971265         4.50739449313802056431148233594224630E-0013
  -9.79626203669642277653214350089410584         4.40247753499316722381542437243596870E-0013
  -9.79785890486018103443563531730868516         4.30575660370701870904942218842180842E-0013
  -9.79935907211210398307522512449863321         4.21680202499891175189565104910095258E-0013
  -9.80076252364614648799207942867803508         4.13522336927419665793180844826503134E-0013
  -9.80206924561080850449245313118293523         4.06066666490796205725696176874266408E-0013
  -9.80327922510927178636105386188477804         3.99281189761442423847304861921390547E-0013
  -9.80439245019952717225047596439857994         3.93137077175877047635068172759767343E-0013
  -9.80540890989449244849043885696668985         3.87608471218815397689133734761426284E-0013
  -9.80632859416212078715357142497658421         3.82672308762115561864257478182804115E-0013
  -9.80715149392549975830750251403889953         3.78308163887167433049661670302307075E-0013
  -9.80787760106294091547604656835583769         3.74498109722199223403939073695516642E-0013
  -9.80850690840805995342531207959146039         3.71226598012599798836494645090050458E-0013
  -9.80903940974984743748360785836092974         3.68480355314013707777817228532980242E-0013
  -9.80947509983273010369707729544537610         3.66248294856739918987182529945223920E-0013
  -9.80981397435662272921605282449625126         3.64521443277757160397270656078712049E-0013
  -9.81005602997697057240019081383274653         3.63292881555258947594769448562582223E-0013
  -9.81020126430478238222352018341447562         3.62557699611533674309638408721830508E-0013
  -9.81024967590665397665361524559550042         3.62312964174889178092533665125693551E-0013
