   9.81024967590665397665361524559557438         1.78357100582103353558675580011488190E-0033
   9.81020126430478238599785193480758503         1.78517595143743398357246158405129418E-0033
   9.81005602997697057994881706548826813         1.78999938972278684036828254160403338E-0033
   9.80981397435662274053889907452058163         1.79806720123621698224317172497449332E-0033
   9.80947509983273011879403179191724706         1.80942277535086063279834094126840404E-0033
   9.80903940974984745635452160043434837         1.82412739621710242288308706195250086E-0033
   9.80850690840805997606999881896628908         1.84226078976717986806557120152691102E-0033
   9.80787760106294094189428281111598639         1.86392183854282386903891663560806491E-0033
   9.80715149392549978849902752285812723         1.88922947324733435552368657595998987E-0033
   9.80632859416212082111808722169186334         1.91832375218457304475133265064937871E-0033
   9.80540890989449248622761022551913984         1.95136714218663308347218146370538637E-0033
   9.80439245019952721375993045414190364         1.98854601728970792111657876270499893E-0033
   9.80327922510927183164238179126120869         2.03007239433847099492326735810202880E-0033
   9.80206924561080855354520759176662008         2.07618592793278935280231042521970596E-0033
   9.80076252364614654081577628958584481         2.12715619073269763097081580537316661E-0033
   9.79935907211210403966934303716834176         2.18328526917145972357753530602627316E-0033
   9.79785890486018109479961572064446291         2.24491070916411990359802547336182382E-0033
   9.79626203669642284066539062677929835         2.31240885152227609598577809072760192E-0033
   9.79456848338127337180251757108682500         2.38619860258896459448138507165430600E-0033
   9.79277826162942019360343551306688357         2.46674569219864850959799705095895968E-0033
   9.79089138910962925509948666678767112         2.55456747857092864027810797141482948E-0033
   9.78890788444457056537416894541343767         2.65023836830658412503675921171302116E-0033
   9.78682776721063439532842233937371380         2.75439592943728143878788212875890275E-0033
   9.78465105793773806661196360244830489         2.86774778667852566202908727324091092E-0033
   9.78237777810912332962758449103075997         2.99107940087281266600273559763253938E-0033
   9.78000795016114433260821085233771140         3.12526284934628948211152233950460624E-0033
   9.77754159748304618385938217064438832         3.27126674083973935911721406186839919E-0033
   9.77497874441673410935265284023389705         3.43016741816526716367778217606881377E-0033
   9.77231941625653320794823652333996881         3.60316162419386266969237287403521093E-0033
   9.76956363924893880661801255484304927         3.79158083267471299045909660825136373E-0033
   9.76671144059235741813278755697274420         3.99690747528380838058099711039132061E-0033
   9.76376284843683830377045531113213956         4.22079333085071796469346696384661511E-0033
   9.76071789188379564369442258478712724         4.46508038268341193181698744946555428E-0033
   9.75757660098572131774436711400205063         4.73182449619781630559808802833505933E-0033
   9.75433900674588829947406538175465795         5.02332232271214056681211139986967841E-0033
   9.75100514111804466636367129399905575         5.34214189751905746563325506648553473E-0033
   9.74757503700609822922644142521129279         5.69115747265008575081703537086594713E-0033
   9.74404872826379178392248726878023995         6.07358920879917914839090843853101513E-0033
   9.74042624969436898858468897132200193         6.49304844868089880748138277772153247E-0033
   9.73670763705023086965442744032843184         6.95358940802360204586294731761816590E-0033
   9.73289292703258296011728157835048243         7.45976825322340217235322150153836639E-0033
   9.72898215729107307342129380132740605         8.01671068969511593707099264255917756E-0033
   9.72497536642341971665282903119596579         8.63018936603201598157384492609007340E-0033
   9.72087259397503114663743910138170138         9.30671261081410404887606331510267925E-0033
   9.71667388043861507272549506636677912         1.00536262667130112928304295656951894E-0032
   9.71237926725377901011466335178369324         1.08792306768598652721155017672382246E-0032
   9.70798879680662128765357710830438706         1.17929152188927212317373600227568973E-0032
   9.70350251242931271416329063025908907         1.28053131817271051113781148384614818E-0032
   9.69892045839966890740530135809145061         1.39284802496394078967180105599387073E-0032
   9.69424267994071328991707989249233898         1.51761004104892872578970008469848215E-0032
   9.68946922322023075602816269781265416         1.65637237550303778721226410629643639E-0032
   9.68460013535031201446193385400492693         1.81090414003679690692745753839548544E-0032
   9.67963546438688861102025042117427276         1.98322036742949271853823892543002749E-0032
   9.67457525932925863594004980055001655         2.17561887642197355110731382976287624E-0032
   9.66941957011960312060301600247694060         2.39072302954438563601017502519559624E-0032
   9.66416844764249312837127405847347487         2.63153137954112917071732256330758670E-0032
   9.65882194372438754441392703357303276         2.90147537672296111904652684569541588E-0032
   9.65338011113312156948104730057895525         3.20448651899337904323184634590488113E-0032
   9.64784300357738592267348202352173167         3.54507457477917638753525375922524806E-0032
   9.64221067570619675834853125799071001         3.92841880422216571877869898604387449E-0032
   9.63648318310835630239320480609490728         4.36047445486313454945302835924057474E-0032
   9.63066058231190421318836005906220967         4.84809722561315509169244683772894867E-0032
   9.62474293078355967267856661689720648         5.39918889022926418259600170459208685E-0032
   9.61873028692815421305403358858686697         6.02286786465108379199326367278678599E-0032
   9.61262271008805528464237124509991015         6.72966921053215936919689855642563009E-0032
   9.60642026054258057069933921843580633         7.53177941318654301526210171442389525E-0032
   9.60012299950740305487905781135421531         8.44331228383407533744844549062751705E-0032
   9.59373098913394684725542630282034435         9.48063354715619673582983095945547815E-0032
   9.58724429250877377485770150286492049         1.06627431265345344046849514086439528E-0031
   9.58066297365296074277434032727929679         1.20117258803137164089926419266197000E-0031
   9.57398709752146787197030092772802866         1.35532836328691116510429524835788454E-0031
   9.56721673000249742005402702743390215         1.53173638568091700870077656775193880E-0031
   9.56035193791684349132130867814338925         1.73389033855287823155827146699931241E-0031
   9.55339278901723254249411877279089352         1.96587091758159925106430451804877899E-0031
   9.54633935198765469066336742294117358         2.23245025288215731718603301237598414E-0031
   9.53919169644268583003529484411946675         2.53921584734040375220724017609418220E-0031
   9.53194989292680056417193678959076235         2.89271784124708294107953474518903293E-0031
   9.52461401291367596050674393871848136         3.30064418669453449232767668252801608E-0031
   9.51718412880548613400701708506593812         3.77202925122498778773469987048841755E-0031
   9.50966031393218766694533258790877601         4.31750250418286209147289086403091399E-0031
   9.50204264255079587183257645548022500         4.94958531433347589883640193269686440E-0031
   9.49433118984465190465557972642859086         5.68304555648810052615996636620557348E-0031
   9.48652603192268073565265161567012468         6.53532175299540343788306600133250735E-0031
   9.47862724581863998495053930080824248         7.52703094262430602193553048525138234E-0031
   9.47063490949035963047650335500442284         8.68257747233524661001484072838792400E-0031
   9.46254910181897259564928479178312969         1.00308835668901626757729730736987972E-0030
   9.45436990260813622444275258761065433         1.16062669950453919298281671088110888E-0030
   9.44609739258324465150595850081495672         1.34494966012932293530298915312397748E-0030
   9.43773165339063207511318812285920230         1.56090631332085707563006376154386743E-0030
   9.42927276759676694080738249324267873         1.81427109433146213729256260988591928E-0030
   9.42072081868743704369001239623388178         2.11192861229276605639503407372875221E-0030
   9.41207589106692555740011675086174619         2.46209688562696137407827950524194278E-0030
   9.40333807005717799791476642049769599         2.87459727890170978026838063641672716E-0030
   9.39450744189696013039268442113162441         3.36118126336521537926803847480897948E-0030
   9.38558409374100682737214201504985105         3.93592638866173080724787010657945730E-0030
   9.37656811365916188672355665683407854         4.61571664042700267119266704329098510E-0030
   9.36745959063550881784644132999838568         5.42082579111096899715751371998602799E-0030
   9.35825861456749260468949459456582940         6.37562658294090729961208420041035720E-0030
   9.34896527626503245426167577868351938         7.50945380328082397687538654493405422E-0030
   9.33957966744962553939107931204717133         8.85765576132604184907409265789966845E-0030
   9.33010188075344174457730533735934465         1.04628766470511296266623353131922076E-0029
   9.32053200971840942387181957103919651         1.23766221176229346714864061511583068E-0029
   9.31087014879529217980950303955666597         1.46611726736135707855922949127866853E-0029
   9.30111639334275667250321091757155768         1.73919245324916696618062856587029896E-0029
   9.29127083962643146810168836388854159         2.06602564990703594937322728803397675E-0029
   9.28133358481795693589962911735012448         2.45770446714661113082375958872066871E-0029
   9.27130472699402620347700880433528611         2.92769758331791739615104319700745280E-0029
   9.26118436513541717933307855057044794         3.49238464789437806747854365085230301E-0029
   9.25097259912601565256856471146395005         4.17170793748424020165344691870082295E-0029
   9.24066952975182947925768646703943446         4.98997455848396529896810870398412432E-0029
   9.23027525869999386523957380059235673         5.97684497993264809419278891168344484E-0029
   9.21978988855776775514654312619107568         7.16855240884005811927893771173194924E-0029
   9.20921352281152133757446568180165333         8.60940842930300977595059914272040054E-0029
   9.19854626584571467638814389580125976         1.03536639727306506404795495915655044E-0028
   9.18778822294186747824219239959223628         1.24678117711029125656085817258027394E-0028
   9.17693950027752000648540233354339178         1.50334378535017957027411749268431797E-0028
   9.16600020492518515170394921415545040         1.81507564956479357710895296078406639E-0028
   9.15497044485129166924608503475227846         2.19429967347750216254299352326020763E-0028
   9.14385032891511859415813359871626833         2.65618509032752813735626494870395562E-0028
   9.13263996686772084404868347290026915         3.21942488735545503874118612851928801E-0028
   9.12133946935084602048484453996054650         3.90707887049262325409828510605918779E-0028
   9.10994894789584241961130106359126186         4.74762387679379803960107509828952787E-0028
   9.09846851492255826276965560265900440         5.77626327925557017895132239848054078E-0028
   9.08689828373823215798221316273593715         7.03656134836587127698315459165952552E-0028
   9.07523836853637480325090280126179360         8.58248497885082081492698255280925732E-0028
   9.06348888439564194270847365133594911         1.04809567016872324696852471611128965E-0027
   9.05164994727869858674543314582593048         1.28150499803239500068258246754583465E-0027
   9.03972167403107450732241625602753109         1.56879920637314074479083083565951389E-0027
   9.02770418238001101976378495655742376         1.92281830835828554399903783164219546E-0027
   9.01559759093329906241425604062704222         2.35954951199900282946335279335216886E-0027
   9.00340201917810858562624198856178248         2.89891847858701119788292280529163142E-0027
   8.99111758747980926163136298972671075         3.56578415367553391261822372126605039E-0027
   8.97874441708078252693524758734978894         4.39119065659027983457368022641355075E-0027
   8.96628263009922496896028391167305077         5.41394403982102875876075051009368055E-0027
   8.95373234952794306874641224512138324         6.68259996007780154304475577130576004E-0027
   8.94109369923313931160536188061006160         8.25797152020805971691599707519664298E-0027
   8.92836680395318967770893004871886407         1.02162961317250047683577147232496033E-0026
   8.91555178929741252467697726040393368         1.26532379885494264203798692014164133E-0026
   8.90264878174482887431577089952723555         1.56889509136613869798354891473113964E-0026
   8.88965790864291411574214646526137911         1.94744878685724483395725376266448683E-0026
   8.87657929820634113721367267106204833         2.41999220606685759538421793908041211E-0026
   8.86341307951571489906960181827094753         3.01046451783742089767913192816483328E-0026
   8.85015938251629846027185964359807512         3.74904370447613234714622393231459373E-0026
   8.83681833801673047111967835702130167         4.67380659066975023594176866133591602E-0026
   8.82339007768773414479570200753788749         5.83283899712594847167683339293503195E-0026
   8.80987473406081772048549380743576489         7.28692019392659164705681097324417296E-0026
   8.79627244052696643089634978128430199         9.11294062838345295286602230918434336E-0026
   8.78258333133532598708517125487812674         1.14082565961759559742191313689010578E-0025
   8.76880754159187759358886943435589900         1.42962429631675079345198866310824382E-0025
   8.75494520725810450693436782036906671         1.79333789101447443059647573078703574E-0025
   8.74099646514965015068873163146916106         2.25182967216044136430843686706988409E-0025
   8.72696145293496780029328695106603083         2.83033460246366344838289943383135350E-0025
   8.71284030913396185100879514091489248         3.56093835640482862535125846420526978E-0025
   8.69863317311662068238181935993909596         4.48447018777564037284129720059044570E-0025
   8.68434018510164113272535897040776967         5.65292724553584346997537429478345305E-0025
   8.66996148615504459718963338548919800         7.13258174127957269012971814536292218E-0025
   8.65549721818878476308156869573233942         9.00796608132403306638022388294782969E-0025
   8.64094752395934699617407739115316469         1.13869875585040955901570767150636686E-0024
   8.62631254706633939182862285571289449         1.44074972265772672192308754210104226E-0024
   8.61159243195107550483682523880347161         1.82457320530545697700434670219873866E-0024
   8.59678732389514877196899299198021349         2.31271717285463455431662920415095023E-0024
   8.58189736901899864129945398803535277         2.93405098734323035802146440244596104E-0024
   8.56692271428046842246041090438465734         3.72556445799454665888712324041263574E-0024
   8.55186350747335487205775664580850141         4.73468592484201179827033314408982983E-0024
   8.53671989722594952856385619639296847         6.02227097249514122840426296221582331E-0024
   8.52149203299957181108373062198714260         7.66645815247041910865233300574529377E-0024
   8.50618006508709389647236618895458736         9.76764622997441316322017768635909069E-0024
   8.49078414461145738936201592017824912         1.24549229904814452866295831394228044E-0023
   8.47530442352418179973936157431637472         1.58943737859154552261365899816440063E-0023
   8.45974105460386484279326020975870670         2.02998256067231567711515448548183131E-0023
   8.44409419145467457583451038257949529         2.59467484535638708516986528632198023E-0023
   8.42836398850483338716963783144268664         3.31902517899137529541628565627755073E-0023
   8.41255060100509385189111842674308494         4.24883950790777041931434061514745104E-0023
   8.39665418502720646962672641257285565         5.44323976886407418610899525726865997E-0023
   8.38067489746237929937081775615034355         6.97858107039367886951020085464212186E-0023
   8.36461289601972950660033094936838521         8.95353353036780549665621938042955389E-0023
   8.34846833922472683795811009181522087         1.14956783595493764583353302708119540E-0022
   8.33224138641762903886582673617733634         1.47700736087209967549941703592139549E-0022
   8.31593219775190922950829700902283977         1.89903831014064947966881001191723618E-0022
   8.29954093419267525471035814775580360         2.44333423638100142393724826367919695E-0022
   8.28306775751508102330668303469991917         3.14575708058039779475155242242762740E-0022
   8.26651283030272985268397177999926163         4.05280469767100662853167424974765052E-0022
   8.24987631594606983425386512601994783         5.22479656441877720776677356446578762E-0022
   8.23315837864078123569367463843160398         6.74002208344116612124739421831087303E-0022
   8.21635918338615595587061853590888487         8.70014459618141689693018841082594767E-0022
   8.19947889598346904844368881573123359         1.12372440734627499145890575036262839E-0021
   8.18251768303434233021555428233378770         1.45229990133621398926473702324539031E-0021
   8.16547571193910009038502440749228233         1.87806619264688323459031414525025327E-0021
   8.14835315089511691692855987329393537         2.43006841820411326066238559351976767E-0021
   8.13115016889515765641711640291181940         3.14611096821303859411035944469143876E-0021
   8.11386693572570952365224830160000313         4.07542021779719925209608273814092789E-0021
   8.09650362196530637758287624498726669         5.28212234295291146964325333754152849E-0021
   8.07906039898284518004143949899059034         6.84978721374243770408223780331160974E-0021
   8.06153743893589465391530517242185818         8.88736703400677306936827711889373579E-0021
   8.04393491476899615744629552815883259         1.15369602100747010514614468188943682E-0020
   8.02625300021195679142801805175008137         1.49839644048056235496052019792188486E-0020
   8.00849186977813475614734113930428505         1.94703577422073751133311642655165905E-0020
   7.99065169876271697499285016289221362         2.53120766320692147048869593601044256E-0020
   7.97273266324098900172944354652050546         3.29217596951201507933655701236615966E-0020
   7.95473494006659722851438558572448382         4.28385221176182467248994526960483464E-0020
   7.93665870686980341180612131733273027         5.57669427634562923132184426812407103E-0020
   7.91850414205573153339297804300257664         7.26281260029392700805642461726441343E-0020
   7.90027142480260701384452738240712114         9.46265919968751101129493630995609359E-0020
   7.88196073505998829576386023284301877         1.23337919418667553811613466379110256E-0019
   7.86357225354699081429433399658200363         1.60823600361833826987803645108767472E-0019
   7.84510616175050337240948616225802919         2.09781582745203636906091670221365842E-0019
   7.82656264192339693858977005041699658         2.73743620902775546721928815522334088E-0019
   7.80794187708272588456455651621500343         3.57334027131015485507520824713250795E-0019
   7.78924405100792168087245890600700496         4.66608974196639494327040312475549541E-0019
   7.77046934823897906806747685281525068         6.09501480350254362390217923412658350E-0019
   7.75161795407463472147271683373035482         7.96405059327579389557880727708012767E-0019
   7.73269005457053842745753306723766892         1.04093932215920545154424767195060366E-0018
   7.71368583653741678928784056908264919         1.36095434156026482033653686150065964E-0018
   7.69460548753922948067308228214635011         1.77984833834912039656063198010225960E-0018
   7.67544919589131806520688342120991639         2.32829654107154484521758777808394731E-0018
   7.65621715065854739997179780152396325         3.04651963363207772748521589205220156E-0018
   7.63690954165343964165174222661682360         3.98726030807165957587510311681974911E-0018
   7.61752655943430087356872527340600885         5.21968905229635993517926194688776678E-0018
   7.59806839530334037213330531083814154         6.83452932031823947669330427185601563E-0018
   7.57853524130478253127085860318622662         8.95078275899046312626101498535757410E-0018
   7.55892729022297146345820116379247359         1.17245538863132961513891069848985920E-0017
   7.53924473558046829607738692428137854         1.53606292890895970857143109961435425E-0017
   7.51948777163614118186559905471778491         2.01276704983237695341759309019507125E-0017
   7.49965659338324804231196020030684222         2.63781472190850663318207452287341080E-0017
   7.47975139654751206292381028031504011         3.45744881802233376870177204866500659E-0017
   7.45977237758518995935653661705800333         4.53233862258563507356640277061633524E-0017
   7.43971973368113303347238982101877309         5.94207960029909809316741920168880460E-0017
   7.41959366274684103846487934824747605         7.79109506468833020620155987512114834E-0017
   7.39939436341850887225631426582421195         1.02163755652903575289962673389162398E-0016
   7.37912203505506611844683680988057754         1.33976268673870471364582278755609832E-0016
   7.35877687773620945416388809988105243         1.75705741271557210515059808734535164E-0016
   7.33835909226042794423144618585134805         2.30444010581819138642754235632438906E-0016
   7.31786888014302124114858575717894103         3.02246052321740733676137864410659861E-0016
   7.29730644361411071043692563956563537         3.96429459262859696117787854578467060E-0016
   7.27667198561664350098635395964536203         5.19966775027069591949752149382469434E-0016
   7.25596570980438958009805087556044863         6.81999361675879523266343545307492586E-0016
   7.23518782053993175299326436919598907         8.94510292788038630986264906146931487E-0016
   7.21433852289264868662553508650349862         1.17320526870360478869968828418127722E-0015
   7.19341802263669095770311091302595990         1.53866556340221029206916624417954796E-0015
   7.17242652624895014489714020092340907         2.01785659436200457590163135582475727E-0015
   7.15136424090702098527988364198712846         2.64610123717340564471802925383898606E-0015
   7.13023137448715661510563803076283016         3.46966027767672866036670607355949677E-0015
   7.10902813556221691511531990737309131         4.54910573256517313468486317371216284E-0015
   7.08775473339960998061371263728985906         5.96372919361864618980124093033508464E-0015
   7.06641137795922673663623620347816541         7.81730077571345964561194764373909703E-0015
   7.04499827989136871858975418530368872         1.02455897476376464275802471463920284E-0014
   7.02351565053466903881938641064002800         1.34261820676531383136263410692572904E-0014
   7.00196370191400655962054792698259835         1.75912913358033971321875788801850248E-0014
   6.98034264673841329328248458032326758         2.30444691094218589623039284512176097E-0014
   6.95865269839897504981642195531032119         3.01823923200716756873293912622745562E-0014
   6.93689407096672535308808705706450192         3.95232580347832484137099184778693601E-0014
   6.91506697919053264614080024620775966         5.17437727099220350780870051131266793E-0014
   6.89317163849498080656156791846963383         6.77273149384834009216813754949527599E-0014
   6.87120826497824299280863359497390101         8.86266168502064075300906995874113856E-0014
   6.84917707540994884248476580731383995         1.15945300462673944273871408495525289E-0013
   6.82707828722904504360617477317421368         1.51643886588628737639357596621722389E-0013
   6.80491211854164929998235571597203322         1.98277549168698133992420001439441515E-0013
   6.78267878811889771188735414023683206         2.59175024723150967085162280337921985E-0013
   6.76037851539478559326793678976213355         3.38670843066437904818645540348562800E-0013
   6.73801152046400174679893074652342472         4.42406598494145202190330900356928682E-0013
   6.71557802407975621816056153563446126         5.77721557012477295335312491341050667E-0013
   6.69307824765160155097697854793898116         7.54158784877810335705506517180156274E-0013
   6.67051241324324756391930194202681746         9.84120557506164454486949045554102471E-0013
   6.64788074357036967154045880842843787         1.28371653916533451505947963765676244E-0012
   6.62518346199841077047279713948101562         1.67386071678817464461785974633466275E-0012
   6.60242079254037671268297341997401355         2.18168909549853464228268886456223650E-0012
   6.57959295985462538754190280938195428         2.84239069895728436962062203773830187E-0012
   6.55670018924264943453063930159849782         3.70157071056849365869063208762180050E-0012
   6.53374270664685260846591630004077464         4.81829822487282067207508492102255307E-0012
   6.51072073864831981919172511436317170         6.26903406055743766253452881675354822E-0012
   6.48763451246458086774573935150405401         8.15268896284928555286643409646129687E-0012
   6.46448425594736790107160642222392745         1.05971325157443527564579165265348283E-0011
   6.44127019758036660741012280065946450         1.37675622673263929604247628568799693E-0011
   6.41799256647696117456408664684501688         1.78772560884958407981814759620688563E-0011
   6.39465159237797303329317932092790438         2.32013751243314903084495773044158487E-0011
   6.37124750564939340815656557537410434         3.00946680292918749175126242882716021E-0011
   6.34778053728010969818202020244309138         3.90141597808191922406626703859705807E-0011
   6.32425091887962570980128603539472459         5.05482031518323215944867997597316753E-0011
   6.30065888267577576455204385224699210         6.54536440872580395322001899575866697E-0011
   6.27700466151243270410732831158729157         8.47033240614240282052014016707392705E-0011
   6.25328848884720981525345496429893193         1.09546738369447309712201595229750301E-0010
   6.22951059874915669749753103864416143         1.41587420923530562839325654068857851E-0010
   6.20567122589644909604540649669383593         1.82881573014193805818136359940171350E-0010
   6.18177060557407272295048121756981975         2.36063644879511962120372173730317141E-0010
   6.15780897367150108929311848954263915         3.04506075997669518382348867638959048E-0010
   6.13378656668036737130952370309789050         3.92522278736897866491323983610884554E-0010
   6.10970362169213033344782964727133153         5.05624304486774045971015095041831068E-0010
   6.08556037639573433138778554070783714         6.50849578095908739590595822091962359E-0010
   6.06135706907526341811887529811519158         8.37174769149738360376388666974379735E-0010
   6.03709393860758957622989096539549056         1.07603946460377052234880841778015300E-0009
   6.01277122446001509962095917833005125         1.38200803466924064655752146944361149E-0009
   5.98838916668790914790676133810867489         1.77360521053779547520586405477879742E-0009
   5.96394800593233849683720138233239691         2.27436974695150383834986029384857627E-0009
   5.93944798341769250811905799474851096         2.91418152659025828684850968016932339E-0009
   5.91488934094930234207921027553805970         3.73093106738429104287610472258847104E-0009
   5.89027232091105443666684672338699022         4.77261721598832241695075442908649473E-0009
   5.86559716626299827634865630003433558         6.09997957767661361484940285428297769E-0009
   5.84086412053894847450735679899413629         7.78979782675623416928687794746983544E-0009
   5.81607342784408119301003916647707522         9.93902152985160836886264046501505255E-0009
   5.79122533285252492266869627027727786         1.26699327864803353418627822278982245E-0008
   5.76632008080494564837096032992936672         1.61365914007748466452364998789153786E-0008
   5.74135791750612642271449425948094798         2.05328703122541248736364293971701029E-0008
   5.71633908932254137203366798578326223         2.61024598708090567698852526705158131E-0008
   5.69126384317992415876210084561582984         3.31513059183031971183975806583076809E-0008
   5.66613242656083092412936489189494023         4.20630517284513496873610239287557883E-0008
   5.64094508750219773524462081266848906         5.33181814537510431842403410588583701E-0008
   5.61570207459289256067419764890593887         6.75177173338943829635360821909193408E-0008
   5.59040363697126179867412905293062608         8.54125098545760349708905254663619542E-0008
   5.56505002432267138229242192573830139         1.07939385578304289638805397447578449E-0007
   5.53964148687704248560935737778107941         1.36265688863208398934856323276234417E-0007
   5.51417827540638185543740854580808460         1.71844079760816238227903473860943343E-0007
   5.48866064122230679285540434214603156         2.16479841091450314825646619961194926E-0007
   5.46308883617356480900437218884633041         2.72413414715642766293569991966365384E-0007
   5.43746311264354797962505567626615535         3.42421443867983773861674080105630294E-0007
   5.41178372354780202286942436511487769         4.29940260672264851988177489215762416E-0007
   5.38605092233153012497057210639431591         5.39216543483852562917730463007412022E-0007
   5.36026496296709153840723677099125036         6.75490797911789140507935276565950081E-0007
   5.33442609995149497725076764833802054         8.45220411440011931126842904585259715E-0007
   5.30853458830388683443371648233612631         1.05635032068513909437856253124039554E-0006
   5.28259068356303424573033365583765186         1.31864084191445134463700447889284181E-0006
   5.25659464178480302529011190800891107         1.64406398233001795554722620329885452E-0006
   5.23054671953963049761613566988381263         2.04728160817919854314186417824037658E-0006
   5.20444717390999325093036413279436855         2.54622123596949169840032682072536993E-0006
   5.17829626248786983691810002501082500         3.16276797852767484268718659750984721E-0006
   5.15209424337219844189377326913166147         3.92359436536856350651802933696118853E-0006
   5.12584137516632955447979873426650324         4.86115341697389967473545640806993121E-0006
   5.09953791697547365493964969302428918         6.01486453788723573339103947355811132E-0006
   5.07318412840414395135542285637052327         7.43252655861733566908161154349366569E-0006
   5.04678026955359418788905650461578775         9.17199765660472568700769923851629341E-0006
   5.02032660101925155041499977766133356         1.13031879766877685821959942932463217E-0005
   4.99382338388814469486051815213340297         1.39104176038349748124490085231839021E-0005
   4.96727087973632692363795703962617769         1.70952001627332305885069464150196444E-0005
   4.94066935062629453560117181385209756         2.09795207696456429760077774482267796E-0005
   4.91401905910440037500596794244847803         2.57096863698400543398066503248600564E-0005
   4.88732026819826260500177879136919338         3.14608366711068081045495008404962564E-0005
   4.86057324141416873122894061853956351         3.84422149217397680389558724775559234E-0005
   4.83377824273447490114280381359841322         4.69033096441501792999467531398117759E-0005
   4.80693553661500050473254610941129966         5.71409910533310908477331459847084457E-0005
   4.78004538798241810234892682842671239         6.95077791510541225068674133808974228E-0005
   4.75310806223163870540134077517661726         8.44213942294311957211011584355103136E-0005
   4.72612382522319243573039569011265571         1.02375754517987492346878143649605841E-0004
   4.69909294328060458950784778684755828         1.23953599671760164523690278722633263E-0004
   4.67201568318776713156108535457973835         1.49840932346119868724565111232197235E-0004
   4.64489231218630564606445027237733086         1.80843482763728650525794777814964784E-0004
   4.61772309797294176958453110696888805         2.17905412369391089297796281881453175E-0004
   4.59050830869685113251114880814089035         2.62130481688705624268084146227259970E-0004
   4.56324821295701683495008643571825789         3.14805913523948114533771827908717052E-0004
   4.53594307979957848319768741187973687         3.77429184660981099748483663441637746E-0004
   4.50859317871517681296126205725206072         4.51737976198987785779437957208590344E-0004
   4.48119877963629392553279920639624811         5.39743503168931037333777217999346525E-0004
   4.45376015293458916316677807805585799         6.43767426837112398597551433370419536E-0004
   4.42627756941823064995591487054300233         7.66482526402418687980688179770844044E-0004
   4.39875130032922252454145833811284976         9.10957268949917985150618504055909355E-0004
   4.37118161734072789103716845790222772         1.08070436565183480891077742920240941E-0003
   4.34356879255438751458837179932869749         1.27973333634132315397302172364757571E-0003
   4.31591309849763428802948594167915652         1.51260702169394078686607232638289880E-0003
   4.28821480812100349614514283645084752         1.78450188029348597770687950672797949E-0003
   4.26047419479543890408151696691005994         2.10127178484320195893716668518625922E-0003
   4.23269153230959469649567810895365513         2.46951488585448014494549308148936520E-0003
   4.20486709486713329407174003793094170         2.89664294067881829924238633292936370E-0003
   4.17700115708401907407326525143305078         3.39095230946749916755135424762038171E-0003
   4.14909399398580802164181128660264578         3.96169559675004361654359608437071422E-0003
   4.12114588100493333859166610327501553         4.61915266765092972283097193038037020E-0003
   4.09315709397798703649071788485070980         5.37469949194686480230544854704159074E-0003
   4.06512790914299754085703808344388947         6.24087296881662196475242214427980630E-0003
   4.03705860313670333334012521338312781         7.23142956303697134431765857591611887E-0003
   4.00894945299182265879486038900949329         8.36139524368682499004940878346874595E-0003
   3.98080073613431932419506352298474973         9.64710386486070251492565541018886085E-0003
   3.95261273038066461637211106667583610         1.11062207719425347769083855882495173E-0002
   3.92438571393509536560238180393060676         1.27577480660602421192359854011603915E-0002
   3.89611996538686818210533612564319410         1.46220076249081652708297745265808498E-0002
   3.86781576370750989255180603949639901         1.67205976738331359192625277218622115E-0002
   3.83947338824806420371957753437062304         1.90763184427828734609499566923858275E-0002
   3.81109311873633462047058345197104958         2.17130622504380876277991112107485114E-0002
   3.78267523527412364526099335173756044         2.46556632466665302534274682233124746E-0002
   3.75422001833446828643218662420259410         2.79297020402385229283659436908974989E-0002
   3.72572774875887190256702595043913893         3.15612605638773229725023987143152955E-0002
   3.69719870775453241023200976153624485         3.55766228074913889943962971324689741E-0002
   3.66863317689156688246177426525329903         4.00019175074629307167979699010446137E-0002
   3.64003143810023256537803752289774584         4.48626995392517337333474146215758569E-0002
   3.61139377366814434037042962647031760         5.01834676449233460061558174813791496E-0002
   3.58272046623748865930173389532128729         5.59871172564862009032920330893497457E-0002
   3.55401179880223398023487383672685805         6.22943285661233633931395529949556525E-0002
   3.52526805470533773121351905236756704         6.91228916561201697809356277769936717E-0002
   3.49648951763594982966244998179018260         7.64869724381331444157188940202968512E-0002
   3.46767647162661278500781601636220225         8.43963253584226891934546681150901787E-0002
   3.43882920105045841215114375747065148         9.28554612875236416678580704897866119E-0002
   3.40994799061840118346440169794921634        0.101862781702426098857496324651575175      
   3.38103312537632824700660404580689772        0.111409693146206138435533342297173119      
   3.35208489070228613869533945683925090        0.121479718959089837629985338856470432      
   3.32310357230366421619923977289000791        0.132047628345499547890586814056232389      
   3.29408945621437484234975915335823859        0.143078605886979672057034458163674436      
   3.26504282879203034590271491968047583        0.154527487528223925691690198675014632      
   3.23596397671511678751184768933260919        0.166338091734523231655287495000630660      
   3.20685318698016455880818964347784099        0.178442676811651119662880992417588186      
   3.17771074689891584251028573953384387        0.190761557149648440687088866569087981      
   3.14853694409548896152129303816057238        0.203202912247846668221506947195619736      
   3.11933206650353964499968775771637993        0.215662822643207191874648585234211450      
   3.09009640236341923942073789505371921        0.228025566142027496797042427902239446      
   3.06083024021932989267605095931244113        0.240164205897770774996710726354058047      
   3.03153386891647673928838125753336618        0.251941498750901484674944948983975485      
   3.00220757759821711484847895260431462        0.263211147737862461506191417675010739      
   2.97285165570320682781008349314683631        0.273819416703822376041290326614627146      
   2.94346639296254351680820670207443958        0.283607117474759520243036082534547770      
   2.91405207939690712169461551906226477        0.292411971063777496394172141311117466      
   2.88460900531369749651291083816810936        0.300071333965195428291513534188430600      
   2.85513746130416919266380678418555852        0.306425268852187064848623518305350955      
   2.82563773824056344053914385159122835        0.311319926133179419626480993207868780      
   2.79611012727323735793081931252096932        0.314611189105974004014267090237069827      
   2.76655491982779041354818891218016781        0.316168521218970813826807973182574847      
   2.73697240760218817400458484132416826        0.315878939622388465899960567912156205      
   2.70736288256388336266040603855924589        0.313651025254985824584105860720007772      
   2.67772663694693425873676776559830603        0.309418866710824747442954577239782233      
   2.64806396324912046513994785440922326        0.303145823662457442016321180788912525      
   2.61837515422905607346283678733617320        0.294827986310637148346917458030310253      
   2.58866050290330025465528758344429662        0.284497200827506205136216038097485384      
   2.55892030254346530388066907299747397        0.272223527689399206838838574260074095      
   2.52915484667332216810105229636490341        0.258117000746397906629110091567447694      
   2.49936442906590348495830421577971798        0.242328560368150576472234856603677567      
   2.46954934374060416154292543303715144        0.225050044457007626302478009448991103      
   2.43970988496027952166674892099899098        0.206513136813975282439040674003981412      
   2.40984634722834105027961466202809068        0.186987193398817537948125366414767233      
   2.37995902528584976369385030536234540        0.166775893367417587035256292042892261      
   2.35004821410860723430382027389190759        0.146212693103674644036622322408696431      
   2.32011420890424429851095493755922641        0.125655097259950958926912467240191302      
   2.29015730510930747658753729718540466        0.105477800303162300770640336889020869      
   2.26017779838634313323510686326210522         8.60647942097284296212946343069118362E-0002
   2.23017598462097940761563884625796253         6.78005815017376325969984328824085702E-0002
   2.20015215991900594165567117819593872         5.10606762944230898875467232017557070E-0002
   2.17010662060345143544528204238974931         3.62016177776379440409395650665748508E-0002
   2.14003966321165905857526628481568910         2.35507587961237307023073232412067089E-0002
   2.10995158449235974627702010498045900         1.33961250681200478157783120693427463E-0002
   2.07984268140274340925051956747517620         5.97666623188180757650900216657755024E-0003
   2.04971325110552808608636953164156849         1.47323655719550622073716552885361310E-0003
   2.01956359096602706720820536269291253         6.49192449683798560740610347658988394E-0007
   1.98939399854921401928175006282002402         1.60114188152414507739485617507227581E-0003
   1.95920477161678613905656404767925985         6.23957316777995761402115693667662895E-0003
   1.92899620812422536562597349743295782         1.38006356222658974752559503998317509E-0002
   1.89876860621785768010982584024186134         2.40883265096785837758186175035671253E-0002
   1.86852226423191052178359729066666753         3.68278570198331789792693678617061545E-0002
   1.83825748068556834969596727951966874         5.16701098269836335229590630429650419E-0002
   1.80797455428002637883527789184265930         6.81986729946534731564652932395198045E-0002
   1.77767378389554251992331289522779387         8.59393884273876232916259169258880591E-0002
   1.74735546858848755193256041382878970        0.104372258058005126043003719176853710      
   1.71701990758839355644056560914781424        0.122945454120985947347644788014386022      
   1.68666740029500064295213469488034514        0.141091084965940743840417082848554050      
   1.65629824627530199433701907044339671        0.158242278940393470415605345416329527      
   1.62591274526058726154728813982692853        0.173851070057130335785120712867248847      
   1.59551119714348433679489132545817237        0.187406504528132283755120055091988489      
   1.56509390197499953438591373005916341        0.198452340605027949582262307247994006      
   1.53466115996155620842374568505644874        0.206603688869235494061309183292282484      
   1.50421327146203183660881389686033121        0.211561938868041391584275319585077845      
   1.47375053698479359937766091000620000        0.213127342670618876281972288979328391      
   1.44327325718473248363900999932647039        0.211208677408947504698574030821907790      
   1.41278173286029594037901423543123873        0.205829486951903074504679767517376145      
   1.38227626495051912542216119510130574        0.197130506125814750192909132119397784      
   1.35175715453205475264828846987280847        0.185367996711255035711372482964586472      
   1.32122470281620158897985962410500116        0.170907868990334028746384876243102294      
   1.29067921114593162046705543301255476        0.154215620961159492039000786732261606      
   1.26012098099291591881135095920740349        0.135842293586342631152098289256539342      
   1.22955031395454923768107517378577922        0.116406807955322252759645544704944203      
   1.19896751175097336818498626832455954         9.65752118725979861306812376440718021E-0002
   1.16837287622209928288214241358808948         7.70375117945816134070200508338868212E-0002
   1.13776670932462809771830437842284650         5.84828940191612668481306362893238821E-0002
   1.10714931312907088129077301022551195         4.15742398584553826607535889039232072E-0002
   1.07652098981676734085494098136558509         2.69229073009498405470416557519760213E-0002
   1.04588204167690341449692431174616161         1.50647816594808572686230463150493086E-0002
   1.01523277110352779890743487688047461         6.43858662754696561671103511503548137E-0003
  0.984573480592567442202560296898146963         1.36739344734745808952550253364988704E-0003
  0.953904472738842031247332171091716906         4.41698188237757003382021454575587408E-0005
  0.923226050233077502947887474157456631         2.52207400162168002098103649324322862E-0003
  0.892538515858918608987660966230129025         8.71002749372600036592713308721555887E-0003
  0.861842172489940563492388594085137271         1.83738977862218043017917504650015718E-0002
  0.831137323086659803117752983280417765         3.11433987338932112486541759603862708E-0002
  0.800424270693543889062262151203514006         4.65245791634418749266582630565316430E-0002
  0.769703318436020580516421422518582383         6.39175305860520042323412444147136380E-0002
  0.738974769517486109067436117789462198         8.26387129724929345430588008949639138E-0002
  0.708238927216312683586568832378943834        0.101947084242829708216473034835323247      
  0.677496094882855255133869948256780109        0.121073034730762811781982797851483937      
  0.646746575936457571422303351132169339        0.139248981754911096788373638618523735      
  0.615990673862457550390301087279248110        0.155740379463835225968012112843144723      
  0.585228692209192002438500819343461475        0.169875851325365032933486402308223082      
  0.554460934585000730892848361977544973        0.181075160759500964621520798144367472      
  0.523687704655230040262384232912342996        0.188873800710852994091352559455424712      
  0.492909306139235681865877982453487361        0.192943104007410311329689434533923789      
  0.462126042807385266407027006724038665        0.193104949071062977044197153966466061      
  0.431338218478060173083197552440103387        0.189340353291310416837154086992748979      
  0.400546137014656984817654631687443786        0.181791500203236473357469394825097732      
  0.369750102322588479209904535019827946        0.170757025651191808168047133564202657      
  0.338950418346284204803158514064682378        0.156680680050475734963818307416402599      
  0.308147389066190672272018957421413690        0.140133775480579352846646762028479858      
  0.277341318495771190137289965578760073        0.121792104201122649276248307013985366      
  0.246532510678505374618322604349513850        0.102408266220314518743313632336005972      
  0.215721269684888363236521247297664868         8.27805557561428521521280634137918051E-0002
  0.184907899609429761786561274072611900         6.37197194556164278525988485576444073E-0002
  0.154092704567652354294499944610130752         4.60150049071254475057917553606704638E-0002
  0.123275988693090605584301492838145843         3.04009607448688085197461109555051884E-0002
   9.24580561342889860763443547495950053E-0002   1.75264268784207595260705013823308069E-0002
   6.16392110518001484432329442731732841E-0002   7.92706555094733366834926874573221220E-0003
   3.08197576151829857496984989692256334E-0002   2.00263460170564943128680801382849656E-0003
   6.00704543221772133721764985001508439E-0016   7.63445719749476036786288626549830820E-0031
  -3.08197576151817843465407667523240301E-0002   2.00263460170549384365287942088870266E-0003
  -6.16392110517989470578612875243762410E-0002   7.92706555094702897772867059808181036E-0003
  -9.24580561342877847206159620682588071E-0002   1.75264268784203184258068168368430029E-0002
 -0.123275988693089404270073260256577903         3.04009607448682493721354531490632089E-0002
 -0.154092704567651153033628358570812600         4.60150049071247935623007494875587533E-0002
 -0.184907899609428560590902294409464588         6.37197194556157062682999580264855517E-0002
 -0.215721269684887162117930190222511937         8.27805557561420928375324113759760705E-0002
 -0.246532510678504173588654025444894610        0.102408266220313753103725596263381646      
 -0.277341318495769989208397542798259369        0.121792104201121908893421612347780303      
 -0.308147389066189471455755374098634816        0.140133775480578668159690587000089789      
 -0.338950418346283004111375341932055055        0.156680680050475134005905009196598872      
 -0.369750102322587278654452117238378322        0.170757025651191315412553243113535626      
 -0.400546137014655784410381965888691542        0.181791500203236108721899376548258112      
 -0.431338218478058972835952173781238655        0.189340353291310194885821876610311164      
 -0.462126042807384066331654870957533072        0.193104949071062906421537958808586032      
 -0.492909306139234481974223349012293308        0.192943104007410394445683392215154042      
 -0.523687704655228840566289548011832783        0.188873800710853227069355250264042755      
 -0.554460934584999531404154141735355149        0.181075160759501337507334248851872201      
 -0.585228692209190803169045532918367835        0.169875851325365530153291814043370302      
 -0.615990673862456351351921040030261700        0.155740379463835827012323420385782093      
 -0.646746575936456372626832567798979711        0.139248981754911777089914658257732917      
 -0.677496094882854056593140056162708080        0.121073034730763543747729195352804127      
 -0.708238927216311485312408944657556981        0.101947084242830462368339439029862438      
 -0.738974769517484911071672716636003462         8.26387129724936807180613815650103511E-0002
 -0.769703318436019382810878242467363678         6.39175305860527127916345004655419971E-0002
 -0.800424270693542691658760062432437315         4.65245791634425179236344268747559288E-0002
 -0.831137323086658606028109874943747227         3.11433987338937635092057669542329311E-0002
 -0.861842172489939366728419257675711898         1.83738977862222443746800747378673052E-0002
 -0.892538515858917412561176978972139151         8.71002749372631130769828140597392271E-0003
 -0.923226050233076306870697082430944676         2.52207400162184998768694556993125406E-0003
 -0.953904472738840835531240173889952788         4.41698188237983270670767734770263429E-0005
 -0.984573480592566246859367929319027964         1.36739344734733264800933154100512540E-0003
  -1.01523277110352660394893969365309743         6.43858662754669695063689487286392180E-0003
  -1.04588204167690221993492007079372585         1.50647816594804555153208162079605408E-0002
  -1.07652098981676614670121752740575990         2.69229073009493206625760325818772030E-0002
  -1.10714931312906968755711615840942474         4.15742398584547637727821384568075585E-0002
  -1.13776670932462690441649579801385083         5.84828940191605714669311997966625163E-0002
  -1.16837287622209809002395951168144471         7.70375117945808665296386676036929194E-0002
  -1.19896751175097217578220207360917706         9.65752118725972142760795402122383161E-0002
  -1.22955031395454804574545822034918227        0.116406807955321482973985087654974552      
  -1.26012098099291472735466517038504679        0.135842293586341890022914517929490546      
  -1.29067921114593042950106000528264914        0.154215620961158804755087423429478449      
  -1.32122470281620039851630891102999879        0.170907868990333418236888357378334888      
  -1.35175715453205356269893186608866683        0.185367996711254521893094973946532723      
  -1.38227626495051793599874302035571458        0.197130506125814349349385809762579735      
  -1.41278173286029475149327361867192309        0.205829486951902798814505349673131942      
  -1.44327325718473129530268076284072666        0.211208677408947361923990743697454903      
  -1.47375053698479241160247145361280821        0.213127342670618869622180976555420587      
  -1.50421327146203064940648708215498295        0.211561938868041519691563788296014790      
  -1.53466115996155502180599871971183450        0.206603688869235751212152970493520698      
  -1.56509390197499834836445805218087009        0.198452340605028325990254906820322971      
  -1.59551119714348315138143248799750671        0.187406504528132766008103600948085578      
  -1.62591274526058607675352569505184250        0.173851070057130907385340362973639573      
  -1.65629824627530081017464645446862795        0.158242278940394112399179868904708802      
  -1.68666740029499945943283911225792378        0.141091084965941435450935862650658202      
  -1.71701990758839237357602791751907138        0.122945454120986666738253925471085349      
  -1.74735546858848636973445500863900946        0.104372258058005850981876383917148007      
  -1.77767378389554133840330759450464182         8.59393884273883318471341622693215013E-0002
  -1.80797455428002519800503382103952883         6.81986729946541443405629389389021301E-0002
  -1.83825748068556716956713875642508757         5.16701098269842478741070101116607653E-0002
  -1.86852226423190934236783171038087427         3.68278570198337190695309884580669385E-0002
  -1.89876860621785650141876356022172668         2.40883265096790346303624563486591519E-0002
  -1.92899620812422418767124772260635285         1.38006356222662468962655630638988668E-0002
  -1.95920477161678496184980071563002083         6.23957316778019640477458545062502597E-0003
  -1.98939399854921284283456772904464103         1.60114188152426716589912372373117053E-0003
  -2.01956359096602589153221508593007915         6.49192449686263487524602546607112683E-0007
  -2.04971325110552691119317475927571528         1.47323655719538922540310802169767231E-0003
  -2.07984268140274223515171602101513918         5.97666623188157421919965631984469511E-0003
  -2.10995158449235857298419566561437661         1.33961250681197039067742844417160425E-0002
  -2.14003966321165788610000087904330283         2.35507587961232844795044632165181982E-0002
  -2.17010662060345026379914752773319991         3.62016177776374058369545867307280479E-0002
  -2.20015215991900477085023122899020610         5.10606762944224717616787767572286758E-0002
  -2.23017598462097823766244883952206725         6.78005815017369479454074473625873611E-0002
  -2.26017779838634196414571376465220322         8.60647942097276927783054251378651583E-0002
  -2.29015730510930630837347954703089532        0.105477800303161526613245930707882298      
  -2.32011420890424313118376233698301069        0.125655097259950162493397480495684581      
  -2.35004821410860606787501387101590284        0.146212693103673840168828937030386092      
  -2.37995902528584859817494228159938620        0.166775893367416790052444288908621582      
  -2.40984634722833988568210821846135357        0.186987193398816761358705222857468730      
  -2.43970988496027835800213816485003933        0.206513136813974538694752287271909859      
  -2.46954934374060299882269526422374060        0.225050044457006926597908413839880926      
  -2.49936442906590232319393021356446695        0.242328560368149930590969840401373602      
  -2.52915484667332100730400060609596200        0.258117000746397322836341499919581386      
  -2.55892030254346414406239629294229561        0.272223527689398691818936409954199611      
  -2.58866050290329909582724065171764421        0.284497200827505763972647662587333229      
  -2.61837515422905491563645286892345273        0.294827986310636784540971204275961541      
  -2.64806396324911930832665422828628876        0.303145823662457157540375569633767236      
  -2.67772663694693310294798171194882603        0.309418866710824542823526067200393216      
  -2.70736288256388220790753472609076216        0.313651025254985699009599621061027429      
  -2.73697240760218702029902521468394015        0.315878939622388417347926264940197811      
  -2.76655491982778926090132757947193293        0.316168521218970839205547520109943809      
  -2.79611012727323620635403243292371691        0.314611189105974099313831912348708277      
  -2.82563773824056229004379702308110736        0.311319926133179580074408660370206533      
  -2.85513746130416804326125493136200199        0.306425268852187285066172664376583672      
  -2.88460900531369634821449810018532258        0.300071333965195702446636911927198944      
  -2.91405207939690597451167513766714838        0.292411971063777818347996446957517374      
  -2.94346639296254237075206090975206821        0.283607117474759883687171441443682821      
  -2.97285165570320568289204340137459740        0.273819416703822774623851853389398099      
  -3.00220757759821597107984444021580133        0.263211147737862888944962420932185545      
  -3.03153386891647559668044085919313883        0.251941498750901934856631335070819340      
  -3.06083024021932875124008175410274134        0.240164205897771242061717091664435689      
  -3.09009640236341809916800539517426352        0.228025566142027975209633255660106919      
  -3.11933206650353850594144579729828943        0.215662822643207676478736717478859011      
  -3.14853694409548782366878366219558074        0.203202912247847154282632520768873916      
  -3.17771074689891470587473909291985012        0.190761557149648923921413950518848475      
  -3.20685318698016342340082386018191390        0.178442676811651596254229036477040111      
  -3.23596397671511565334386878167253189        0.166338091734523698261404881650808642      
  -3.26504282879202921298531666772593040        0.154527487528224379441003525332801579      
  -3.29408945621437371069412299445271366        0.143078605886980110537226520774559269      
  -3.32310357230366308581653469129453252        0.132047628345499969130322179725724468      
  -3.35208489070228500959672187349901886        0.121479718959090240075088854014593769      
  -3.38103312537632711920321770824190339        0.111409693146206520920868046280068266      
  -3.40994799061840005696737757026996568        0.101862781702426460575707077534144307      
  -3.43882920105045728697159991052003730         9.28554612875239821360495551554429328E-0002
  -3.46767647162661166115685751798463567         8.43963253584230082187626876743957179E-0002
  -3.49648951763594870715116878722905578         7.64869724381334420606169487882665823E-0002
  -3.52526805470533661005299389479213145         6.91228916561204463289989354549195019E-0002
  -3.55401179880223286043617011788960530         6.22943285661236193158696679632706434E-0002
  -3.58272046623748754087590357634689912         5.59871172564864368284900917550109740E-0002
  -3.61139377366814322332851111877726541         5.01834676449235626882236324367462298E-0002
  -3.64003143810023144973105557925363451         4.48626995392519320257950163826026794E-0002
  -3.66863317689156576822073987096500544         4.00019175074631115471450598480320652E-0002
  -3.69719870775453129740792002577593653         3.55766228074915533415742449838447358E-0002
  -3.72572774875887079117086399770724789         3.15612605638774718467932765087951798E-0002
  -3.75422001833446717647492148592881205         2.79297020402386573538556520034773984E-0002
  -3.78267523527412253675357985802092425         2.46556632466666512529009919194194726E-0002
  -3.81109311873633351342396212346019870         2.17130622504381962099668133674595971E-0002
  -3.83947338824806309814467447428526526         1.90763184427829706098638704861526115E-0002
  -3.86781576370750878845953282579109399         1.67205976738332225857599993874092327E-0002
  -3.89611996538686707950658970331447770         1.46220076249082423658276285250346342E-0002
  -3.92438571393509426450804437746854550         1.27577480660603105086906703019886144E-0002
  -3.95261273038066351679304999266106173         1.11062207719425952782553575925912387E-0002
  -3.98080073613431822614213120283203703         9.64710386486075589481363335205563765E-0003
  -4.00894945299182156227889416185893885         8.36139524368687196319120534133197220E-0003
  -4.03705860313670223837194724913999206         7.23142956303701257328823748564655765E-0003
  -4.06512790914299644744745527596814059         6.24087296881665806057590668468491223E-0003
  -4.09315709397798594465052174529735355         5.37469949194689632568535167288554760E-0003
  -4.12114588100493224833163265358622738         4.61915266765095718589135827575101088E-0003
  -4.14909399398580693297270095315279173         3.96169559675006748496273146026666390E-0003
  -4.17700115708401798700582275882762477         3.39095230946751986298324291463203044E-0003
  -4.20486709486713220861669430296046171         2.89664294067883620193511208904698544E-0003
  -4.23269153230959361266374213470359889         2.46951488585449559647821089531639199E-0003
  -4.26047419479543782188338773702783641         2.10127178484321526500974595165961207E-0003
  -4.28821480812100241559150120957090029         1.78450188029349741092744403146018767E-0003
  -4.31591309849763320913099654600718597         1.51260702169395058949193142141485046E-0003
  -4.34356879255438643735568292738610032         1.27973333634133154056969878264877929E-0003
  -4.37118161734072681548091196143173682         1.08070436565184196890200908890571292E-0003
  -4.39875130032922145067224952314645908         9.10957268949924085239338801529312379E-0004
  -4.42627756941822957778435239263317981         7.66482526402423874427169342701103588E-0004
  -4.45376015293458809270344383767108654         6.43767426837116799346103457299312268E-0004
  -4.48119877963629285678825824448195310         5.39743503168934763983780711416916699E-0004
  -4.50859317871517574594606245095790781         4.51737976198990935400074402652791644E-0004
  -4.53594307979957741792236017045437941         3.77429184660983756539413319186171353E-0004
  -4.56324821295701577142514539657251691         3.14805913523950351336271755440954105E-0004
  -4.59050830869685007074709053308043412         2.62130481688707503932875527704127963E-0004
  -4.61772309797294070959183477859740495         2.17905412369392665917036262081629266E-0004
  -4.64489231218630458785357759067121249         1.80843482763729970537553981551824864E-0004
  -4.67201568318776607514248043363534523         1.49840932346120971898622828706069957E-0004
  -4.69909294328060353489193705180201334         1.23953599671761084837714260306854910E-0004
  -4.72612382522319138292758777423924958         1.02375754517988258762068045067162286E-0004
  -4.75310806223163765442202641715578900         8.44213942294318328662108107513840124E-0005
  -4.78004538798241705320347876979366341         6.95077791510546512792221377256143578E-0005
  -4.80693553661499945743131899218121305         5.71409910533315289394594469199639929E-0005
  -4.83377824273447385569613407807032549         4.69033096441505416571627184940991914E-0005
  -4.86057324141416768764714640127987388         3.84422149217400672611563846584498878E-0005
  -4.88732026819826156329515982337580841         3.14608366711070547908813913776613804E-0005
  -4.91401905910439933518480544749663844         2.57096863698402573883817186915939444E-0005
  -4.94066935062629349767572840702284102         2.09795207696458098418591862408500508E-0005
  -4.96727087973632588761847662601847904         1.70952001627333675052669257574431723E-0005
  -4.99382338388814366075722582576095570         1.39104176038350869823205063742663789E-0005
  -5.02032660101925051823810172053501558         1.13031879766878603383131786131487477E-0005
  -5.04678026955359315764873988601274665         9.17199765660480063183353196675959320E-0006
  -5.07318412840414292306185573229094353         7.43252655861739679207707859529048593E-0006
  -5.09953791697547262860298090583678023         6.01486453788728551081085840334853802E-0006
  -5.12584137516632853011015781254311625         4.86115341697394015405908801536346834E-0006
  -5.15209424337219741950127032767354304         3.92359436536859637771177444235874953E-0006
  -5.17829626248786881651282566506545399         3.16276797852770149821171172918825313E-0006
  -5.20444717390999223252238934246540427         2.54622123596951328362641858409249859E-0006
  -5.23054671953962948121551172473450147         2.04728160817921599861360368899294798E-0006
  -5.25659464178480201090687027186005965         1.64406398233003205233400348819465079E-0006
  -5.28259068356303323337448588176112839         1.31864084191446271384170087485770457E-0006
  -5.30853458830388582411525411384486916         1.05635032068514825171666470413214045E-0006
  -5.33442609995149396897966212077354635         8.45220411440019297358116528361846544E-0007
  -5.36026496296709053219343931310960146         6.75490797911795058386569840452377741E-0007
  -5.38605092233152912082401364215145859         5.39216543483857311226672648349387554E-0007
  -5.41178372354780102080001541565248653         4.29940260672268657136931757315363110E-0007
  -5.43746311264354697964268626209877825         3.42421443867986819452536109094880055E-0007
  -5.46308883617356381111891173225086785         2.72413414715645200997583100675732912E-0007
  -5.48866064122230579707670156975453171         2.16479841091452258855185172021693401E-0007
  -5.51417827540638086177529139140478790         1.71844079760817788646478327174389399E-0007
  -5.53964148687704149407363288530467257         1.36265688863209634005423157241462247E-0007
  -5.56505002432267039289287615249036063         1.07939385578305272378576394338913218E-0007
  -5.59040363697126081142052697299117566         8.54125098545768160525554361809121194E-0008
  -5.61570207459289157557628305675710868         6.75177173338950030791457311403728200E-0008
  -5.64094508750219675231211622702718103         5.33181814537515349681437703540111017E-0008
  -5.66613242656082994337197145975551437         4.20630517284517392779511979979952268E-0008
  -5.69126384317992318018949824650367953         3.31513059183035054245201943156832375E-0008
  -5.71633908932254039565551433622029968         2.61024598708093004961784558253417485E-0008
  -5.74135791750612544854042601766388789         2.05328703122543173494334949794269071E-0008
  -5.76632008080494467641059220062177364         1.61365914007749984936682089835592365E-0008
  -5.79122533285252395293162110991631612         1.26699327864804550191768603147456863E-0008
  -5.81607342784408022550582788849587758         9.93902152985170259850894894429270193E-0009
  -5.84086412053894750924555827936076956         7.78979782675630829080861927627339313E-0009
  -5.86559716626299731333879728300823148         6.09997957767667186391132779491619759E-0009
  -5.89027232091105347591843172749384216         4.77261721598836814978968209698392123E-0009
  -5.91488934094930138360172149976404680         3.73093106738432691596312776587651440E-0009
  -5.93944798341769155192195522495483460         2.91418152659028640051071980402607676E-0009
  -5.96394800593233754292992189789101024         2.27436974695152585143266996594477905E-0009
  -5.98838916668790819629871981876014078         1.77360521053781269649869106905987933E-0009
  -6.01277122446001415032154761126445822         1.38200803466925410760062988889048532E-0009
  -6.03709393860758862924847855255732673         1.07603946460378103534177622501271096E-0009
  -6.06135706907526247346480836373311092         8.37174769149746564181217231189849470E-0010
  -6.08556037639573338907038743905020410         6.50849578095915136233714692513979500E-0010
  -6.10970362169212939347640067062848609         5.05624304486779029572702191711052186E-0010
  -6.13378656668036643369334098999201813         3.92522278736901746167271318685324504E-0010
  -6.15780897367150015404143593316614845         3.04506075997672536352972272896755302E-0010
  -6.18177060557407179007252937445316617         2.36063644879514308014848540031357384E-0010
  -6.20567122589644816555039249560364281         1.82881573014195627960506867137058836E-0010
  -6.22951059874915576939463848971258742         1.41587420923531977143918581353689734E-0010
  -6.25328848884720888955184386838513766         1.09546738369448406687449660995839827E-0010
  -6.27700466151243178081613496987193762         8.47033240614248784624419949277339770E-0011
  -6.30065888267577484368038077606062274         6.54536440872586981142160709195046502E-0011
  -6.32425091887962479135824185628097240         5.05482031518328313732954186840137188E-0011
  -6.34778053728010878217665958245755024         3.90141597808195865821034950470287225E-0011
  -6.37124750564939249459792911761976441         3.00946680292921797688605283685019123E-0011
  -6.39465159237797212219028348032806731         2.32013751243317258324626267241782323E-0011
  -6.41799256647696026592592364115450478         1.78772560884960226509568380158926290E-0011
  -6.44127019758036570124566052171508031         1.37675622673265332898095552003843504E-0011
  -6.46448425594736699738978834743496932         1.05971325157444609814390190814729247E-0011
  -6.48763451246457996655548445558381364         8.15268896284936897146171341743703860E-0012
  -6.51072073864831892050192778130224468         6.26903406055750192552226968731936308E-0012
  -6.53374270664685171228544623532308964         4.81829822487287015186605926664771521E-0012
  -6.55670018924264854086834144466090349         3.70157071056853173631997032989510129E-0012
  -6.57959295985462449640659724631823127         2.84239069895731365785794520011376286E-0012
  -6.60242079254037582408345529648419381         2.18168909549855715894555604704912046E-0012
  -6.62518346199840988441783657406683708         1.67386071678819194710074652652753745E-0012
  -6.64788074357036878803880080583582658         1.28371653916534780468014575221719274E-0012
  -6.67051241324324668297966630693620612         9.84120557506174657363242014367978131E-0013
  -6.69307824765160067260805979890437074         7.54158784877818165396979829292156016E-0013
  -6.71557802407975534237102881927202766         5.77721557012483301327561382263517095E-0013
  -6.73801152046400087359742775195053797         4.42406598494149807396309917498189010E-0013
  -6.76037851539478472266308166328764684         3.38670843066441434565800838348582760E-0013
  -6.78267878811889684388773940030343889         2.59175024723153671507006549863163483E-0013
  -6.80491211854164843459654816835160000         1.98277549168700205314419144573256425E-0013
  -6.82707828722904418084271542641684901         1.51643886588630323515165790903906775E-0013
  -6.84917707540994798235216978845160034         1.15945300462675158068246659352657872E-0013
  -6.87120826497824213531539006547991265         8.86266168502073362429518512086488236E-0014
  -6.89317163849497995171613999047350402         6.77273149384841112909766826579827173E-0014
  -6.91506697919053179395162489896808065         5.17437727099225782774621013932285990E-0014
  -6.93689407096672450356357505369925984         3.95232580347836636665999995261992811E-0014
  -6.95865269839897420296495775978607297         3.01823923200719930459777230551817371E-0014
  -6.98034264673841244911242627470385154         2.30444691094221014435866197277032450E-0014
  -7.00196370191400571814022712893825518         1.75912913358035823583106148131960775E-0014
  -7.02351565053466820003710819121768169         1.34261820676532797718813409960983497E-0014
  -7.04499827989136788251379698695926414         1.02455897476377544371654203674327382E-0014
  -7.06641137795922590327485175837168898         7.81730077571354209930775528513551962E-0015
  -7.08775473339960914997512588584420077         5.96372919361870912268811963875676796E-0015
  -7.10902813556221608720772891709712691         4.54910573256522116005712889150895273E-0015
  -7.13023137448715578993721391533981700         3.46966027767676530372168400887231881E-0015
  -7.15136424090702016285877048062911768         2.64610123717343359955455458657059275E-0015
  -7.17242652624894932523145495799246466         2.01785659436202589956125562112414848E-0015
  -7.19341802263669014080094335792300801         1.53866556340222655562072287828369748E-0015
  -7.21433852289264787249494771382556060         1.17320526870361719161272600028800033E-0015
  -7.23518782053993094164229231916261640         8.94510292788048088836796583219993591E-0016
  -7.25596570980438877153470185471014009         6.81999361675886734796128307369186661E-0016
  -7.27667198561664269521860816180272039         5.19966775027075090324283022499188603E-0016
  -7.29730644361410990747273566708008946         3.96429459262863888095267192534006487E-0016
  -7.31786888014302044099587654243576040         3.02246052321743929530608943064789340E-0016
  -7.33835909226042714689811491305576682         2.30444010581821575018099107441952387E-0016
  -7.35877687773620865965780412711624191         1.75705741271559067875734985441959921E-0016
  -7.37912203505506532677584159144026796         1.33976268673871887317568746368710204E-0016
  -7.39939436341850808342822127482069993         1.02163755652904654752645977568696512E-0016
  -7.41959366274684025248747399949579645         7.79109506468841250212191704455317896E-0017
  -7.43971973368113225035342939419780500         5.94207960029916083634371599404765770E-0017
  -7.45977237758518917910375018014924125         4.53233862258568291209898613847726005E-0017
  -7.47975139654751128554489861331982837         3.45744881802237024560604724756299692E-0017
  -7.49965659338324726781459571924276681         2.63781472190853444904124358647918345E-0017
  -7.51948777163614041025742573589504156         2.01276704983239816665527285960120943E-0017
  -7.53924473558046752736602022885979972         1.53606292890897588814194529295172855E-0017
  -7.55892729022297069765122796262001308         1.17245538863134195692845637415592940E-0017
  -7.57853524130478176837583710191959453         8.95078275899055728181652943080360185E-0018
  -7.59806839530333961215776497534637447         6.83452932031831131828823984247475982E-0018
  -7.61752655943430011652016675545768496         5.21968905229641475955608377077726303E-0018
  -7.63690954165343888753763728985164421         3.98726030807170142098106774214903654E-0018
  -7.65621715065854664879958924770947542         3.04651963363210967185774232849823242E-0018
  -7.67544919589131731698398501678405495         2.32829654107156923614146253846450234E-0018
  -7.69460548753922873540687868504656509         1.77984833834913902394178239839156045E-0018
  -7.71368583653741604698568725586230333         1.36095434156027904920813805487523579E-0018
  -7.73269005457053768812675626047046271         1.04093932215921632304902199591444243E-0018
  -7.75161795407463398512061342970346227         7.96405059327587697908576215494196729E-0019
  -7.77046934823897833470131434951189613         6.09501480350260713525139943870300433E-0019
  -7.78924405100792095049947533137920134         4.66608974196644350616940851714718838E-0019
  -7.80794187708272515719196035674713054         3.57334027131019199833254262175959985E-0019
  -7.82656264192339621422474017998095055         2.73743620902778388452125189873674081E-0019
  -7.84510616175050265105917177126063795         2.09781582745205811702005892402219056E-0019
  -7.86357225354699009596585452140540409         1.60823600361835491903735583121193056E-0019
  -7.88196073505998758046430528557869128         1.23337919418668828809754102970255751E-0019
  -7.90027142480260630158095668088428082         9.46265919968760868451955166776897494E-0020
  -7.91850414205573082417242134111161408         7.26281260029400185869450085162771290E-0020
  -7.93665870686980270563557833564436873         5.57669427634568661319911244506117650E-0020
  -7.95473494006659652540082594240537406         4.28385221176186867915957645309150351E-0020
  -7.97273266324098830167980668854589679         3.29217596951204884163334809283169577E-0020
  -7.99065169876271627801404529755642379         2.53120766320694738365011673496335442E-0020
  -8.00849186977813406224624716602960764         1.94703577422075740839471270789006041E-0020
  -8.02625300021195610061148349419483015         1.49839644048057763916319823115374105E-0020
  -8.04393491476899546972113846662516918         1.15369602100748185106744496261770917E-0020
  -8.06153743893589396928831317656410335         8.88736703400686337752497741164385129E-0021
  -8.07906039898284449851936956082464591         6.84978721374250716932881252984693122E-0021
  -8.09650362196530569917245471220183073         5.28212234295296492780243478306842799E-0021
  -8.11386693572570884836017081117024088         4.07542021779724041171227935217110839E-0021
  -8.13115016889515698425004781501611539         3.14611096821307030033971689996223441E-0021
  -8.14835315089511624789313420553443265         2.43006841820413769715595690838291875E-0021
  -8.16547571193909942448784476941979087         1.87806619264690207798825011646618982E-0021
  -8.18251768303434166746319281027776948         1.45229990133622852746343723578049654E-0021
  -8.19947889598346838884268660793546349         1.12372440734628621417615076742270156E-0021
  -8.21635918338615529942748558797345927         8.70014459618150357843731332750192203E-0022
  -8.23315837864078058241488977906190406         6.74002208344123310983956187197688626E-0022
  -8.24987631594606918414587595308321859         5.22479656441882900733562498607705788E-0022
  -8.26651283030272920575319459688942900         4.05280469767104670664321414943311457E-0022
  -8.28306775751508037955950278701126011         3.14575708058042882241400349944501073E-0022
  -8.29954093419267461415312836026611306         2.44333423638102545961893582765330887E-0022
  -8.31593219775190859214733972298670330         1.89903831014066811058705193970418887E-0022
  -8.33224138641762840470743244693013824         1.47700736087211412614798442980511220E-0022
  -8.34846833922472620700853768668849680         1.14956783595494886138141888218537583E-0022
  -8.36461289601972887886580764591712604         8.95353353036789260073967686300404504E-0023
  -8.38067489746237867485753904069287766         6.97858107039374656288619816857061799E-0023
  -8.39665418502720584834085597904388902         5.44323976886412683002875175697328903E-0023
  -8.41255060100509323383878811586054759         4.24883950790781138774964347314896519E-0023
  -8.42836398850483277235694757018892323         3.31902517899140720009361360161435628E-0023
  -8.44409419145467396426752812399746542         2.59467484535641194898916799012998677E-0023
  -8.45974105460386423447802187306371882         2.02998256067233506786003651325936773E-0023
  -8.47530442352418119468187098532401607         1.58943737859156065609870101693667310E-0023
  -8.49078414461145678756824475204904496         1.24549229904815634834616705893438864E-0023
  -8.50618006508709329794825390325599019         9.76764622997450554785415787143323906E-0024
  -8.52149203299957121583518441007345551         7.66645815247049137319218086926891872E-0024
  -8.53671989722594893659675092110374022         6.02227097249519779849605222035555436E-0024
  -8.55186350747335428337793478348601421         4.73468592484205611719293184444728471E-0024
  -8.56692271428046783707368248721103119         3.72556445799458140743626629083231596E-0024
  -8.58189736901899805921159654668988269         2.93405098734325762479861626230745962E-0024
  -8.59678732389514819318575149861747103         2.31271717285465596768788161887241146E-0024
  -8.61159243195107492936391205035274714         1.82457320530547380741918473751452134E-0024
  -8.62631254706633881967171765749954548         1.44074972265773996129972370290785139E-0024
  -8.64094752395934642733882714084241096         1.13869875585041998237187900523198855E-0024
  -8.65549721818878419757358756759607223         9.00796608132411519968543027969111849E-0025
  -8.66996148615504403501450271499634075         7.13258174127963746507202373323138961E-0025
  -8.68434018510164057388862719913876030         5.65292724553589459989249799637534811E-0025
  -8.69863317311662012688900198082499951         4.48447018777568076785339942953122774E-0025
  -8.71284030913396129886537464380171840         3.56093835640486056787682353008035244E-0025
  -8.72696145293496725150471276860476981         2.83033460246368872994140132566888519E-0025
  -8.74099646514964960526042008533208201         2.25182967216046139222254877801078000E-0025
  -8.75494520725810396487170206779281639         1.79333789101449031127516839711836757E-0025
  -8.76880754159187705489719941501190031         1.42962429631676339744075554392937288E-0025
  -8.78258333133532545176981363807084735         1.14082565961760561024832999551157481E-0025
  -8.79627244052696589896258791347786626         9.11294062838353257231953179999766229E-0026
  -8.80987473406081719193857766010946226         7.28692019392665501937423699834766133E-0026
  -8.82339007768773361964084812537106726         5.83283899712599896127507897405324460E-0026
  -8.83681833801672994936206980640818887         4.67380659066979050117141061950311233E-0026
  -8.85015938251629794191664596149299886         3.74904370447616449029112308507910155E-0026
  -8.86341307951571438412189896136448417         3.01046451783744658272965471987853584E-0026
  -8.87657929820634062567856296528859728         2.41999220606687814057970625537834787E-0026
  -8.88965790864291360762467855563865784         1.94744878685726128456019593188189319E-0026
  -8.90264878174482836962095970032819179         1.56889509136615188355372347821812453E-0026
  -8.91555178929741202340980390566156305         1.26532379885495322154409803973024284E-0026
  -8.92836680395318917987434184306443695         1.02162961317250897421617329501916991E-0026
  -8.94109369923313881720827225044521076         8.25797152020812803909154871599562842E-0027
  -8.95373234952794257779170069012458073         6.68259996007785653498118498219129908E-0027
  -8.96628263009922448145279595664090836         5.41394403982107306865840040485035943E-0027
  -8.97874441708078204287979473437368777         4.39119065659031557589188432008644476E-0027
  -8.99111758747980878103272267070521907         3.56578415367556277366738437212635042E-0027
  -9.00340201917810810848915751804932539         2.89891847858703452864925848130441528E-0027
  -9.01559759093329858874343656901931333         2.35954951199902171045556445228111080E-0027
  -9.02770418238001054956390542361395939         1.92281830835830084088702083628783620E-0027
  -9.03972167403107404059811734473195084         1.56879920637315315180662343587206055E-0027
  -9.05164994727869812350132123658426936         1.28150499803240507512538426527574644E-0027
  -9.06348888439564148294912077651353432         1.04809567016873143666166517626088127E-0027
  -9.07523836853637434698084660005914198         8.58248497885088746651842224220148738E-0028
  -9.08689828373823170520595683640407999         7.03656134836592558364251925865903611E-0028
  -9.09846851492255781349166787005471437         5.77626327925561447843437936926017882E-0028
  -9.10994894789584197383601611707259779         4.74762387679383421809898640847095809E-0028
  -9.12133946935084557821666200162316765         3.90707887049265283503813855517987481E-0028
  -9.13263996686772040529196835115493951         3.21942488735547925383701002927250813E-0028
  -9.14385032891511815891721624520798702         2.65618509032754798351163122755228283E-0028
  -9.15497044485129123752526110162145985         2.19429967347751844746560774198864059E-0028
  -9.16600020492518472350747961164156702         1.81507564956480695591122271837913327E-0028
  -9.17693950027751958181751318793151121         1.50334378535019057486906000088057702E-0028
  -9.18778822294186705710707501150286216         1.24678117711030031929426129677955604E-0028
  -9.19854626584571425878995469882388948         1.03536639727307253671528978111080373E-0028
  -9.20921352281152092351732620147245024         8.60940842930307146759373732281709167E-0029
  -9.21978988855776734463453993931508238         7.16855240884010911270263436829653782E-0029
  -9.23027525869999345827675849491062704         5.97684497993269029706487952453310406E-0029
  -9.24066952975182907584807560124150005         4.98997455848400027033919883375474749E-0029
  -9.25097259912601525271613977554600686         4.17170793748426921707578063233002656E-0029
  -9.26118436513541678304178592653966149         3.49238464789440217171844493261797785E-0029
  -9.27130472699402581075075972726058555         2.92769758331793744590147049863027964E-0029
  -9.28133358481795654674229963675990120         2.45770446714662782934895799313644718E-0029
  -9.29127083962643108251711930551559921         2.06602564990704987463791513365708556E-0029
  -9.30111639334275629049520784544571397         1.73919245324917859371232652635873829E-0029
  -9.31087014879529180138183621844537496         1.46611726736136680004890823303518841E-0029
  -9.32053200971840904902822392923655120         1.23766221176230160559964797171122238E-0029
  -9.33010188075344137332148042982384572         1.04628766470511978474477279405614950E-0029
  -9.33957966744962517172668928388862065         8.85765576132609911021960125926467696E-0030
  -9.34896527626503209019234932899937123         7.50945380328087210223391945786752618E-0030
  -9.35825861456749224421882494062741381         6.37562658294094780014820181471237004E-0030
  -9.36745959063550846097798617178728742         5.42082579111100312607995435608048326E-0030
  -9.37656811365916153346083814192908772         4.61571664042703146913749798668984173E-0030
  -9.38558409374100647771864670386477814         3.93592638866175513934684876378184920E-0030
  -9.39450744189695978435186325250436326         3.36118126336523596559179232535990840E-0030
  -9.40333807005717765549003467763085223         2.87459727890172722085508244273833746E-0030
  -9.41207589106692521859485402761516390         2.46209688562697616953275160528165123E-0030
  -9.42072081868743670850756256376942425         2.11192861229277862486034850034680313E-0030
  -9.42927276759676660925105366702155920         1.81427109433147282844792945149620815E-0030
  -9.43773165339063174718625262999223287         1.56090631332086618224846119740665331E-0030
  -9.44609739258324432721165284776599124         1.34494966012933070280422931535326823E-0030
  -9.45436990260813590378427742825358119         1.16062669950454582733824972820577185E-0030
  -9.46254910181897227862980489581270878         1.00308835668902194185765643958894292E-0030
  -9.47063490949035931709914757670128408         8.68257747233529520806664727359087830E-0031
  -9.47862724581863967521840054815836486         7.52703094262434770160134772470963093E-0031
  -9.48652603192268042956878681983907005         6.53532175299543923335541365990701055E-0031
  -9.49433118984465160222300981159084068         5.68304555648813131062320085712695798E-0031
  -9.50204264255079557305428630900386965         4.94958531433350241042317914518831850E-0031
  -9.50966031393218737182427103089588641         4.31750250418288495490617627721536412E-0031
  -9.51718412880548584254609684324888768         3.77202925122500753239225628875503913E-0031
  -9.52461401291367567270884161371252647         3.30064418669455156733696659630342387E-0031
  -9.53194989292680028003989283050313563         2.89271784124709772794506823294127878E-0031
  -9.53919169644268554957191351951529581         2.53921584734041657538536326111992477E-0031
  -9.54633935198765441387141679316648718         2.23245025288216845295055321946851999E-0031
  -9.55339278901723226937633066265297562         1.96587091758160893494739402667557096E-0031
  -9.56035193791684322188037864994877512         1.73389033855288666460249392784800492E-0031
  -9.56721673000249715429261435438426622         1.53173638568092436271799073833355539E-0031
  -9.57398709752146760989102856767423370         1.35532836328691758710407723445423108E-0031
  -9.58066297365296048437979489683384940         1.20117258803137725682211756417064659E-0031
  -9.58724429250877352015043325187312256         1.06627431265345835833646752737782560E-0031
  -9.59373098913394659623794908919035010         9.48063354715623986161545999565050133E-0032
  -9.60012299950740280755384907624626645         8.44331228383411320794337017030040346E-0032
  -9.60642026054258032706883996181089518         7.53177941318657631708236122433984971E-0032
  -9.61262271008805504470898600162808619         6.72966921053218869413132824128764671E-0032
  -9.61873028692815397682013040391545661         6.02286786465110965071725665623600042E-0032
  -9.62474293078355944014647702427915706         5.39918889022928701632207438178908297E-0032
  -9.63066058231190398436037905634479963         4.84809722561317528207892885968176789E-0032
  -9.63648318310835607727159083306903968         4.36047445486315242704059416935666087E-0032
  -9.64221067570619653693550617410102520         3.92841880422218157018137393002128092E-0032
  -9.64784300357738570497123108593775476         3.54507457477919046157652104304807293E-0032
  -9.65338011113312135549171914262748492         3.20448651899339155618635924079331424E-0032
  -9.65882194372438733413963364353199934         2.90147537672297225912270672613803609E-0032
  -9.66416844764249292181409075872747574         2.63153137954113910189498020413655567E-0032
  -9.66941957011960291776498142903463474         2.39072302954439450132955235001757825E-0032
  -9.67457525932925843682316588292361392         2.17561887642198147549104355873682395E-0032
  -9.67963546438688841562648236262130502         1.98322036742949981121519311856339924E-0032
  -9.68460013535031182279321011213247657         1.81090414003680326351691442424271823E-0032
  -9.68946922322023056808637496554425785         1.65637237550304349151794255214414593E-0032
  -9.69424267994071310570408307939774535         1.51761004104893385134572331745958332E-0032
  -9.69892045839966872692291357207940812         1.39284802496394540107633125934349577E-0032
  -9.70350251242931253741329315963336122         1.28053131817271466520475729928595449E-0032
  -9.70798879680662111463771440418314430         1.17929152188927586992841922721384865E-0032
  -9.71237926725377884083464301088250046         1.08792306768598991075239521070652638E-0032
  -9.71667388043861490718298781414528809         1.00536262667130418852811327286680298E-0032
  -9.72087259397503098483407877555428073         9.30671261081413174222064699586671992E-0033
  -9.72497536642341955859021256560637032         8.63018936603204107995620923209085256E-0033
  -9.72898215729107291910098121018769022         8.01671068969513870981288135516928956E-0033
  -9.73289292703258280954079594084429205         7.45976825322342285820483471418675061E-0033
  -9.73670763705023072282325488557882199         6.95358940802362085670498416452343645E-0033
  -9.74042624969436884550027866372394739         6.49304844868091593155266256311090831E-0033
  -9.74404872826379164458625139369796140         6.07358920879919475310527530029192278E-0033
  -9.74757503700609809363975517504056225         5.69115747265009998522433314750044804E-0033
  -9.75100514111804453452787285459460432         5.34214189751907046257153530353504544E-0033
  -9.75433900674588817139045591922281846         5.02332232271215244479171417256900823E-0033
  -9.75757660098572119341421076185877236         4.73182449619782717045264823262150426E-0033
  -9.76071789188379552311894643148149203         4.46508038268342187815162943854701435E-0033
  -9.76376284843683818695084938793548878         4.22079333085072707715634015965789552E-0033
  -9.76671144059235730507020482623355830         3.99690747528381673498077469382054695E-0033
  -9.76956363924893869731356889860767082         3.79158083267472065474802389755783622E-0033
  -9.77231941625653310240301073233929386         3.60316162419386970483183960460753352E-0033
  -9.77497874441673400756768660323615183         3.43016741816527362440114244428395474E-0033
  -9.77754159748304608583568006417407913         3.27126674083974529460263715601725582E-0033
  -9.78000795016114423834674033076085875         3.12526284934629493657598273321571319E-0033
  -9.78237777810912323912927587700651840         2.99107940087281767922680324521813154E-0033
  -9.78465105793773797987771007774704890         2.86774778667853026982092778437942056E-0033
  -9.78682776721063431235907993606169589         2.75439592943728567339379287846679419E-0033
  -9.78890788444457048617055653740410351         2.65023836830658801550462842253745068E-0033
  -9.79089138910962917966238596175969170         2.55456747857093221277936914623300767E-0033
  -9.79277826162942012193359104474903089         2.46674569219865178771294358390546410E-0033
  -9.79456848338127330390063669190971265         2.38619860258896759945209462849953006E-0033
  -9.79626203669642277653214350089410584         2.31240885152227884694036073121933203E-0033
  -9.79785890486018103443563531730868516         2.24491070916412241774944257623914424E-0033
  -9.79935907211210398307522512449863321         2.18328526917146201639982876671526973E-0033
  -9.80076252364614648799207942867803508         2.12715619073269971635523062227770659E-0033
  -9.80206924561080850449245313118293523         2.07618592793279124319548170000399939E-0033
  -9.80327922510927178636105386188477804         2.03007239433847270144936888498510505E-0033
  -9.80439245019952717225047596439857994         1.98854601728970945368508955956743852E-0033
  -9.80540890989449244849043885696668985         1.95136714218663445087271428509924230E-0033
  -9.80632859416212078715357142497658421         1.91832375218457425473678079319714055E-0033
  -9.80715149392549975830750251403889953         1.88922947324733541488277871920139697E-0033
  -9.80787760106294091547604656835583769         1.86392183854282478365912106602160672E-0033
  -9.80850690840805995342531207959146039         1.84226078976718064298715792065101749E-0033
  -9.80903940974984743748360785836092974         1.82412739621710306234503666843306383E-0033
  -9.80947509983273010369707729544537610         1.80942277535086114027668075078037570E-0033
  -9.80981397435662272921605282449625126         1.79806720123621736048222052073808605E-0033
  -9.81005602997697057240019081383274653         1.78999938972278709140519398372233582E-0033
  -9.81020126430478238222352018341447562         1.78517595143743410875537114970678058E-0033
  -9.81024967590665397665361524559550042         1.78357100582103353558675580011733858E-0033
