   6.85563768476525235070127876458129099                                            Infinity
   6.85557002238903661881378758077641842         23.2151726083566531790158559870435645      
   6.85543469830440549188172353595014524         11.6076435855563236629004201955521399      
   6.85523171384695305267120053871405259         7.73849270359938980589086854985334309      
   6.85496107102005394809713232639857572         5.80393635751289372101787683538218961      
   6.85462277249484361672426247937837953         4.64321782651333532935231905898109177      
   6.85421682161019192573876678918534723         3.86941820384881007470199583201698131      
   6.85374322237267021765062042750869258         3.31671510106217616316231744950880784      
   6.85320197945651176705196565993376594         2.90219732405685049432315023401093364      
   6.85259309820356564782175593507775331         2.57980309845207763620620234039853789      
   6.85191658462324401123198841472218036         2.32189535972504071453463462508514874      
   6.85117244539246277547586875173754452         2.11088688509364209030528345550031526      
   6.85036068785557572720327852820759823         1.93505285945789645047616299200508383      
   6.84948132002430203571393659440323051         1.78627610321452962914888029985018114      
   6.84853435057764718052365995839949629         1.65875863100818029539962746789398026      
   6.84751978886181729308413722450785136         1.54824858698212317142214535761157799      
   6.84643764489012691350162722471305666         1.45155707930997311293168201821461416      
   6.84528792934290016316498678944004953         1.36624554371620146297232990401574048      
   6.84407065356736533425841392079255548         1.29041731915648212986693333724182922      
   6.84278582957754289719926532155302688         1.22257504170424591352089056552088142      
   6.84143347005412692710626965545845048         1.16152082027127019470097901095131848      
   6.84001358834435995046840942741580268         1.10628493355095886785892493388088930      
   6.83852619846190121324968433534917291         1.05607397324982016885737827452740693      
   6.83697131508668837172989671734672081         1.01023251517160390943570522918189497      
   6.83534895356479260744651465788859612        0.968214372530405793052993908000142808      
   6.83365912990826716766756978450272430        0.929560748468628030937796721966743609      
   6.83190186079498933289043414066243621        0.893883430301565717607588425449786273      
   6.83007716356849581292619312169642982        0.860851718374308585410030774592413387      
   6.82818505623781157319418866766111428        0.830182155877879294977318076059446705      
   6.82622555747727209291614808041347636        0.801630383530999444236182908803393598      
   6.82419868662633905696413833156309337        0.774984623325503496642199950533221100      
   6.82210446368940948318139291378313145        0.750060423482318842099858760083360330      
   6.81994290933561828705984752050134788        0.726696388728200650724872113889431199      
   6.81771404489863428572299147882971293        0.704750686885788686292604126240592112      
   6.81541789237644964322739326846515623        0.684098171947772736427987750648746638      
   6.81305447443116275926098999613398365        0.664628000338344937892411538281783273      
   6.81062381438875460338094172208443314        0.646241644464410991298288776335487436      
   6.80812593623885849699854141348402487        0.628851228393632909509376998893015872      
   6.80556086463452334538333939088781710        0.612378126320150124192786155653929941      
   6.80292862489197032202328679996237837        0.596751776650959759764051418936763013      
   6.80022924299034300774232524335172620        0.581908673979340722167764411248439678      
   6.79746274557145098704144860915655551        0.567791508574362904142161421553445057      
   6.79462915993950690419383769540174037        0.554348428800467322635147377559340861      
   6.79172851406085698168921781676452876        0.541532406455245177914941828529606115      
   6.78876083656370500368711355364859615        0.529300688652066007683456894687552365      
   6.78572615673782976720317252759169852        0.517614322785022856512613153331470639      
   6.78262450453429600381720092442053495        0.506437743454972307868469157936358191      
   6.77945591056515877475599680121444932        0.495738412128421209475378434505076916      
   6.77622040610316134226848236898027685        0.485486501839053284356009062129188071      
   6.77291802308142652027502280422242403        0.475654620497232788522911431381168938      
   6.76954879409314150733717607384770265        0.466217567402368430582157471011775964      
   6.76611275239123620505844512389666744        0.457152118400882224979601903723516638      
   6.76260993188805502509089994856193965        0.448436835833644155009154050861616161      
   6.75904036715502218798680188726217846        0.440051899998792257421646183411569833      
   6.75540409342230051719859535991984477        0.431978959340906686905711798549332125      
   6.75170114657844373159483251008949561        0.424200996983183619365160817367324243      
   6.74793156317004223992376324857020782        0.416702211559734015965618123011627233      
   6.74409538040136244072045634330839756        0.409467910591851565121907643439591716      
   6.74019263613397953121741585178734694        0.402484414894322489679503179554539516      
   6.73622336888640382888272070707941459        0.395738972703128186273905152116746350      
   6.73218761783370060927374301602516359        0.389219682390378201622926286011449012      
   6.72808542280710346395849197567245765        0.382915422781053672869305954667475225      
   6.72391682429362118232058463058919713        0.376815790213292310465581788308256955      
   6.71968186343563816112776134775247265        0.370911041592932531842894650606915593      
   6.71538058203050834580774224658303869        0.365192042786694653109261442613487196      
   6.71101302253014270743906025888333354        0.359650221779068995934036355528902700      
   6.70657922804059025952830637688054723        0.354277526087669268971475983602815300      
   6.70207924232161261870898234759416924        0.349066383992136943286633503826430324      
   6.69751310978625211356087495905769147        0.344009669184025197813277005884472597      
   6.69288087550039344581254350964689272        0.339100668490606538322803622491946347      
   6.68818258518231890825314742743177866        0.334333052365211724446235102833173904      
   6.68341828520225716374343368402030331        0.329700847871343398811456479354902138      
   6.67858802258192558977925299916537822        0.325198413918114101938100300888666939      
   6.67369184499406619312447923125601361        0.320820418531128254246837629777519214      
   6.66872980076197509909366716793594144        0.316561817966266110208030468173540978      
   6.66370193885902562012819954415627218        0.312417837494365502482886883591107095      
   6.65860830890818490837304389608594225        0.308383953702902897324759549699661459      
   6.65344896118152419702456318304091400        0.304455878176764734874457618033606955      
   6.64822394659972263528310035097454398        0.300629542434344543538361495486975493      
   6.64293331673156472180728554558635468        0.296901084007734432686972245299077717      
   6.63757712379343134163019488671450672        0.293266833566902707517554600992522890      
   6.63215542064878441156062096481540030        0.289723302997636585130070750788182130      
   6.62666826080764513915579689192222948        0.286267174351831041719494181588901904      
   6.62111569842606590041494721092219598        0.282895289596552432392449844998092096      
   6.61549778830559574140601961620437898        0.279604641095312321192074868417234837      
   6.60981458589273950910088064411335018        0.276392362761251858936025180789956199      
   6.60406614727841061675713563211163636        0.273255721827546317421800511731336976      
   6.59825252919737744924755770053511360        0.270192111185368390094449596179043304      
   6.59237378902770341380088166026734671        0.267199042244263541109747148731053885      
   6.58642998479018064168043597403584180        0.264274138273848816715361027522387056      
   6.58042117514775734638974857935150300        0.261415128189398851663199617508253110      
   6.57434741940495884405686989891692760        0.258619840747173903815054759400666147      
   6.56820877750730224171170810170852184        0.255886199118313895074070684299333219      
   6.56200531004070479923316701753156526        0.253212215812804245135134243627677222      
   6.55573707823088597080531543285226501        0.250595987927444324022451257056747191      
   6.54940414394276313178419718988574080        0.248035692693944648276076702643251718      
   6.54300656967984099693921395859125838        0.245529583305268435271595858913905593      
   6.53654441858359473609527613729863090        0.243075985000138027959138352724858738      
   6.53001775443284679326412144764605985        0.240673291387265844189495567798936902      
   6.52342664164313741541534480942025242        0.238319960992359633778569119322412897      
   6.51677114526608889709976639741815908        0.236014514012307843836520059486555065      
   6.51005133098876354719978678285875479        0.233755529262186077031878901305747117      
   6.50326726513301538414333813403091064        0.231541641301851824768739006289112867      
   6.49641901465483556597993798324863285        0.229371537729922448973209517068120647      
   6.48950664714369156177918644889407074        0.227243956633870234389494819980192953      
   6.48253023082186007087381842208153296        0.225157684185826708787142410351269950      
   6.47548983454375369653112847762089503        0.223111552374473923043598306497565204      
   6.46838552779524138069822753948078852        0.221104436864119807992902462313646427      
   6.46121738069296260652816601347613230        0.219135254972714197781028802297353947      
   6.45398546398363537545546758670386372        0.217202963761167130431580789469585005      
   6.44668984904335796565106057725141138        0.215306558226886555573793583235949535      
   6.43933060787690447874796899248989128        0.213445069594963056432031616472860490      
   6.43190781311701418179043271408916482        0.211617563700898649838369601467009889      
   6.42442153802367465142036486767675267        0.209823139459208794338810068693156943      
   6.41687185648339872737622385040659511        0.208060927412624692274788809682807292      
   6.40925884300849528244047707688929124        0.206330088356989783165103195292536181      
   6.40158257273633381603286265993447257        0.204629812037282677648547276116217736      
   6.39384312142860287870761336503531114        0.202959315910511106110964525012710752      
   6.38604056547056233487369366485267035        0.201317843971509959596181176812875063      
   6.37817498187028947111791497120714012        0.199704665637943184485646853681316803      
   6.37024644825791895757153553704890014        0.198119074691055975025786468405719483      
   6.36225504288487666982161950005497173        0.196560388268952042084332787102876725      
   6.35420084462310737892902348413233447        0.195027945909382226485618860073693105      
   6.34608393296429631717539848714582894        0.193521108639226740367979367169990121      
   6.33790438801908462722203886534076233        0.192039258108035108197876575638354831      
   6.32966229051627870242377848063268381        0.190581795763156578517269271073835554      
   6.32135772180205342610142591038084035        0.189148142064150426982732582792770095      
   6.31299076383914931763644543539121789        0.187737735734311119592657233514231244      
   6.30456149920606359331172772641382479        0.186350033047278619469399569658603078      
   6.29607001109623514988235314877721630        0.184984507146829994489566542830132663      
   6.28751638331722347892023080628288989        0.183640647398065642633415607243089010      
   6.27890070028988152003639725708300534        0.182317958768312562371075321285562483      
   6.27022304704752246114457966478976660        0.181015961236168766501608123184894487      
   6.26148350923508049398936840710657352        0.179734189227207728960349837393485610      
   6.25268217310826553322200326221729156        0.178472191074950178643227921311850459      
   6.24381912553271190736635464120954992        0.177229528505793083861377599085149561      
   6.23489445398312103007717634493650953        0.176005776146662739088922140682685135      
   6.22590824654239806015211840874724859        0.174800521054230870851998742632461254      
   6.21686059190078255881831717206559196        0.173613362264599988802224789022670567      
   6.20775157935497315287362418632168266        0.172443910362427159063828341812802218      
   6.19858129880724621232169536952088808        0.171291787068514281136977803484990622      
   6.18934984076456855119923634488742372        0.170156624844948093991273003487363315      
   6.18005729633770416035268858150359415        0.169038066516924786270504075713705937      
   6.17070375724031498098054320448533597        0.167935764910442484162738309301105736      
   6.16128931578805572781628457964943469        0.166849382505090264208436169086670616      
   6.15181406489766277088569342235463564        0.165778591101204895738409277206617640      
   6.14227809808603708483087865261978420        0.164723071500706451650246570723084682      
   6.13268150946932127485195793998925301        0.163682513200961415309094695077352184      
   6.12302439376197068837576827405707695        0.162656614101057120695006682232817525      
   6.11330684627581862161935938308633836        0.161645080219904445517219454541662645      
   6.10352896291913563027430382766617082        0.160647625425616774658234395582218765      
   6.09369084019568295359604754362548263        0.159663971175642495451474843589001005      
   6.08379257520376006124062292415868903        0.158693846267155798876478862582850441      
   6.07383426563524633224905264190767569        0.157736986597236454948961305321382251      
   6.06381600977463687563768574508872792        0.156793134932393611479701867247752582      
   6.05373790649807250211052754607229457        0.155862040687011630608137484125679556      
   6.04360005527236385646735088545713115        0.154943459710317617831498676455223580      
   6.03340255615400972033900792989571760        0.154037154081490698037949005948613649      
   6.02314550978820949493889817892443586        0.153142891912552330826856820445748544      
   6.01282901740786987357698924696771320        0.152260447158695106243627810296884035      
   6.00245318083260571374013168460166650        0.151389599435724590028607211971986274      
   5.99201810246773511859965704211079917        0.150530133844304957987637621044824364      
   5.98152388530326873786439899333693126        0.149681840800714431238652069613549422      
   5.97097063291289329795433006474927424        0.148844515873830952988384979108131277      
   5.96035844945294937152696079047101125        0.148017959628082184563404902126725504      
   5.94968743966140339644550337656522756        0.147201977472106791649887805575860095      
   5.93895770885681395433455764607307605        0.146396379512886185896494538370074513      
   5.92816936293729231892573258995383394        0.145600980415117424062494687503709839      
   5.91732250837945728445217170903273167        0.144815599265608885866285753671708734      
   5.90641725223738428440740394014431225        0.144040059442490689178983414428465406      
   5.89545370214154881104029375869240769        0.143274188489041591418719864071906042      
   5.88443196629776414601411348366300795        0.142517817991943400938281023661929382      
   5.87335215348611341271390732456423255        0.141770783463782711819532348787157839      
   5.86221437305987596074235974868477676        0.141032924229628107845688881359857960      
   5.85101873494444809320031975833650197        0.140304083317518882796376891514138503      
   5.83976534963625814740396709928277073        0.139584107352708819228256571571588802      
   5.82845432820167593974633572228842903        0.138872846455515679654144670118640919      
   5.81708578227591658546653343963428570        0.138170154142633814169636267578261329      
   5.80565982406193870414551410853583173        0.137475887231773697413579388635454906      
   5.79417656632933702180266928575865119        0.136789905749498294354375560442220247      
   5.78263612241322938052280958545100975        0.136112072842131936669730780915289201      
   5.77103860621313816659830138949643020        0.135442254689622886246979040061235888      
   5.75938413219186616822621156176912895        0.134780320422245985372039421627407797      
   5.74767281537436687385529086086657555        0.134126142040036759345460631052046593      
   5.73590477134660922233249528758504290        0.133479594334853060524213394989754083      
   5.72408011625443681605350310206542307        0.132840554814964836268196006726303940      
   5.71219896680242160837633316072364504        0.132208903632076879324583654696003632      
   5.70026144025271207661170701543973646        0.131584523510693489438248526098562930      
   5.68826765442387589195822234875593393        0.130967299679737850379268222934708193      
   5.67621772768973709780471825187308628        0.130357119806342617438674815452305045      
   5.66411177897820780787641305098925978        0.129753873931731726473851518880198342      
   5.65194992777011443575548231706081790        0.129157454409116785938759687797128243      
   5.63973229409801846736071782056820800        0.128567755843534606640463200796648983      
   5.62745899854503178802476698364319642        0.127984675033555468359390451233372568      
   5.61513016224362657586119630539688383        0.127408110914794625632229720474874702      
   5.60274590687443977316725076204770746        0.126837964505162324166091911383653628      
   5.59030635466507214766169378219379261        0.126274138851790241366912057997386586      
   5.57781162838888195541050854115680761        0.125716538979574785778591096847569068      
   5.56526185136377321734652047974650505        0.125165071841280096938107018760534284      
   5.55265714745097862134216260621249393        0.124619646269145885014789614177043212      
   5.53999764105383706184764876087858633        0.124080172927947444061448344089681666      
   5.52728345711656582915974508747603665        0.123546564269457268905524321457207434      
   5.51451472112302746043913594115615291        0.123018734488259708514217307455228993      
   5.50169155909549126464706684939643796        0.122496599478872002679345982754877188      
   5.48881409759338953362451340852408180        0.121980076794126878438185057023017898      
   5.47588246371206845158957062655863989        0.121469085604773631894779748946747499      
   5.46289678508153371538108169490472989        0.120963546660256293931408982339913318      
   5.44985718986519087782872797068434104        0.120463382250629078393894753392865544      
   5.43676380675858042668188256296610200        0.119968516169570842194031145089810573      
   5.42361676498810761158148782581125533        0.119478873678461751710190521283828621      
   5.41041619430976703161105175610924808        0.118994381471486752022294529719104008      
   5.39716222500786199601456926303252245        0.118514967641731777865300009886436820      
   5.38385498789371867072076100823370762        0.118040561648239930547242695523123794      
   5.37049461430439502336448450249884525        0.117571094283996076129112245937555704      
   5.35708123610138457954750887754847887        0.117106497644809499442287282004125249      
   5.34361498566931500313205572437152871        0.116646705099065378432980097108855522      
   5.33009599591464151341159309645331345        0.116191651258316926157537253032001434      
   5.31652440026433515205432771333332929        0.115741271948691085677073860830452206      
   5.30290033266456591276567106416634530        0.115295504183081658174872380597515610      
   5.28922392757938074666665800068364697        0.114854286134104698801863060983129973      
   5.27549531998937645643587102374310083        0.114417557107791929903103974465693530      
   5.26171464539036749231286930836581740        0.113985257517998799157756833261597781      
   5.24788203979204866311143808090367219        0.113557328861504652455355788340802062      
   5.23399763971665277544116076216148204        0.113133713693783299628127624841738668      
   5.22006158219760321438587282658678396        0.112714355605423026980308729014319078      
   5.20607400477816147893748210600117103        0.112299199199175855344190458707443773      
   5.19203504551006968553343479403266297        0.111888190067616557522131031879218500      
   5.17794484295218805309576919296679040        0.111481274771392635750580868456743331      
   5.16380353616912738301922979801327002        0.111078400818047119489824819527097408      
   5.14961126472987654760531214613881815        0.110679516641396677585460698655776727      
   5.13536816870642500048837348010811119        0.110284571581448147791803795966324996      
   5.12107438867238032264907520698217742        0.109893515864837171866950552108589915      
   5.10673006570158081765941987914424050        0.109506300585773186966770723582787167      
   5.09233534136670316985250751137902789        0.109122877687475564854967527604948695      
   5.07789035773786517915886298737377560        0.108743199944086210437088476159395013      
   5.06339525738122358639977762232242684        0.108367220943044431203061516614054358      
   5.04885018335756700287656315552206446        0.107994895067910370169293877846841961      
   5.03425527922090395814293506971927832        0.107626177481623757652262212757740590      
   5.01961068901704607989592369560849882        0.107261024110185182448309805510169423      
   5.00491655728218641996875558477181552        0.106899391626747511471194668581276135      
   4.99017302904147294045705364830537889        0.106541237436105499308389638523257430      
   4.97538024980757717405747208858799558        0.106186519659572026165924759021571686      
   4.96053836557925807274551072666691201        0.105835197120229784916081414687074746      
   4.94564752283992105896674247748904074        0.105487229328547606050086902367787273      
   4.93070786855617229356303698099446075        0.105142576468350963849316196676287157      
   4.91571955017636817470257229159474626        0.104801199383136548577533739785565091      
   4.90068271562916008212949459584888476        0.104463059562721118492772393863953381      
   4.88559751332203438109601270368138862        0.104128119130215162486344379998910634      
   4.87046409213984770038649907911239411        0.103796340829312209661570874761772279      
   4.85528260144335749888981198043870736        0.103467688011884916628110547340183200      
   4.84005319106774793522255340677243456        0.103142124625879347150942071475768989      
   4.82477601132115105495233453887231312        0.102819615203499132478434553938018062      
   4.80945121298316331001633375976760944        0.102500124849671464585411276259355401      
   4.79407894730335742497650168866761441        0.102183619230787129091004286280706740      
   4.77865936599978962479869250538577925        0.101870064563707030117007704134329324      
   4.76319262125750223888878072872643217        0.101559427605027896194020318892565847      
   4.74767886572702169616445708915507940        0.101251675640600084838381378757733290      
   4.73211825252285192598688575320639999        0.100946776475290623936719228148096989      
   4.71651093522196317982174746552314476        0.100644698422984840897009794389233825      
   4.70085706786227628854438872665377479        0.100345410296820135952367385736563709      
   4.68515680494114237034884547470510441        0.100048881399645654320785648718808986      
   4.66941030141381800426541044203932150         9.97550815147018034031466596894462671E-0002
   4.65361771269193588433616597127081725         9.94639808965137461040178272688305182E-0002
   4.63777919464197096954250815616696417         9.91755502619931799351403011895471143E-0002
   4.62189490358370214462314328246414216         9.88897607817428840497397569750979564E-0002
   4.60596499628866940696534324232185543         9.86065840715586829865735356401387356E-0002
   4.58998962997862659479640244687443617         9.83259921841236368961806732888865494E-0002
   4.57396896232398967194624432830110345         9.80479576008894235892645321731850611E-0002
   4.55790315144228058449598037170391079         9.77724532241400280909866086082342841E-0002
   4.54179235589656670467092831502966782         9.74994523692330006993801957818528704E-0002
   4.52563673469389587738014827095848594         9.72289287570136850173879387160611578E-0002
   4.50943644728372708484795562826622287         9.69608565063979532349107468365598806E-0002
   4.49319165355635674482611725330953754         9.66952101271191172512222186410739204E-0002
   4.47690251384134065791853230814323920         9.64319645126348112137379540897672198E-0002
   4.46056918890591161959314050503210640         9.61710949331897638644108608267500578E-0002
   4.44419183995339271249858840394802535         9.59125770290304978816108040982188366E-0002
   4.42777062862160629474581800774983544         9.56563868037681083288544782208485252E-0002
   4.41130571698127869985722099835098652         9.54025006178853835120115741518020701E-0002
   4.39479726753444066412832606703735307         9.51508951823846391379257830125605456E-0002
   4.37824544321282349718915550548260200         9.49015475525727407887586963781151793E-0002
   4.36165040737625101159440012473307646         9.46544351219798905017281380819399980E-0002
   4.34501232381102722731341824284791666         9.44095356164088507923553217199768346E-0002
   4.32833135672831986703276451487468007         9.41668270881113738952978886101246220E-0002
   4.31160767076253965822549735985339362         9.39262879100886954303207059679994013E-0002
   4.29484143096971545798289925856052392         9.36878967705130402376755540086211756E-0002
   4.27803280282586521664547184427026378         9.34516326672671738687760348486642851E-0002
   4.26118195222536279631113708002363719         9.32174749025991162623072206455245054E-0002
   4.24428904547930066033948650441807398         9.29854030778892145767967089518708014E-0002
   4.22735424931384845001167212998933924         9.27553970885268500786009036253041320E-0002
   4.21037773086860746454612469165215678         9.25274371188941294861926385529684292E-0002
   4.19335965769496106071071716676776573         9.23015036374539843312403569785156511E-0002
   4.17630019775442098831226342416623343         9.20775773919401727947491223520716376E-0002
   4.15919951941696967788435310940097207         9.18556394046467471899614291620305258E-0002
   4.14205779145939849693447404177057728         9.16356709678146168673544581653781015E-0002
   4.12487518306364199115116209091692450         9.14176536391129008826938356129890802E-0002
   4.10765186381510812701154532440002643         9.12015692372128273658097464177175493E-0002
   4.09038800370100455226911378145871499         9.09873998374519972220794274051618278E-0002
   4.07308377310866089084084814269251924         9.07751277675868886545967599185801241E-0002
   4.05573934282384708865197944275003714         9.05647356036315360743863626005101999E-0002
   4.03835488402908782703562742699781969         9.03562061657803723282079731070507414E-0002
   4.02093056830197302032337679889923070         9.01495225144132768757497598387054920E-0002
   4.00346656761346441430149805939972248         8.99446679461809246454871918688706902E-0002
   3.98596305432619830224600252155858056         8.97416259901685808443389326956207858E-0002
   3.96842020119278437528803901317710663         8.95403804041365360417052381670707034E-0002
   3.95083818135410072389929237906669129         8.93409151708354234428966329402665405E-0002
   3.93321716833758500732503078632684216         8.91432144943947064579400076689069679E-0002
   3.91555733605552180783026964564734925         8.89472627967826695051640275839917411E-0002
   3.89785885880332618666217431593456420         8.87530447143362885090505545744251923E-0002
   3.88012191125782345866931128685575970         8.85605450943593998012487583515646975E-0002
   3.86234666847552520255567786421108553         8.83697489917876271535205905412006708E-0002
   3.84453330589090152378459314804309841         8.81806416659185665013977194539267324E-0002
   3.82668199931464958718451792639641167         8.79932085772057665957551295171267630E-0002
   3.80879292493195843634568764361937340         8.78074353841150813832704615972098141E-0002
   3.79086625930077011693309047769143931         8.76233079400420064014684490615294068E-0002
   3.77290217935003712107780141456433493         8.74408122902886469141262745292418823E-0002
   3.75490086237797617004499267889067884         8.72599346690989999414178053401923942E-0002
   3.73686248605031835241308061142056526         8.70806614967512657883272056392689140E-0002
   3.71878722839855563503443871709021398         8.69029793767059371754791022859997340E-0002
   3.70067526781818376408390578940137073         8.67268750928084456584579515277940812E-0002
   3.68252678306694157353694639277222237         8.65523356065451757137393036406759145E-0002
   3.66434195326304671845477820349247418         8.63793480543516866993558097600185323E-0002
   3.64612095788342785048906642178855661         8.62078997449720118932433255332404967E-0002
   3.62786397676195325305389932404384445         8.60379781568679319978118867305067043E-0002
   3.60957119008765595364770067886379224         8.58695709356771479007335890697636209E-0002
   3.59124277840295533084250385856692363         8.57026658917193041234545362336046638E-0002
   3.57287892260187523349260869566265343         8.55372509975488402939215983002900653E-0002
   3.55447980392825862974906512049523874         8.53733143855536731710780229692377333E-0002
   3.53604560397397880350067703174872552         8.52108443455987362476759131159320226E-0002
   3.51757650467714711589629535789280191         8.50498293227134277859966712575147657E-0002
   3.49907268832031734963707052859233833         8.48902579148220413185753780207365904E-0002
   3.48053433752868665376106125601246419         8.47321188705162751927242701792647243E-0002
   3.46196163526829310667614829395746277         8.45754010868689396726211178566830025E-0002
   3.44335476484420991523057836674328463         8.44200936072880014544157213331976877E-0002
   3.42471390989873626764366441020712141         8.42661856194101262160483260746277124E-0002
   3.40603925440958485815219331662339606         8.41136664530329000315167653076517509E-0002
   3.38733098268806610126094119757971615         8.39625255780849301458577987620663248E-0002
   3.36858927937726905351836844986427706         8.38127526026330447482598034718726616E-0002
   3.34981432945023906077106230666564861         8.36643372709258300121096729313884248E-0002
   3.33100631820815214888281275917052366         8.35172694614727608074997801684982486E-0002
   3.31216543127848617593634842299710920         8.33715391851581991483947227279674082E-0002
   3.29329185461318876396772178260584129         8.32271365833895516274234267681028566E-0002
   3.27438577448684202831511795942448556         8.30840519262788938298053780753223581E-0002
   3.25544737749482412269546740220915193         8.29422756108573860174858050174702519E-0002
   3.23647685055146761815367037919532526         8.28017981593218202479646914729227178E-0002
   3.21747438088821473406048955069721760         8.26626102173126545519700814911234459E-0002
   3.19844015605176943936623590958041589         8.25247025522229048520634462501749794E-0002
   3.17937436390224644234826268882341020         8.23880660515372799721084900156763580E-0002
   3.16027719261131708712099114533307698         8.22526917212009593765508299163636937E-0002
   3.14114883066035217520772113419910328         8.21185706840174271995549429167216135E-0002
   3.12198946683856173050382778635366594         8.19856941780747896877936127856578313E-0002
   3.10279929024113172599111309561901004         8.18540535552000163973191261317771397E-0002
   3.08357849026735779059306751063598070         8.17236402794405583643796186915065305E-0002
   3.06432725661877591459060141721830888         8.15944459255728090218838114732184747E-0002
   3.04504577929729017204742939310953827         8.14664621776368858667695691653898694E-0002
   3.02573424860329747872373102756465774         8.13396808274972228078141858981999709E-0002
   3.00639285513380940398597063206702614         8.12140937734284747471760075162186890E-0002
   2.98702178978057105524983403705304365         8.10896930187262472806473245755030719E-0002
   2.96762124372817705352213358578520252         8.09664706703421754494363135143370452E-0002
   2.94819140845218461863624211532717827         8.08444189375428862482383099844604977E-0002
   2.92873247571722378280414287257961165         8.07235301305923900981176852297525674E-0002
   2.90924463757510475113652466899043941         8.06037966594574567357796726527812396E-0002
   2.88972808636292242781050985113155733         8.04852110325355409604178860019310423E-0002
   2.87018301470115812659257657792334980         8.03677658554048334225093781675298557E-0002
   2.85060961549177848445202617279902723         8.02514538295960211425137489205717578E-0002
   2.83100808191633159702795068626278389         8.01362677513853517180293199623888214E-0002
   2.81137860743404039474007498866562192         8.00222005106086042219822829997489328E-0002
   2.79172138577989327836108144398390177         7.99092450894955786180962727402032199E-0002
   2.77203661096273203289507322415248341         7.97973945615247241292463543183088529E-0002
   2.75232447726333703863369434312366526         7.96866420902975353951994013621764033E-0002
   2.73258517923250979828810025517775901         7.95769809284323534543647195794322081E-0002
   2.71281891168915279912146210982208880         7.94684044164772165850386240235487137E-0002
   2.69302586971834672903299022444419099         7.93609059818414138505756850897833515E-0002
   2.67320624866942506557057776613730206         7.92544791377454018151510602700461366E-0002
   2.65336024415404605687509376804318136         7.91491174821887523373337125756487144E-0002
   2.63348805204426211358509518725854846         7.90448146969358066124627208372547119E-0002
   2.61358986847058663075628048677792893         7.89415645465187177265587385902446384E-0002
   2.59366588982005825887537194090186975         7.88393608772575709088220450103854236E-0002
   2.57371631273430264307329027168567128         7.87381976162972774311457183041828347E-0002
   2.55374133410759164966747307485925418         7.86380687706609447058557548519042920E-0002
   2.53374115108490009918798754059327278         7.85389684263194315813024208491603681E-0002
   2.51371596105996002506669797276368685         7.84408907472768041330701579935322798E-0002
   2.49366596167331247719316931708591695         7.83438299746714134004306498417205386E-0002
   2.47359135081035688956521908262789486         7.82477804258923225271048593316460394E-0002
   2.45349232659939803128607144361689635         7.81527364937108166361842144838907091E-0002
   2.43336908740969056018391870184911214         7.80586926454267345048409323358348625E-0002
   2.41322183184948119835335643898972106         7.79656434220293667087814025567034442E-0002
   2.39305075876404854894162935908898320         7.78735834373726703827128972535497708E-0002
   2.37285606723374057352590478309033271         7.77825073773645560947536781161067888E-0002
   2.35263795657200974945087977920592592         7.76924099991700075629766554295313852E-0002
   2.33239662632344592651892576790421381         7.76032861304278000543026299962381465E-0002
   2.31213227626180690244768090190026149         7.75151306684805883028278531475657628E-0002
   2.29184510638804673653251536585918653         7.74279385796181396693734576934425756E-0002
   2.27153531692834182097361774530370286         7.73417048983334930394894222122735814E-0002
   2.25120310833211472934958155913942861         7.72564247265918286261607573757711408E-0002
   2.23084868127005586174130971685269903         7.71720932331118384087980874947966542E-0002
   2.21047223663214290603180083326948596         7.70887056526593914044225904101661473E-0002
   2.19007397552565813492893479616462250         7.70062572853532923328768183833657303E-0002
   2.16965409927320355827973552225391521         7.69247434959829365079375686175538111E-0002
   2.14921280941071395026575624436804805         7.68441597133376679628350371730130988E-0002
   2.12875030768546777109020673798257380         7.67645014295476519042874159775014085E-0002
   2.10826679605409600278822241175728765         7.66857641994360765860704553847803675E-0002
   2.08776247668058891881226194922553534         7.66079436398825036036229848699390752E-0002
   2.06723755193430080706501299408645508         7.65310354291971894374466242923508625E-0002
   2.04669222438795266607238401842212405         7.64550353065062048172364182173445406E-0002
   2.02612669681563289400916480223448645         7.63799390711471821428669825301436859E-0002
   2.00554117219079599030974768653959556         7.63057425820755247845883895597564888E-0002
   1.98493585368425928961591674535499721         7.62324417572809155950358522918929357E-0002
   1.96431094466219774783313206067805644         7.61600325732139654018533244109524451E-0002
   1.94366664868413680008596118731075192         7.60885110642228456137486053423811794E-0002
   1.92300316950094331038233947139788653         7.60178733219997523664623062552646729E-0002
   1.90232071105281463281517494999659358         7.59481154950370528602231218994427006E-0002
   1.88161947746726580414845192300073249         7.58792337880929676985088618339824898E-0002
   1.86089967305711488765342976935132942         7.58112244616666461310231664603699814E-0002
   1.84016150231846648807877999465359694         7.57440838314824941333745905750666013E-0002
   1.81940516992869345765655466700762635         7.56778082679836182236081728101323587E-0002
   1.79863088074441681306373314389568032         7.56123941958342508230489387327167823E-0002
   1.77783883979948388327675113914480808         7.55478380934310258173912596913454469E-0002
   1.75702925230294470827387655103042118         7.54841364924229757650880716945538262E-0002
   1.73620232363702670855755989817766582         7.54212859772401249353024634801653862E-0002
   1.71535825935510764548595351866977875         7.53592831846305550383873423563034453E-0002
   1.69449726517968689241966271124872443         7.52981248032058231394275809685146845E-0002
   1.67361954700035503670646356920262337         7.52378075729946138211496063685199318E-0002
   1.65272531087176183254319621293527657         7.51783282850045101877787588131603764E-0002
   1.63181476301158252477031830371406646         7.51196837807917707774754189399886728E-0002
   1.61088810979848256367068195805446882         7.50618709520390018790458769818853080E-0002
   1.58994555777008073085997732093654785         7.50048867401406171299116162529399196E-0002
   1.56898731362091069637196793983067763         7.49487281357959786080098385807382892E-0002
   1.54801358420038102705712655556232048         7.48933921786101159215385845318668377E-0002
   1.52702457651073366642856483755356127         7.48388759567019220483736289592979197E-0002
   1.50602049770500090610423678908612939         7.47851766063197268826662309567211524E-0002
   1.48500155508496086900928288404232638         7.47322913114641516106491824318577919E-0002
   1.46396795609909152451707032316450188         7.46802173035181491620762228711619847E-0002
   1.44291990834052325572197397026270532         7.46289518608841380690147033812539678E-0002
   1.42185761954498999905123240399156529         7.45784923086281391108971916192240439E-0002
   1.40078129758877897643730395777601564         7.45288360181308261347848823666254207E-0002
   1.37969115048667904028603848012431733         7.44799804067454044136518422073743737E-0002
   1.35858738638992765148967169282864266         7.44319229374622318440898154082011559E-0002
   1.33747021358415651074714032029234732         7.43846611185801001890626596656049977E-0002
   1.31633984048733586346750747628520371         7.43381925033840954420907634395740021E-0002
   1.29519647564771749854537899363346511         7.42925146898299582273821195737791269E-0002
   1.27404032774177646131008233849581727         7.42476253202348669567915833379477592E-0002
   1.25287160557215150096307033673051365         7.42035220809745682399076852892280745E-0002
   1.23169051806558427283050203017230914         7.41602027021867807888431864204010253E-0002
   1.21049727427085731577024245213811958         7.41176649574808007752294129019905577E-0002
   1.18929208335673082508461184287538438         7.40759066636532382842559497088764073E-0002
   1.16807515460987824130210269764618460         7.40349256804098161701102823712706066E-0002
   1.14684669743282067520296993537459732         7.39947199100931642495938473600084673E-0002
   1.12560692134186018947508527892971704         7.39552872974165433767431827097991183E-0002
   1.10435603596501195739773153581197438         7.39166258292034355216735396397175026E-0002
   1.08309425103993531896209574888139766         7.38787335341329375322785431183538149E-0002
   1.06182177641186375484810204142581188         7.38416084824908977885398860707176134E-0002
   1.04053882203153379868790530191509972         7.38052487859267364666881493864183729E-0002
   1.01924559795311290805684553581418419         7.37696525972158916149585555331736268E-0002
  0.997942314332126314642939651411818452         7.37348181100278347048394569050088845E-0002
  0.976629181423382874056062542335561613         7.37007435586996007621394776658977123E-0002
  0.955306409578899935747842481828118932         7.36674272180147796015118883819738080E-0002
  0.933974209245827253522966955512683966         7.36348674029879160868703716709358737E-0002
  0.912632790964369957132064034824965617         7.36030624686542687189955422153459136E-0002
  0.891282365365710605445591139082295939         7.35720108098648772111418219750605695E-0002
  0.869923143169930341717227458836539372         7.35417108610868910541740030993941366E-0002
  0.848555335183929171454128327255270183         7.35121610962091123952459229049009272E-0002
  0.827179152299345383420059342330286150         7.34833600283527078588237378760603985E-0002
  0.805794805490474134305884975258168555         7.34553062096870452264870042586353976E-0002
  0.784402505812185217610140665907654632         7.34279982312506121629362400409190615E-0002
  0.763002464397840037280468923416857748         7.34014347227769754305106639106380298E-0002
  0.741594892457207806674548639184619880         7.33756143525257402737802163212998944E-0002
  0.720180001274380993406792603371096930         7.33505358271184708799189324541392626E-0002
  0.698758002205690030654531019042272772         7.33261978913795340300810503913154193E-0002
  0.677329106677617315504638556824037089         7.33025993281818292523676112256658061E-0002
  0.655893526184710514928599115920259927         7.32797389582973699686626529739713729E-0002
  0.634451472287495199980835885147469592         7.32576156402526812960998073868421833E-0002
  0.613003156610386828821764462802961013         7.32362282701889813196503188261562359E-0002
  0.591548790839602099173453631276489752         7.32155757817271137957533748896768879E-0002
  0.570088586721069690822001827907794300         7.31956571458372013784836048894950377E-0002
  0.548622756058340418786757346260166517         7.31764713707129895799066340374167086E-0002
  0.527151510710496817782326782309252119         7.31580175016508527854434326907899042E-0002
  0.505675062590062178604929150629885965         7.31402946209334347436736571684803523E-0002
  0.484193623660909057080062381104940188         7.31233018477178970384773007724496283E-0002
  0.462707405936167276213654513591306202         7.31070383379287501301573311165000532E-0002
  0.441216621476131442193873784982182121         7.30915032841552426216128976316055136E-0002
  0.419721482386167994895569900835109367         7.30766959155532854661474403428640313E-0002
  0.398222200814621813543913054836532357         7.30626154977518888854981069008209882E-0002
  0.376718988950722398198187658502381738         7.30492613327640908105572009307686158E-0002
  0.355212059022489647720884227338866609         7.30366327589023566934134937701177827E-0002
  0.333701623294639254901215396889367182         7.30247291506984315681575431693812569E-0002
  0.312187894066487739405960573366177380         7.30135499188276262597531555199339277E-0002
  0.290671083669857139234118221617152135         7.30030945100375206555555606956218988E-0002
  0.269151404466979381355215222728390977         7.29933624070810679631309846924515842E-0002
  0.247629068848400352214289061349986674         7.29843531286540848812740392605420030E-0002
  0.226104289230883688789520797602322485         7.29760662293371136088975261687656771E-0002
  0.204577278055314310891254810939695069         7.29685012995416426091497949272517862E-0002
  0.183048247784601715393695146395526093         7.29616579654606740340609042547206909E-0002
  0.161517410901583053092917922003692074         7.29555358890236266985912115591246443E-0002
  0.139984979906926008886984646693663569         7.29501347678555644725130217715351373E-0002
  0.118451167317031505975882429419106109         7.29454543352407409344538078552604451E-0002
   9.69161856619362547807539135420627955E-0002   7.29414943600904521050225716398981677E-0002
   7.53802474832151672834123284159363600E-0002   7.29382546469151900455816962989939277E-0002
   5.38435653318836574884652975643271482E-0002   7.29357350358010910762661390231888250E-0002
   3.23063517662998487114949667302005778E-0002   7.29339354023906733316396362145219136E-0002
   1.07688193500667083976616042781372841E-0002   7.29328556578678593352621650931787056E-0002
  -1.07688193500658688241869281044033585E-0002   7.29324957489472802357716401448413674E-0002
  -3.23063517662990091463065418019966516E-0002   7.29328556578678593072023133722095930E-0002
  -5.38435653318828179398492933452287265E-0002   7.29339354023906732755185480441089612E-0002
  -7.53802474832143277596547508064171222E-0002   7.29357350358010909920810447796411609E-0002
  -9.69161856619354152901405230999615305E-0002   7.29382546469151899333284411298842414E-0002
 -0.118451167317030666526698659582515117         7.29414943600904519646956149636888855E-0002
 -0.139984979906925169487515522007045514         7.29454543352407407660462226939642257E-0002
 -0.161517410901582213751447976348032712         7.29501347678555642760164939162599584E-0002
 -0.183048247784600876118508341223329329         7.29555358890236264739960385683164965E-0002
 -0.204577278055313471690634453515627771         7.29616579654606737813559942848792199E-0002
 -0.226104289230882849671749459250315975         7.29685012995416423283226653958563295E-0002
 -0.247629068848399513187648495707601570         7.29760662293371132999343022491120217E-0002
 -0.269151404466978542427986284009252138         7.29843531286540845441594522081515140E-0002
 -0.290671083669856300414580782882260992         7.29933624070810675978483700026770631E-0002
 -0.312187894066486900702393444804907116         7.30030945100375202620868560920360977E-0002
 -0.333701623294638416321896244110948671         7.30135499188276258380788987730484254E-0002
 -0.355212059022488809274089489675170826         7.30247291506984311182568697452049836E-0002
 -0.376718988950721559892192467322804711         7.30366327589023562152641343080259825E-0002
 -0.398222200814620975386991151875789291         7.30492613327640903041354785501139895E-0002
 -0.419721482386167156895993556534744227         7.30626154977518883507789343356801330E-0002
 -0.441216621476130604359913716846597675         7.30766959155532849031043169042726410E-0002
 -0.462707405936166438553579804559121716         7.30915032841552420302179059965967942E-0002
 -0.484193623660908219602140397936480708         7.31070383379287495103811339432206617E-0002
 -0.505675062590061341317425462311610403         7.31233018477178963902891371405880124E-0002
 -0.527151510710495980693505078475924199         7.31402946209334340670413388442013205E-0002
 -0.548622756058339581904879355635574356         7.31580175016508520803333402153297494E-0002
 -0.570088586721068854155327236764822894         7.31764713707129888462837126384514783E-0002
 -0.591548790839601262730240001917352453         7.31956571458372006163113602143537116E-0002
 -0.613003156610385992610267152060393307         7.32155757817271130049938685594299028E-0002
 -0.634451472287494364009307962907690038         7.32362282701889805002641638095676056E-0002
 -0.655893526184709679205291283668501921         7.32576156402526804480461631931313327E-0002
 -0.677329106677616480037799066213456226         7.32797389582973690918992206632882675E-0002
 -0.698758002205689195452405590487033199         7.33025993281818283468506282361398513E-0002
 -0.720180001274380158477624344664438550         7.33261978913795330957652851814951991E-0002
 -0.741594892457206972026577964142717222         7.33505358271184699167576789595961087E-0002
 -0.763002464397839202921933470549254846         7.33756143525257392817252882241243995E-0002
 -0.784402505812184383549275217115103472         7.34014347227769744095123887205131697E-0002
 -0.805794805490473300550921374558655249         7.34279982312506111129434529864088810E-0002
 -0.827179152299344549979226414614053712         7.34553062096870441474470419872821178E-0002
 -0.848555335183928338335651797069639103         7.34833600283527067506824319618363849E-0002
 -0.869923143169929508929329869201326789         7.35121610962091112579475931615154000E-0002
 -0.891282365365709772996491770336636229         7.35417108610868898876614506979067893E-0002
 -0.912632790964369125029978823506330805         7.35720108098648760153563223642064145E-0002
 -0.933974209245826421776108413268908406         7.36030624686542674938768378429269240E-0002
 -0.955306409578899104364419614363223101         7.36348674029879148323566645045859756E-0002
 -0.976629181423382043044280768390181395         7.36674272180147783175398322275537134E-0002
 -0.997942314332125484011000721779034074         7.37007435586995994486441702817255544E-0002
  -1.01924559795311207781294745239155106         7.37348181100278333617544319100816739E-0002
  -1.04053882203153296884024223679368032         7.37696525972158902422157741074822236E-0002
  -1.06182177641186292540486425601700347         7.38052487859267350642179917614064621E-0002
  -1.08309425103993448993146951308236099         7.38416084824908963562711428078815270E-0002
  -1.10435603596501112878789904721045299         7.38787335341329360701384061739260637E-0002
  -1.12560692134185936129422458204905108         7.39166258292034340295875932133216962E-0002
  -1.14684669743281984745925484095972520         7.39552872974165418546353938749086733E-0002
  -1.16807515460987741400370270199143198         7.39947199100931626973865564739845002E-0002
  -1.18929208335672999823969204719483233         7.40349256804098145877241932626972519E-0002
  -1.21049727427085648938696348197935316         7.40759066636532366716101196398532081E-0002
  -1.23169051806558344691701995487433742         7.41176649574807991322412423029827735E-0002
  -1.25287160557215067552753658892665822         7.41602027021867791154284083951881432E-0002
  -1.27404032774177563636064363366236261         7.42035220809745665359803548874298788E-0002
  -1.29519647564771667409017724968486621         7.42476253202348652222640665925452279E-0002
  -1.31633984048733503951467973321664357         7.42925146898299564621650823009843357E-0002
  -1.33747021358415568730481865987043624         7.43381925033840936460931597983387713E-0002
  -1.35858738638992682856598315833105515         7.43846611185800983621917204739933179E-0002
  -1.37969115048667821788910499612915544         7.44319229374622299862510362137835143E-0002
  -1.40078129758877815457524225000169282         7.44799804067454025247489711087351052E-0002
  -1.42185761954498917773215391918800054         7.45288360181308242147199075830054021E-0002
  -1.44291990834052243495398479615461742         7.45784923086281371595703288052510925E-0002
  -1.46396795609909070430827110844759691         7.46289518608841360863243826836426959E-0002
  -1.48500155508496004936776875843316581         7.46802173035181471479190757241920590E-0002
  -1.50602049770500008703809728342646705         7.47322913114641495649200280883664489E-0002
  -1.52702457651073284794588380396994048         7.47851766063197248052580627512705877E-0002
  -1.54801358420038020916598208768171653         7.48388759567019199391776003001020697E-0002
  -1.56898731362090987908043229305297539         7.48933921786101137804439946179844845E-0002
  -1.58994555777007991417611683276464013         7.49487281357959764349041178409600555E-0002
  -1.61088810979848174760255696848275971         7.50048867401406149246803115027167124E-0002
  -1.63181476301158170932598307567617526         7.50618709520389996415726362945630746E-0002
  -1.65272531087176101773069885281170670         7.51196837807917685076419762285313009E-0002
  -1.67361954700035422253384594738920649         7.51783282850045078854649181184570829E-0002
  -1.69449726517968607889496038278660461         7.52378075729946114862332258502867938E-0002
  -1.71535825935510683261719564393772931         7.52981248032058207717845565947114584E-0002
  -1.73620232363702589635276916364751660         7.53592831846305526378915912868967330E-0002
  -1.75702925230294389674106909008638282         7.54212859772401225018259071409771369E-0002
  -1.77783883979948307242393645296747164         7.54841364924229732985006185368405386E-0002
  -1.79863088074441600289891402241147452         7.55478380934310233175607876326578845E-0002
  -1.81940516992869264818772710990450981         7.56123941958342482898412772744924081E-0002
  -1.84016150231846567931393313246377279         7.56778082679836156568870848273733763E-0002
  -1.86089967305711407960054578460174996         7.57440838314824915330017537733550898E-0002
  -1.88161947746726499681550597143218081         7.58112244616666434968581544953681532E-0002
  -1.90232071105281382621013508185211559         7.58792337880929650304091250884604140E-0002
  -1.92300316950094250451316655278135250         7.59481154950370501580439679127684532E-0002
  -1.94366664868413599496060882161632168         7.60178733219997496300568798001814710E-0002
  -1.96431094466219694345954651009132576         7.60885110642228428429678681437843991E-0002
  -1.98493585368425848600203685242659612         7.61600325732139625965460345012646403E-0002
  -2.00554117219079518746350479583201925         7.62324417572809127550485429975180560E-0002
  -2.02612669681563209193848268204292571         7.63057425820755219097653481129752697E-0002
  -2.04669222438795186478517878257007173         7.63799390711471792330502283006905255E-0002
  -2.06723755193430000656919302379685672         7.64550353065062018722656805577813512E-0002
  -2.08776247668058811911572781506826156         7.65310354291971864571593199912266020E-0002
  -2.10826679605409520389886679567369113         7.66079436398825005878541952065941048E-0002
  -2.12875030768546697301591435538790498         7.66857641994360735346529027795216917E-0002
  -2.14921280941071315301440376633249621         7.67645014295476488170514402307401682E-0002
  -2.16965409927320276185919149776304718         7.68441597133376648396085712868166978E-0002
  -2.19007397552565733934705957445997890         7.69247434959829333485461141929243308E-0002
  -2.21047223663214211129644648627010854         7.70062572853532891371434205864115528E-0002
  -2.23084868127005506786031996165834975         7.70887056526593881721678125001862664E-0002
  -2.25120310833211393633079168061627094         7.71720932331118351398399849071463772E-0002
  -2.27153531692834102882485451875319936         7.72564247265918253203148513522238207E-0002
  -2.29184510638804594526159697977099126         7.73417048983334896965686729714354316E-0002
  -2.31213227626180611206241688078985108         7.74279385796181362891882371336165970E-0002
  -2.33239662632344513702711689523603785         7.75151306684805848851859170742962944E-0002
  -2.35263795657200896086031802040281975         7.76032861304277965990090898665990029E-0002
  -2.37285606723373978584437320862996575         7.76924099991700040698339496050488035E-0002
  -2.39305075876404776217690206768809722         7.77825073773645525635615426160322191E-0002
  -2.41322183184948041251319848087691165         7.78735834373726668132683360000174222E-0002
  -2.43336908740968977527608600212692010         7.79656434220293631008786571031238488E-0002
  -2.45349232659939724731831072571395635         7.80586926454267308582714510696870874E-0002
  -2.47359135081035610654526779184190291         7.81527364937108129507366212948833490E-0002
  -2.49366596167331169512875554421817229         7.82477804258923188025649217360203652E-0002
  -2.51371596105995924396554037784594953         7.83438299746714096365812465532671472E-0002
  -2.53374115108489931905779527670771061         7.84408907472768003296912459316868767E-0002
  -2.55374133410759087051594571205221177         7.85389684263194277381710015743328113E-0002
  -2.57371631273430186490811772097602306         7.86380687706609408227458404179794784E-0002
  -2.59366588982005748170423437838470145         7.87381976162972735078282965179107444E-0002
  -2.61358986847058585458684827782430149         7.88393608772575669450650440871515087E-0002
  -2.63348805204426133842502881081208759         7.89415645465187137221269911954803447E-0002
  -2.65336024415404528273204374101424441         7.90448146969358025671179275025105724E-0002
  -2.67320624866942429245218456789546240         7.91491174821887482508344044781103169E-0002
  -2.69302586971834595694688422140979266         7.92544791377453976872525613640243066E-0002
  -2.71281891168915202807526348015761246         7.93609059818414096810300735784560274E-0002
  -2.73258517923250902828941891357973490         7.94684044164772123735946931589711385E-0002
  -2.75232447726333626969012986571589241         7.95769809284323492007679377785657276E-0002
  -2.77203661096273126501421477348127769         7.96866420902975310991918716264125972E-0002
  -2.79172138577989251155050769411612730         7.97973945615247197905667729436862569E-0002
  -2.81137860743403962900735405039023821         7.99092450894955742364798873052273111E-0002
  -2.83100808191633083238064003239664583         8.00222005106085997971608496174323182E-0002
  -2.85060961549177772089767256359767987         8.01362677513853472497310597828278495E-0002
  -2.87018301470115736413871598659755548         8.02514538295960166304633038700679619E-0002
  -2.88972808636292166646466738947027329         8.03677658554048288664277659099486028E-0002
  -2.90924463757510399090621451309101142         8.04852110325355363600224541076664471E-0002
  -2.92873247571722302369686818868588800         8.06037966594574520907840519603646495E-0002
  -2.94819140845218386065949498577628235         8.07235301305923854082317423848026720E-0002
  -2.96762124372817629668339493506371285         8.08444189375428815131680991403244379E-0002
  -2.98702178978057029955657355796328210         8.09664706703421706688840271784149876E-0002
  -3.00639285513380864944564671200421144         8.10896930187262424543112435848833385E-0002
  -3.02573424860329672534379067490562587         8.12140937734284698747504501258746552E-0002
  -3.04504577929728941983530816371378613         8.13396808274972178889894559646161741E-0002
  -3.06432725661877516355372334104205002         8.14664621776368809012319034080897783E-0002
  -3.08357849026735704073884501845997298         8.15944459255728040093153257962625725E-0002
  -3.10279929024113097732694694589085722         8.17236402794405533044582535466145070E-0002
  -3.12198946683856098303710699214531247         8.18540535552000112897185909043024795E-0002
  -3.14114883066035142894582289028026826         8.19856941780747845321833291842077385E-0002
  -3.16027719261131634207128075536130771         8.21185706840174219955999873467667620E-0002
  -3.17937436390224569851809349265152203         8.22526917212009541239118748177244136E-0002
  -3.19844015605176869676294921068198491         8.23880660515372746704417441433002211E-0002
  -3.21747438088821399269141454371088597         8.25247025522228995010205938771385052E-0002
  -3.23647685055146687802612407758861162         8.26626102173126491511982205122942780E-0002
  -3.25544737749482338381675456606247215         8.28017981593218147971062703872104384E-0002
  -3.27438577448684129069253102333613044         8.29422756108573805161785587660723789E-0002
  -3.29329185461318802760854078371858285         8.30840519262788882776822627128355979E-0002
  -3.31216543127848544084784092914718172         8.32271365833895460241125529428209551E-0002
  -3.33100631820815141507223379715965238         8.33715391851581934935192879471216076E-0002
  -3.34981432945023832824565429065687456         8.35172694614727551006779998236180155E-0002
  -3.36858927937726832228536110990224579         8.36643372709258242529547100583643375E-0002
  -3.38733098268806537132755150823616510         8.38127526026330389363796972196939470E-0002
  -3.40603925440958412952562542576853026         8.39625255780849242808553915435772107E-0002
  -3.42471390989873554033110956790757639         8.41136664530328941129896286050280102E-0002
  -3.44335476484420918923921485428739863         8.42661856194101202435886848716131074E-0002
  -3.46196163526829238201314135300853166         8.44200936072879954276103771454606679E-0002
  -3.48053433752868593043356301789070627         8.45754010868689335910513703309571657E-0002
  -3.49907268832031662765221994368623616         8.47321188705162690559658372312190749E-0002
  -3.51757650467714639526121812520055460         8.48902579148220351261983144807864858E-0002
  -3.53604560397397808422248552855046778         8.50498293227134215375652859930272652E-0002
  -3.55447980392825791183485833215675401         8.52108443455987299427486845975029589E-0002
  -3.57287892260187451694947214557125387         8.53733143855536668092075132479189196E-0002
  -3.59124277840295461567750953820018930         8.55372509975488338746543653618244197E-0002
  -3.60957119008765523986790697799188041         8.57026658917192976463310446948841415E-0002
  -3.62786397676195254066635096106601971         8.58695709356771413652881191818571612E-0002
  -3.64612095788342713950079437420467432         8.60379781568679254035724416517152500E-0002
  -3.66434195326304600887279963851006593         8.62078997449720052397315368347191580E-0002
  -3.68252678306694086536826459804988962         8.63793480543516799860868411255651634E-0002
  -3.70067526781818305733551010392916702         8.65523356065451689402217527213160022E-0002
  -3.71878722839855492971330446220768229         8.67268750928084388241937499107968372E-0002
  -3.73686248605031764852616902197314305         8.69029793767059302799634135369359046E-0002
  -3.75490086237797546759925083452510969         8.70806614967512588310483213746676982E-0002
  -3.77290217935003642008016217116380534         8.72599346690989929218570392872717063E-0002
  -3.79086625930076941739047239895108380         8.74408122902886398317578545280715509E-0002
  -3.80879292493195773826499493276285277         8.76233079400419992557594069638409258E-0002
  -3.82668199931464889057264035803420083         8.78074353841150741736805210148864373E-0002
  -3.84453330589090082864840600017320643         8.79932085772057593217365913721945525E-0002
  -3.86234666847552450890204185036283132         8.81806416659185591623953452806179185E-0002
  -3.88012191125782276650507248837729689         8.83697489917876197489714834893755803E-0002
  -3.89785885880332549599416411442482764         8.85605450943593923305822418394561498E-0002
  -3.91555733605552111866530465553306983         8.87530447143362809716880485373068744E-0002
  -3.93321716833758431966991278758532183         8.89472627967826619005189222639711731E-0002
  -3.95083818135410003776080825009497454         8.91432144943946987854175348896001147E-0002
  -3.96842020119278369067296066380823562         8.93409151708354157018937348086256935E-0002
  -3.98596305432619761916108682622557376         8.95403804041365282316104331431068840E-0002
  -4.00346656761346373275348679044795458         8.97416259901685729645321789691869368E-0002
  -4.02093056830197234031899656004786687         8.99446679461809166953397479810485537E-0002
  -4.03835488402908714858158958695094002         9.01495225144132688546240424836680984E-0002
  -4.05573934282384641175498006895815002         9.03562061657803642354574120485504251E-0002
  -4.07308377310866021550756793526506570         9.05647356036315279093552526353680837E-0002
  -4.09038800370100387850621800722827243         9.07751277675868804166201098177258589E-0002
  -4.10765186381510745482568375113879866         9.09873998374519889104828057608883106E-0002
  -4.12487518306364132054896892170623001         9.12015692372128189799091243238753645E-0002
  -4.14205779145939782792256784952393576         9.14176536391128924217954261028444888E-0002
  -4.15919951941696901046933677154146952         9.16356709678146083307545523297970797E-0002
  -4.17630019775442032250072405745878286         9.18556394046467385769462288685258139E-0002
  -4.19335965769496039650922606230692297         9.20775773919401641045945694830582330E-0002
  -4.21037773086860680196123725000613602         9.23015036374539755632119591048615438E-0002
  -4.22735424931384778904992779650084482         9.25274371188941206395452909565970159E-0002
  -4.24428904547930000100740870466262934         9.27553970885268411525787075822026892E-0002
  -4.26118195222536213861523315542599559         9.29854030778892055706327861843805673E-0002
  -4.27803280282586456059223298787958280         9.32174749025991071752235238502328294E-0002
  -4.29484143096971480357880045098491058         9.34516326672671646999831542035813649E-0002
  -4.31160767076253900547699730535445501         9.36878967705130309863725195606035538E-0002
  -4.32833135672831921594630557762272505         9.39262879100886860956947857985756963E-0002
  -4.34501232381102657789542638333841720         9.41668270881113644765243826749808562E-0002
  -4.36165040737625036385128483636503729         9.44095356164088412885973512543698559E-0002
  -4.37824544321282285112730975129944410         9.46544351219798809121364304612205668E-0002
  -4.39479726753444001975412621663095190         9.49015475525727311124713653193569208E-0002
  -4.41130571698127805717702676492947597         9.51508951823846293740681040000014346E-0002
  -4.42777062862160565376597238536980834         9.54025006178853736596957549654092883E-0002
  -4.44419183995339207322541760491174380         9.56563868037680983871794244438100428E-0002
  -4.46056918890591098203295389745033602         9.59125770290304878496618794755434521E-0002
  -4.47690251384134002207762235366433795         9.61710949331897537412596423434159351E-0002
  -4.49319165355635611071075944501539417         9.64319645126348009984419816329946066E-0002
  -4.50943644728372645246440842873568032         9.66952101271191069428247391073048937E-0002
  -4.52563673469389524673465305049883607         9.69608565063979428324404525396018417E-0002
  -4.54179235589656607576970929007685369         9.72289287570136745198586999485881855E-0002
  -4.55790315144227995734524454339200974         9.74994523692329901057907873780519120E-0002
  -4.57396896232398904655218142120175045         9.77724532241400174003204303508297245E-0002
  -4.58998962997862597116518484790672575         9.80479576008894128004893228833658641E-0002
  -4.60596499628866878510312593983338029         9.83259921841236260082482184327928143E-0002
  -4.62189490358370152453606380548374609         9.86065840715586719984193682805317270E-0002
  -4.63777919464197035123668651382980262         9.88897607817428729602828518916308712E-0002
  -4.65361771269193526781770459241634241         9.91755502619931687432827619856716541E-0002
  -4.66941030141381738954039411498276912         9.94639808965137348086445662778040653E-0002
  -4.68515680494114175742334128718309387         9.97550815147017920031250704861439825E-0002
  -4.70085706786227567742444600594460261        0.100048881399645642814965271038083444      
  -4.71651093522196257051339771874236079        0.100345410296820124339579562592725721      
  -4.73211825252285131849614260777827422        0.100644698422984829176067321184845017      
  -4.74767886572702109049731623346052016        0.100946776475290612106415993553654784      
  -4.76319262125750163505121985292797117        0.101251675640600072897491997136989412      
  -4.77865936599978902279667124243017368        0.101559427605027884141299754041135569      
  -4.79407894730335682481596155546668378        0.101870064563707017951190884091914922      
  -4.80945121298316271170319809855785268        0.102183619230787116810805708969662479      
  -4.82477601132115045849250845875392292        0.102500124849671452189524605694454347      
  -4.84005319106774734062192372542824912        0.102819615203499119965532206744130311      
  -4.85528260144335690615424716603369563        0.103142124625879334519674793441717055      
  -4.87046409213984710952184919237424789        0.103467688011884903877106979728290830      
  -4.88559751332203379210810934016277903        0.103796340829312196789437110083553709      
  -4.90068271562915949502415082837197420        0.104128119130215149491663506957949706      
  -4.91571955017636758948558261287850341        0.104463059562721105374104031157276831      
  -4.93070786855617171024017724646535878        0.104801199383136535333413558444713383      
  -4.94564752283992047754376984827569264        0.105142576468350950478255430618809140      
  -4.96053836557925749322816361277921766        0.105487229328547592550571846819021967      
  -4.97538024980757659645147009228135226        0.105835197120229771286572912120813207      
  -4.99017302904147236476809750763051365        0.106186519659572012404857672256501163      
  -5.00491655728218584620252711731080490        0.106541237436105485414172310599960631      
  -5.01961068901704550805808574239751598        0.106899391626747497442208369031968779      
  -5.03425527922090338823913143935864839        0.107261024110185168282908162620296189      
  -5.04885018335756643491241856847414427        0.107626177481623743348770631404985584      
  -5.06339525738122302038089765539788997        0.107994895067910355726008942489031188      
  -5.07789035773786461509083401840683104        0.108367220943044416618250378982805444      
  -5.09233534136670260774089666409212183        0.108743199944086195708988227201186021      
  -5.10673006570158025750977496820280106        0.109122877687475549981784553195505810      
  -5.12107438867237976446692468323991181        0.109506300585773171946680043524305013      
  -5.13536816870642444427922637604343969        0.109893515864837156698095141902274934      
  -5.14961126472987599337465802148293978        0.110284571581448132472293890835057864      
  -5.16380353616912683077253868557043060        0.110679516641396662113373079273302465      
  -5.17794484295218750283849154462725990        0.111078400818047103863202078891033140      
  -5.19203504551006913727100142697897921        0.111481274771392619967430659322818832      
  -5.20607400477816093267530414910816959        0.111888190067616541580425294153494036      
  -5.22006158219760267012934166701593607        0.112299199199175839241864626171751746      
  -5.23399763971665223319564799215008330        0.112714355605423010715260914737812652      
  -5.24788203979204812288229544474939073        0.113133713693783283198217784608160909      
  -5.26171464539036695410542864960714616        0.113557328861504635858404861396876720      
  -5.27549531998937592025544423253620757        0.113985257517998782391545859666739206      
  -5.28922392757938021251853696137616461        0.114417557107791912965373188296999021      
  -5.30290033266456538065512760306861082        0.114854286134104681690310958622300553      
  -5.31652440026433462198661354668758751        0.115295504183081640887154763297906205      
  -5.33009599591464098539193977860139778        0.115741271948691068210802850732822137      
  -5.34361498566931447716567459612152685        0.116191651258316908510280281766670356      
  -5.35708123610138405563959101474090772        0.116646705099065360602258866089809408      
  -5.37049461430439450152020066477282685        0.117106497644809481425576693487098518      
  -5.38385498789371815094526158799366281        0.117571094283996057923839303879180985      
  -5.39716222500786147831298423461587005        0.118040561648239912150785375241815753      
  -5.41041619430976651598849062515563256        0.118514967641731759274986095487698212      
  -5.42361676498810709804303957883379071        0.118994381471486733235400418208328623      
  -5.43676380675857991523261561712512646        0.119478873678461732723939992248354841      
  -5.44985718986519036847369012376418850        0.119968516169570823005594094788865530      
  -5.46289678508153320812530007549400219        0.120463382250629059000385892049046248      
  -5.47588246371206794643805164443447586        0.120963546660256274329886493378888767      
  -5.48881409759338903058224270524091769        0.121469085604773612082243908882834400      
  -5.50169155909549076371900924907973455        0.121980076794126858411576814637085822      
  -5.51451472112302696163023540150158629        0.122496599478871982435545496157563181      
  -5.52728345711656533247492465095463247        0.123018734488259688050042437572580794      
  -5.53999764105383656729181050614828142        0.123546564269457248217729080417504569      
  -5.55265714745097812892018759973659207        0.124080172927947423146721296929179649      
  -5.56526185136377272706326872761952773        0.124619646269145863869752232218619625      
  -5.57781162838888146727081894113819030        0.125165071841280075559311982952538091      
  -5.59030635466507166167038407594992431        0.125716538979574764162520549280449423      
  -5.60274590687443928932911748760275881        0.126274138851790219509975799742736541      
  -5.61513016224362609418101474979291747        0.126837964505162302064625544723993083      
  -5.62745899854503130850729113581000815        0.127408110914794603282492733512632881      
  -5.63973229409801799001068032440338077        0.127984675033555445757564242783935886      
  -5.65194992777011396057759442472043255        0.128567755843534583782649043382813630      
  -5.66411177897820733487536457638973931        0.129157454409116762820976626470637725      
  -5.67621772768973662698517752440462813        0.129753873931731703092034203500034417      
  -5.68826765442387542332483616720797795        0.130357119806342593788671263948800719      
  -5.70026144025271161016910060213894461        0.130967299679737826456837512983129648      
  -5.71219896680242114412911011588481648        0.131584523510693465239058412515290792      
  -5.72408011625443635400624535835582624        0.132208903632076854844208109754572329      
  -5.73590477134660876248976306490258123        0.132840554814964811502112680469028458      
  -5.74767281537436641622162262133226684        0.133479594334853035467800992483188967      
  -5.75938413219186571280612396493431204        0.134126142040036733993996203400745853      
  -5.77103860621313771339628924776515891        0.134780320422245959720695567420047760      
  -5.78263612241322892954334581971806774        0.135442254689622860290821013775756159      
  -5.79417656632933657305020488126363076        0.136112072842131910403713504654906248      
  -5.80565982406193825762447807093370948        0.136789905749498267773340535211566664      
  -5.81708578227591614118133275128291492        0.137475887231773670512251501195247543      
  -5.82845432820167549770135529875341176        0.138170154142633786942620488737344040      
  -5.83976534963625770760356974606011019        0.138872846455515652095922640133478337      
  -5.85101873494444765564884612779347053        0.139584107352708791333183068124785878      
  -5.86221437305987552544412829721943237        0.140304083317518854558676175534760560      
  -5.87335215348611297967321426998399439        0.141032924229628079259450915728632029      
  -5.88443196629776371523523276278272718        0.141770783463782682878708884738415989      
  -5.89545370214154838252747698515232701        0.142517817991943371636681549450724494      
  -5.90641725223738385816488036244836651        0.143274188489041561750007410218382818      
  -5.91732250837945686048414816880756156        0.144040059442490659136670209581521446      
  -5.92816936293729189723639348042896656        0.144815599265608855443728724849430234      
  -5.93895770885681353492806487078265137        0.145600980415117393252890798168131307      
  -5.94968743966140297932599630827168447        0.146396379512886154692875957477566744      
  -5.96035844945294895669855623031115682        0.147201977472106760045116900410907622      
  -5.97097063291289288542112220160311459        0.148017959628082152550169047374945827      
  -5.98152388530326832763045936341968377        0.148844515873830920559191174252996503      
  -5.99201810246773471066903448878846820        0.149681840800714398385821356349176473      
  -6.00245318083260530811685231843060089        0.150530133844304924703299291983126143      
  -6.01282901740786947026505640595851153        0.151389599435724556304692801485031489      
  -6.02314550978820909394229238903062462        0.152260447158695072071864857873037845      
  -6.03340255615400932166168686572756679        0.153142891912552296198762396449469063      
  -6.04360005527236346011324933122099702        0.154037154081490662944822989156982697      
  -6.05373790649807210808355735673589243        0.154943459710317582264416772197584965      
  -6.06381600977463648394173580777270399        0.155862040687011594557943971274200852      
  -6.07383426563524594288798883750385945        0.156793134932393574937002061694257489      
  -6.08379257520375967421828808917540879        0.157736986597236417904113726927177619      
  -6.09369084019568256891626143226032111        0.158693846267155761319587091901126784      
  -6.10352896291913524794086307410653746        0.159663971175642457372379053931143628      
  -6.11330684627581824163603746403821427        0.160647625425616736046502545227289262      
  -6.12302439376197031074631547150233148        0.161645080219904406362138123069442252      
  -6.13268150946932089958010130417186869        0.162656614101057080985571534091969287      
  -6.14227809808603671192032196526137983        0.163682513200961375034000552578056878      
  -6.15181406489766240034011716009963185        0.164723071500706410797877077664254146      
  -6.16128931578805535963934587774024177        0.165778591101204854296826133307558216      
  -6.17070375724031461517587582066789530        0.166849382505090222165367914287590591      
  -6.18005729633770379692390286016366602        0.167935764910442441505568635821573052      
  -6.18934984076456819014991918141794362        0.169038066516924742986259644508118665      
  -6.19858129880724585365541017492075044        0.170156624844948050066610740406383927      
  -6.20775157935497279659391085202632411        0.171291787068514236558171649035974223      
  -6.21686059190078220492869203500968078        0.172443910362427113816755426904318032      
  -6.22590824654239770865607421665986616        0.173613362264599942872351007471596446      
  -6.23489445398312068097818222186913755        0.174800521054230824224363689499574606      
  -6.24381912553271156066785605329721908        0.176005776146662691748123383676384289      
  -6.25268217310826518892742198367321769        0.177229528505793035791554248324440658      
  -6.26148350923508015210210248645063010        0.178472191074950129828043460659889979      
  -6.27022304704752212166800339131111724        0.179734189227207679382974178351852816      
  -6.27890070028988118297386112753723137        0.181015961236168716144698839965645045      
  -6.28751638331722314427506149182393958        0.182317958768312511216758023141339223      
  -6.29607001109623481765785346212450245        0.183640647398065590663263401422489434      
  -6.30456149920606326351117658925479887        0.184984507146829941684578538622457146      
  -6.31299076383914899026309784601973345        0.186350033047278565809978370884104410      
  -6.32135772180205310115851291157163852        0.187737735734311065058585363486887068      
  -6.32966229051627837991450712775230055        0.189148142064150371553147782214758539      
  -6.33790438801908430714959219469519109        0.190581795763156522170638605495158736      
  -6.34608393296429599954293548456523437        0.192039258108035050911969285010535905      
  -6.35420084462310706373967905379313942        0.193521108639226682119838385616701417      
  -6.36225504288487635707850443353961853        0.195027945909382167251530929268760331      
  -6.37024644825791864727773648264358992        0.196560388268951981839797081560239232      
  -6.37817498187028916327649440343786889        0.198119074691055913745481645517059970      
  -6.38604056547056202948768985425982928        0.199704665637943122143396435452862794      
  -6.39384312142860257578004034818719384        0.201317843971509896164917163917994035      
  -6.40158257273633351556671020967994819        0.202959315910511041562689136952670912      
  -6.40925884300849498443871067284995001        0.204629812037282611954292703925514663      
  -6.41687185648339843184178464970866523        0.206330088356989716294889245291049155      
  -6.42442153802367435835616967592306433        0.208060927412624624197578308213809629      
  -6.43190781311701389119937395657145951        0.209823139459208725022461888537957214      
  -6.43933060787690419063291468564174752        0.211617563700898579249589160632295180      
  -6.44668984904335768001485430034208657        0.213445069594962984536318689238125478      
  -6.45398546398363509230092845377330944        0.215306558226886482335387251651367960      
  -6.46121738069296232585808864551147805        0.217202963761167055813401350827471826      
  -6.46838552779524110251538203683456204        0.219135254972714121744616434372709082      
  -6.47548983454375342083826039267124881        0.221104436864119730498352433281620219      
  -6.48253023082185979767364873213475351        0.223111552374473844049492500278088529      
  -6.48950664714369129107441152932962561        0.225157684185826628250476920582025701      
  -6.49641901465483529777322958090703888        0.227243956633870152265603346744160528      
  -6.50326726513301511843734334084467234        0.229371537729922365215682279752219051      
  -6.51005133098876328399712800972662926        0.231541641301851739329336863361044887      
  -6.51677114526608863640304134832302802        0.233755529262185989860442343183933556      
  -6.52342664164313715722712645579082143        0.236014514012307754880872713839800788      
  -6.53001775443284653758695800296267942        0.238319960992359542984415378845660008      
  -6.53654441858359448293169103194345474        0.240673291387265751500311918517690391      
  -6.54300656967984074629170581494300174        0.243075985000137933316057945903481871      
  -6.54940414394276288365523979765928922        0.245529583305268338613285831369571904      
  -6.55573707823088572519735772468336616        0.248035692693944549538607708349186504      
  -6.56200531004070455614863304480685647        0.250595987927444223139158626965681413      
  -6.56820877750730200115299701064111604        0.253212215812804142036470140223088048      
  -6.57434741940495860602635590686781262        0.255886199118313789687446561999475929      
  -6.58042117514775711088978095139697537        0.258619840747173796064673381050719191      
  -6.58642998479018040871333899978120606        0.261415128189398741469875810183837425      
  -6.59237378902770318336895463090711768        0.264274138273848703996330287041551696      
  -6.59825252919737722135307488615993787        0.267199042244263425778461120852909779      
  -6.60406614727841039140234625926216659        0.270192111185368272060357372577858006      
  -6.60981458589273928628800887358128786        0.273255721827546196590114579484545510      
  -6.61549778830559552113726452108090288        0.276392362761251735207470754187639444      
  -6.62111569842606568269248275489400125        0.279604641095312194462621210122240384      
  -6.62666826080764492398177190781538385        0.282895289596552302553022048524206484      
  -6.63215542064878419893715913338722695        0.286267174351830908655663737089706704      
  -6.63757712379343113155939471569371950        0.289723302997636448721723049409127786      
  -6.64293331673156451429122034896162754        0.293266833566902567638531347424760257      
  -6.64822394659972243032381822853174331        0.296901084007734289204686541281756410      
  -6.65344896118152399462408700014917893        0.300629542434344396313383126089861525      
  -6.65860830890818470853337126373282000        0.304455878176764583760065814474250652      
  -6.66370193885902542285130279923210337        0.308383953702902742166460213611717781      
  -6.66872980076197490438149335376769424        0.312417837494365343117890933934625436      
  -6.67369184499406600097895007839074838        0.316561817966265946464689608618095262      
  -6.67858802258192540020226490640354618        0.320820418531128085944033425929116079      
  -6.68341828520225697673685769969905315        0.325198413918113928884581996864780812      
  -6.68818258518231872381882923095846851        0.329700847871343220805122464648271700      
  -6.69288087550039326395230339328297294        0.334333052365211541273352354700060998      
  -6.69751310978625193427650780995316177        0.339100668490606349757158786454492439      
  -6.70207924232161244200225763007276486        0.344009669184025003615252025953110719      
  -6.70657922804059008540096811497583920        0.349066383992136743202197861445666570      
  -6.71101302253014253589282701912591771        0.354277526087669062731086634590872567      
  -6.71538058203050817684430712103897322        0.359650221779068783251435349262701775      
  -6.71968186343563799474879193731314943        0.365192042786694433680159946104784782      
  -6.72391682429362101852772302851278899        0.370911041592932305343530656874772353      
  -6.72808542280710330275335475137712543        0.376815790213292076551137134049776422      
  -6.73218761783370045065792119913416329        0.382915422781053431172166371768201399      
  -6.73622336888640367285777977171828103        0.389219682390377951750766023574559596      
  -6.74019263613397937778489570113329489        0.395738972703127927807575181309975033      
  -6.74409538040136228988187129439210132        0.402484414894322222170699074165596934      
  -6.74793156317004209168060201733009800        0.409467910591851288090589844696816949      
  -6.75170114657844358594855819667874098        0.416702211559733728897153364219147428      
  -6.75540409342230037415064543426613860        0.424200996983183321707148901577566229      
  -6.75904036715502204753858817488049265        0.431978959340906378064456569517980366      
  -6.76260993188805488724380861662037849        0.440051899998791936758223259704801301      
  -6.76611275239123606981383666753555412        0.448436835833643821835020527133566437      
  -6.76954879409314137469638530275204501        0.457152118400881878551684544998317234      
  -6.77291802308142639023935882944787731        0.466217567402368070097345670262023747      
  -6.77622040610316121483922859003275227        0.475654620497232413111869042679676964      
  -6.77945591056515864993441089338347391        0.485486501839052893076204760790423655      
  -6.78262450453429588160451482636650590        0.495738412128420801303216996881142363      
  -6.78572615673782964760059242918714699        0.506437743454971881690385382214397221      
  -6.78876083656370488669581988407357898        0.517614322785022411114965292246059979      
  -6.79172851406085686731036523285626765        0.529300688652065541741026481215038346      
  -6.79462915993950679242855507025862708        0.541532406455244689977810437648332634      
  -6.79746274557145087789083902099663094        0.554348428800466811113676652097137546      
  -6.80022924299034290120746596462574203        0.567791508574362367289748654013850018      
  -6.80292862489197021810522928672155208        0.581908673979340158060979631263891256      
  -6.80556086463452324408310927240638836        0.596751776650959166279680093001769908      
  -6.80812593623885839831713848213670488        0.612378126320149498981200130894908908      
  -6.81062381438875450731933992347886017        0.628851228393632249963529840495903351      
  -6.81305447443116266582013741949827419        0.646241644464410294517473119090900776      
  -6.81541789237644955240821213729064187        0.664628000338344200639716213797116677      
  -6.81771404489863419752637814176897231        0.684098171947771955080138934679254845      
  -6.81994290933561820148667244252160389        0.704750686885787856780551077561132377      
  -6.82210446368940940023250066757511453        0.726696388728199768463061993269029385      
  -6.82419868662633897664034758920545264        0.750060423482317901901606252691911264      
  -6.82622555747727201521825160529281170        0.774984623325502492617854417884301089      
  -6.82818505623781149812295330664772570        0.801630383530998369669870997451157466      
  -6.83007716356849574048235979757584649        0.830182155877878142176812537715725054      
  -6.83190186079498926307471784482280993        0.860851718374307345522652728822389840      
  -6.83365912990826710048065956987814897        0.893883430301564380392827340305817413      
  -6.83534895356479254288907363215843650        0.929560748468626584484293798664116012      
  -6.83697131508668830980256203639100831        0.968214372530404223423333733134576372      
  -6.83852619846190115395306719696013228         1.01023251517160220021658172457026389      
  -6.84001358834435989380309506526557674         1.05607397324981830058436492566000868      
  -6.84143347005412687307281733332308138         1.10628493355095681727308949062037348      
  -6.84278582957754284579820832779274551         1.16152082027126793377706924379255984      
  -6.84407065356736528549025956308844525         1.22257504170424340818080073388490717      
  -6.84528792934290011703021638978712002         1.29041731915647933825279317656411828      
  -6.84643764489012687000069611466979338         1.36624554371619833309276884756135107      
  -6.84751978886181725221747474070227234         1.45155707930996957939883125858037002      
  -6.84853435057764714229166943829177806         1.54824858698211915084155246584338121      
  -6.84948132002430200011699537230492799         1.65875863100817567971663828035426123      
  -6.85036068785557569424173793155750635         1.78627610321452427581095705986813873      
  -6.85117244539246274515005409763424084         1.93505285945789016748057611865576960      
  -6.85191658462324398354219900671327341         2.11088688509363461273806137175049638      
  -6.85259309820356562276826506020588040         2.32189535972503166636544926953857455      
  -6.85320197945651174463502058603935834         2.57980309845206646527756286995489492      
  -6.85374322237267019787044240078954341         2.90219732405683635572098101317699051      
  -6.85421682161019190859555103201299825         3.31671510106215769596075246361437588      
  -6.85462277249484360221817818837135842         3.86941820384878493825104345188342203      
  -6.85496107102005393622832267075249081         4.64321782651329913220782158927437478      
  -6.85523171384695304343978265878857421         5.80393635751283716214213830823999815      
  -6.85543469830440548528778854211287389         7.73849270359928925562053741461332968      
  -6.85557002238903661485740055250366342         11.6076435855560974229313301749125032      
  -6.85563768476525234938247874981576363         23.2151726083557482146735914150099887      
