   7.14141080778898081971749327991657956                                            Infinity
   7.14134032494741212070548169109332536         22.2861863679083175123286585306039358      
   7.14119935995991191389023488919473971         11.1431481731410577523372421567131375      
   7.14098791421774771603106849048756856         7.42882654842008688624001942233827585      
   7.14070598980780363818912435632135506         5.57168406684388276899459922305110213      
   7.14035358951255978902370361875336809         4.45741324323478536088180690353279618      
   7.13993071681006481283692687720187787         3.71457824936913009196327725599192054      
   7.13943737587390156263775997849174937         3.18399230186727143459441482085303002      
   7.13887357157314590856419838001319968         2.78606200916609275295170012335947618      
   7.13823930947231868207015433932136538         2.47656882050984643743561276083035245      
   7.13753459583133075635133840468349533         2.22898160554649312570076042076551854      
   7.13675943760542126355216923119441368         2.02641691778058604731768360874727235      
   7.13591384244508894936348294753777850         1.85761912629971583788412716279889434      
   7.13499781869601666568854448073161342         1.71479587131952172496162047304322421      
   7.13401137539898900212258774178243210         1.59238118163798590126976492775799934      
   7.13295452228980305705882871566933472         1.48629334510801226579336314029861218      
   7.13182726979917234930160461614707685         1.39347107768279012324258801211213251      
   7.13062962905262387113499269123353933         1.31157339750397256632300938837699078      
   7.12936161187038828386295333075643384         1.23877954096046383228072759802333494      
   7.12802323076728325690472316489298526         1.17365206314969653940295103147247303      
   7.12661449895258995159685418426017525         1.11504100820052734697277913455907798      
   7.12513543032992265092095388992303976         1.06201545950387823235903662886627613      
   7.12358603949709153644382842791756088         1.01381375806229523584791134480380973      
   7.12196634174595861382436490988502802        0.969806707357015010647743888513242642      
   7.12027635306228678830911000166341128        0.929469976998266069763822160641451764      
   7.11851609012558209170610870778771718        0.892363129499499016170090555015798258      
   7.11668557030892906239415942456308522        0.858113487026795646951394265423209805      
   7.11478481167881927999221811058435837        0.826403583315077224921155700511262942      
   7.11281383299497305638124516432861440        0.796961304459412127426454963603677182      
   7.11077265371015428483833263694530011        0.769552069542605782885090176980156075      
   7.10866129396997844911047607797990622        0.743972575137273696182155441313232479      
   7.10647977461271379432286394603049774        0.720045750549449770273981098005520422      
   7.10422811716907566168404744896898530        0.697616658954019079568267730311526589      
   7.10190634386201398901782424326231844        0.676549143778254758446468700014508508      
   7.09951447760649397921911995319560295        0.656723066900025806380812580696115800      
   7.09705254200926993879858130272004504        0.638032020297741627962636310621305588      
   7.09452056136865228874800311971821576        0.620381419091973388807053998743143163      
   7.09191856067426775002609790940325535        0.603686903823570088681669838830133546      
   7.08924656560681270603148043527024306        0.587872995003651905604500711450808252      
   7.08650460253779974449708012764409596        0.572871954655913097269849348744769615      
   7.08369269852929738130751049679678624        0.558622818627580288936537232892877644      
   7.08081088133366296880821639545194252        0.545070570513402059079429786143201948      
   7.07785917939326879124248629011555638        0.532165433590497941521889307355496892      
   7.07483762184022135001965699817612970        0.519862261552996708166194034730160457      
   7.07174623849607384158505196447158418        0.508120012328315639370455074297580392      
   7.06858505987153183072938042365236117        0.496901292051269963365908389807096376      
   7.06535411716615212224248306007897112        0.486171958519820918951605711470636931      
   7.06205344226803483388343937235286528        0.475900775273494988640692447706119646      
   7.05868306775350867370615221234981671        0.466059108912001424944059272372257498      
   7.05524302688680942484659523655264699        0.456620663476876886772489852047714041      
   7.05173335361975164094494861860850138        0.447561246707333392260756410656627166      
   7.04815408259139355544285666471116064        0.438858563795418938465069865174401572      
   7.04450524912769520806301728628624604        0.430492034938660238353947643613480533      
   7.04078688924116979184525695650749641        0.422442633547123900958394989593084100      
   7.03699903963052822418015514768845200        0.414692742427471443418979103934571461      
   7.03314173768031694534815865519771158        0.407226025656027103523849523494175206      
   7.02921502146054894813896800019403690        0.400027314179731854425742073722036360      
   7.02521892972632804219278460846876804        0.393082503459102861621095673570401126      
   7.02115350191746635677177802666386338        0.386378461699852899539389026726951463      
   7.01701877815809508573686640110592508        0.379902947416888039383317564401320470      
   7.01281479925626847857160014982263239        0.373644535241906145009227239433375287      
   7.00854160670356108136159754671837156        0.367592549028609200649470871109843300      
   7.00419924267465823170460115048528129        0.361737001431605329950275178621737228      
   6.99978775002693981159280499209983011        0.356068539239701653517659021676645752      
   6.99530717230005726237564352657594735        0.350578393834201488797580397969587446      
   6.99075755371550386597773390027992459        0.345258336220282349524093824020120716      
   6.98613893917617829661312242822635030        0.340100636146431025366939532646027737      
   6.98145137426594144730340366044119989        0.335098024884825302366315901748562163      
   6.97669490524916653557365538718426025        0.330243661295800171763684697585030105      
   6.97186957907028249276646473447406882        0.325531100843230537464666031474615821      
   6.96697544335331064148060847928638474        0.320954267265738774088240937777521993      
   6.96201254640139466570719421376642006        0.316507426641885250747152976543190456      
   6.95698093719632387830226735600883640        0.312185163616593478496406913471926151      
   6.95188066539804979050104158806692233        0.307982359581568207040196620546855325      
   6.94671178134419598824501644695391718        0.303894172624869301659022654115000641      
   6.94147433604956132015930484905430864        0.299916019084520196045786179510980972      
   6.93616838120561640208350464059483441        0.296043556558410896170220558022681539      
   6.93079396917999344312541118512890577        0.292272668238105123294816903757462912      
   6.92535115301596939827278187233682116        0.288599448447739688076620637151945342      
   6.91983998643194245266422761029415558        0.285020189281235773344960076133625813      
   6.91426052382090184268612019565930501        0.281531368241719835414760340850438206      
   6.90861282024989101912816729342223706        0.278129636796543418034906756516687605      
   6.90289693145946415769601795088758356        0.274811809769740998065274010464178423      
   6.89711291386313602224492047089318176        0.271574855501298560886660929836797898      
   6.89126082454682518616406042886334569        0.268415886709332013289674460454301252      
   6.88534072126829061740675898966004136        0.265332151997288743240277725821222198      
   6.87935266245656163272720981634946403        0.262321027953670444375460150519484723      
   6.87329670721136122674987611750598285        0.259380011796603082387814303216824293      
   6.86717291530252278156305710663158514        0.256506714519913891652537164801289397      
   6.86098134716940016259346470132636763        0.253698854501271030850312750534168688      
   6.85472206392027120658392602620816037        0.250954251536447692699658255395098111      
   6.84839512733173460756154455801183452        0.248270821266931865566675388216314086      
   6.84200059984810020674881192013290917        0.245646569970953275375893504986378712      
   6.83553854458077269243526275402127815        0.243079589690573528451262406199986879      
   6.82900902530762871589230612376407491        0.240568053669813474187350162181233344      
   6.82241210647238742947884790599347319        0.238110212080899257517361883901367825      
   6.81574785318397445315023893857915632        0.235704388017618408673850541105686266      
   6.80901633121587927564794270767903065        0.233348973736509990135851239938360415      
   6.80221760700550609671211340349333764        0.231042427128186370078903315253056973      
   6.79535174765351811672400963097576948        0.228783268402514691119823533678419518      
   6.78841882092317528024984028389769273        0.226570076972687857670894763613962168      
   6.78141889523966548002224644075924121        0.224401488524400621813350059442283197      
   6.77435203968942922796016598144535535        0.222276192257427478613506662529401362      
   6.76721832401947779989230531722411402        0.220192928287885745060110665384921775      
   6.76001781863670486071385453730999873        0.218150485200368475736688769230337834      
   6.75275059460719157677042776704671621        0.216147697739955894797968608133772071      
   6.74541672365550522232748897073853789        0.214183444634868085764534790185854702      
   6.73801627816399128704773418187389211        0.212256646541212316824104074644327622      
   6.73054933117205909146304357120576709        0.210366264101911462487696526373431666      
   6.72301595637546091749169023582051836        0.208511296112480792687609938483919316      
   6.71541622812556466111549647756076360        0.206690777786853689805226204706013680      
   6.70775022142862001439556200527644305        0.204903779116946903836825740371594634      
   6.70001801194501818406905131136156477        0.203149403320106626630563484446562026      
   6.69221967598854515403331880859230989        0.201426785368991442724399413072199074      
   6.68435529052562849908736953882035296        0.199735090598830245390829558763571650      
   6.67642493317457775736429975171042383        0.198073513387345339486305739193099067      
   6.66842868220481836895193477127816979        0.196441275902955765032301734814648614      
   6.66036661653611918826238069304223197        0.194837626917175702220482656032424316      
   6.65223881573781357777463095844243964        0.193261840677399777157007051571177009      
   6.64404536002801409083771810981985616        0.191713215836523099833323582396549605      
   6.63578633027282075128517441347249048        0.190191074436080677070438650623865648      
   6.62746180798552293767476192561014904        0.188694760939810040382821742837877642      
   6.61907187532579488003055234270524369        0.187223641314743955622328828540643079      
   6.61061661509888477702747900080687141        0.185777102157128252549078941118123632      
   6.60209611075479754162144704565383186        0.184354549860634326169606489306022815      
   6.59351044638747118319097246546249315        0.182955409824497810390288115403031349      
   6.58485970673394683431912574043130882        0.181579125699365305477099052330496877      
   6.57614397717353243040728069743474618        0.180225158668770764838800661796642442      
   6.56736334372696005037481314600650714        0.178892986764293046331342371792448154      
   6.55851789305553692676145639426449682        0.177582104212566970193740527407573468      
   6.54960771246029013361150118344099805        0.176292020812432697005992152911750145      
   6.54063288988110496058142532049442159        0.175022261340612983305572803901093976      
   6.53159351389585698177485271405312860        0.173772364984405475092144148241859126      
   6.52248967371953782787097201465907311        0.172541884799968197356646122624448161      
   6.51332145920337467017469101174943995        0.171330387194861283878027655236669189      
   6.50408896083394342527886373368263883        0.170137451433587218564368622436755577      
   6.49479226973227568909090222086598644        0.168962669164945843683418361859279705      
   6.48543147765295940903797358400766014        0.167805643970089514128817327576763032      
   6.47600667698323330332678460887916861        0.166665990930228392595744452679691409      
   6.46651796074207503619567021577933360        0.165543336212996312515300075031089134      
   6.45696542257928315815832791704380415        0.164437316676544182660017922128546848      
   6.44734915677455282030007743122346758        0.163347579490480845009210704782946806      
   6.43766925823654527174897220061511596        0.162273781772830879934562437717427952      
   6.42792582250195114950544711320559725        0.161215590242225314663182201444222151      
   6.41811894573454756987545364521211296        0.160172680884584749003822492195730781      
   6.40824872472424903081320931158655659        0.159144738633595266748923854747223247      
   6.39831525688615213454077213532171482        0.158131457064315837168766211594213733      
   6.38831864025957413987264221927904328        0.157132538099291899915604917923967414      
   6.37825897350708535373449082459134755        0.156147691726583627043223592025197879      
   6.36813635591353537142592202643729694        0.155176635729149114600986473592145276      
   6.35795088738507317523788243102063132        0.154219095425052609490150476509414997      
   6.34770266844816110109594999772803578        0.153274803417995951167611226264694457      
   6.33739180024858268296125311943478483        0.152343499357697819409678701932039372      
   6.32701838455044438478119517446738435        0.151424929709670237351007399566405356      
   6.31658252373517122984248717945644115        0.150518847533965184276179657318065410      
   6.30608432080049633743922134781369930        0.149625012272486218888833488781148409      
   6.29552387935944437682885069939699582        0.148743189544480788131986144501664470      
   6.28490130363930894850897377960398389        0.147873150949848480095986701399627164      
   6.27421669848062390290775843814920576        0.147014673879918947499868791936636751      
   6.26347016933612860664067389759653492        0.146167541335370650825849690402637927      
   6.25266182226972716654593541878977172        0.145331541750978012760047867253239690      
   6.24179176395544162177070015508748972        0.144506468826890099016018926895752911      
   6.23086010167635911423958569119753644        0.143692121366158601629084783517919332      
   6.21986694332357304789651369785630982        0.142888303118246752317377425701646700      
   6.20881239739511824717020951404863858        0.142094822628263884870005231612611148      
   6.19769657299490012517291370836868823        0.141311493091682742813080552384953951      
   6.18651957983161787220098318595153118        0.140538132214308334837041047844570239      
   6.17528152821768167516507661365342427        0.139774562077278215826849546711658511      
   6.16398252906812397863653125135039763        0.139020609006884553372327551682429356      
   6.15262269389950479825534511991872203        0.138276103449018263456908608031047412      
   6.14120213482881109730387922625739126        0.137540879848044897465648397951854444      
   6.12972096457235023730898872325883616        0.136814776529930866441289927069490258      
   6.11817929644463751359377882962898724        0.136097635589447026409545868881291804      
   6.10657724435727778675856049365898028        0.135389302781284647521911022030682083      
   6.09491492281784122112885158027952325        0.134689627414926374954145351814141856      
   6.08319244692873314126643121687597221        0.133998462253121984593208664844904243      
   6.07140993238605801769750727637346985        0.133315663413825563709384557742455721      
   6.05956749547847759306999923306393820        0.132641090275457226830651901990043402      
   6.04766525308606316000977022567345181        0.131974605385358629415501985488545247      
   6.03570332267914200200336253248527358        0.131316074371317384962338881766028530      
   6.02368182231713800869239923526355597        0.130665365856041042083743486598599763      
   6.01160087064740647702231105369233389        0.130022351374466552953215017248035851      
   5.99946058690406310974543060258937210        0.129386905293796178565960566001714398      
   5.98726109090680722283576609392522046        0.128758904736155543697733139984392262      
   5.97500250305973917342992220944471373        0.128138229503774088698338843367224704      
   5.96268494435017201996567694334764049        0.127524762006592478924102988312548795      
   5.95030853634743742624664909506485039        0.126918387192205637555712908645522552      
   5.93787340120168582121830121783029363        0.126318992478053974926239748609708496      
   5.92537966164268082629721663880542690        0.125726467685779107807496308648960342      
   5.91282744097858796215216610141492424        0.125140704977663905268308740933912558      
   5.90021686309475764689193908191034943        0.124561598795080073049872398111332384      
   5.88754805245250249767125634275876155        0.123989045798869704688242010243938161      
   5.87482113408786894778230324918828958        0.123422944811590293135860716765658040      
   5.86203623361040319135552723721446460        0.122863196761555619204421242080784297      
   5.84919347720191146784932702799713129        0.122309704628607720138912159248396711      
   5.83629299161521469856412518189658524        0.121762373391557799990402602820284967      
   5.82333490417289748747205882475399434        0.121221109977236479745712196302640035      
   5.81031934276605149870914530855197950        0.120685823211096205591903542291917219      
   5.79724643585301322313227963975044585        0.120156423769310944094587510717979789      
   5.78411631245809614639879817347700581        0.119632824132320498979930951034908455      
   5.77092910217031733108159778382554580        0.119114938539768890855514474041825709      
   5.75768493514211842538793093443886632        0.118602682946788253523398210313232296      
   5.74438394208808111110500424519902259        0.118095974981581623199576311788325621      
   5.73102625428363700345039073732359580        0.117594733904259834374061055769864892      
   5.71761200356377201556002339879840555        0.117098880566889492403608104473774992      
   5.70414132232172520040116950443339582        0.116608337374710672178838432505305769      
   5.69061434350768208295229071071459284        0.116123028248484598092342438117430188      
   5.67703120062746249554607278709324098        0.115642878587933096598471269496702979      
   5.66339202774120292932616040570605714        0.115167815236233082255699119204614937      
   5.64969695946203341482225615531719632        0.114697766445530744458775838498304834      
   5.63594613095474894470223833833334610        0.114232661843441448113902889660161952      
   5.62213967793447545181381861915569141        0.113772432400502650142275645494632018      
   5.60827773666533035568199768625563876        0.113317010398548367623749303268480175      
   5.59436044395907769068218423883167899        0.112866329399974915181451711587730492      
   5.58038793717377782916231928264173503        0.112420324217868761296213924909190258      
   5.56636035421243181284069339081556951        0.111978930886968437938398655415685574      
   5.55227783352162030585935872763509736        0.111542086635433477408033947029838159      
   5.53814051409013718292611972122466889        0.111109729857394346664846025676711917      
   5.52394853544761776603103578091977182        0.110681800086258304685480659334847045      
   5.50970203766316172327618586419081948        0.110258237968747024384221856959222463      
   5.49540116134395064341012748511221917        0.109838985239642699160260017632171063      
   5.48104604763386029971103140152776405        0.109423984697220196884612181406294457      
   5.46663683821206761691488720263780737        0.109013180179343632724722979637806265      
   5.45217367529165235493745382541665885        0.108606516540206508156650065912105961      
   5.43765670161819352319077214108951970        0.108203939627695308290400367358990368      
   5.42308606046836053934706365722565635        0.107805396261357164619048447786956063      
   5.40846189564849914645470956355107391        0.107410834210952876814909275128208662      
   5.39378435149321210236273729841212845        0.107020202175577246490552214915842067      
   5.37905357286393465546183701734781454        0.106633449763329309112614335213421274      
   5.36426970514750482080138729622920011        0.106250527471515658638639095269774198      
   5.34943289425472847069328759104017509        0.105871386667370644023619792554138634      
   5.33454328661893925396457389811465198        0.105495979569277778544126407238423546      
   5.31960102919455335807183320739620152        0.105124259228477242895537650126510668      
   5.30460626945561912834133121331111782        0.104756179511244882167338859490829936      
   5.28955915539436155864952584079369120        0.104391695081528595984063231796369883      
   5.27445983551972166790925595691122506        0.104030761384028501164906845396105923      
   5.25930845885589077677736967183843084        0.103673334627707708013392556977165446      
   5.24410517494083969904988938845823306        0.103319371769720995572152204764397664      
   5.22885013382484286226100074085460300        0.102968830499749098603696972001738958      
   5.21354348606899737205219927305799413        0.102621669224726730388799383753790201      
   5.19818538274373703492783165666453857        0.102277847053952861340450628567470282      
   5.18277597542734135406302693685426029        0.101937323784572154553307382103178708      
   5.16731541620443951287962723978317146        0.101600059887416826357034839070218037      
   5.15180385766450936115519608064948720        0.101266016493198553300263755852648423      
   5.13624145290037141847950539269927373        0.100935155379040387316990334777606854      
   5.12062835550667790992207916624365920        0.100607438955338968651132877866131298      
   5.10496471957839684882340165805347588        0.100282830252947641945805075456476756      
   5.08925069970929118167128102137080923         9.99612929106713852272276451174114951E-0002
   5.07348645099039301007259443277607419         9.96427911630647547930962539300643405E-0002
   5.05767212900847290487922787327685536         9.93272898285243316951739918466393304E-0002
   5.04180788984450432757546217770601068         9.90147542976674280098860984494436382E-0002
   5.02589389007212317408234632076340301         9.87051505219890738241863752530634422E-0002
   5.00993028675608245618273868321168074         9.83984450027895592146649968417825590E-0002
   4.99391723745070213581868676272159590         9.80946047803650498366449658450122812E-0002
   4.97785490019831412756065498701733446         9.77935974234540304216768030852343443E-0002
   4.96174343352770248459579848014356674         9.74953910189325578458904739336471811E-0002
   4.94558299645253878363001735520042828         9.71999541617515248030143968274800445E-0002
   4.92937374846981272414591088960181939         9.69072559451093468055313027747135399E-0002
   4.91311584955825795750598331413799470         9.66172659508536895431574555329849760E-0002
   4.89680946017677316143753244870051716         9.63299542401060508347074985937025678E-0002
   4.88045474126283837548257858080095735         9.60452913441032017904822645569456400E-0002
   4.86405185423092661304296334484165312         9.57632482552496756191242342108464272E-0002
   4.84760096097091076569736645885330613         9.54837964183756700159776628347740194E-0002
   4.83110222384646581551345155099819881         9.52069077221949004994411260578701572E-0002
   4.81455580569346637112466050197470979         9.49325544909571076476798654945058412E-0002
   4.79796186981837954338732828450537673         9.46607094762900811508943513600524417E-0002
   4.78132057999665317647978674183989451         9.43913458492262181455212967395415857E-0002
   4.76463210047109945035096565968969630         9.41244371924087826389660341532920261E-0002
   4.74789659595027387047168239781066564         9.38599574924731771611034546021132463E-0002
   4.73111423160684966088733680769321923         9.35978811325986772782631688070283859E-0002
   4.71428517307598757661609572218650386         9.33381828852262144555627930745525484E-0002
   4.69740958645370115148186051361635884         9.30808379049379231258422676794311445E-0002
   4.68048763829521739751636163285827560         9.28258217214942938827144658196686785E-0002
   4.66351949561333297210961521826746170         9.25731102330248966193822171468638492E-0002
   4.64650532587676582913270835729044714         9.23226796993687553355355284133118224E-0002
   4.62944529700850237030145095350479242         9.20745067355605703774254005570895334E-0002
   4.61233957738414011309384295785377011         9.18285683054590942009000173432568284E-0002
   4.59518833583022589157855552664480791         9.15848417155140734880220197300349080E-0002
   4.57799174162258960655571303373624421         9.13433046086682737337875038744751223E-0002
   4.56074996448467354145518935511221321         9.11039349583912023742807767665958982E-0002
   4.54346317458585726048139602720347377         9.08667110628412432703011681825077014E-0002
   4.52613154253977810553714132391796886         9.06316115391530090054094003325245637E-0002
   4.50875523940264730850257757107018219         9.03986153178468081143220863129808467E-0002
   4.49133443667156173548852869202466227         9.01677016373572121322247367332434729E-0002
   4.47386930628281127972660062779294060         8.99388500386777923493774421492892028E-0002
   4.45636002061018191980142347305969030         8.97120403601191784659369762259487923E-0002
   4.43880675246325445997315549280177934         8.94872527321776710630451779393243015E-0002
   4.42120967508569896938099521006839572         8.92644675725117170281707308845673726E-0002
   4.40356896215356493696089806350881322         8.90436655810236318822281791210509302E-0002
   4.38588478777356715895297830439907149         8.88248277350440254366193237468187784E-0002
   4.36815732648136737591619441990234596         8.86079352846164574403666475594706408E-0002
   4.35038675323985167620986701641599551         8.83929697478799179382188054509315301E-0002
   4.33257324343740368294336136007543696         8.81799129065467930243760250385396728E-0002
   4.31471697288617354143688223841707646         8.79687468014740406148880869429071299E-0002
   4.29681811782034272427777606712163321         8.77594537283253628437210298703840618E-0002
   4.27887685489438467109801380959770168         8.75520162333222217793034537005141439E-0002
   4.26089336118132128023963789751969138         8.73464171090816034239169972579676994E-0002
   4.24286781417097526951589653156900636         8.71426393905384914590906853778585865E-0002
   4.22480039176821842331655909947934287         8.69406663509510669954277766712815572E-0002
   4.20669127229121574334650657066933553         8.67404814979867037320899771939130420E-0002
   4.18854063446966552032712021255158964         8.65420685698868794844491281957811290E-0002
   4.17034865744303534403025042401378804         8.63454115317091750511440705187223184E-0002
   4.15211552075879406905463449924030712         8.61504945716445799149751124651639019E-0002
   4.13384140437063975379454732433903442         8.59573020974083713549029789697958909E-0002
   4.11552648863672359009021197621094387         8.57658187327028792362868288976913072E-0002
   4.09717095431786984108906754550251901         8.55760293137504930890813594261981826E-0002
   4.07877498257579180488638885276982660         8.53879188858953111230585966270014752E-0002
   4.06033875497130382155297668032208160         8.52014727002718726076902718011268513E-0002
   4.04186245346252934119668731447728910         8.50166762105394556030699019461519509E-0002
   4.02334626040310507074344619874357938         8.48335150696804614066605460133896760E-0002
   4.00479035854038121716209195404671084         8.46519751268614453168143528450728470E-0002
   3.98619493101361784489592354558908797         8.44720424243553904446661128756759667E-0002
   3.96756016135217736530217458700737996         8.42937031945238573666025508220877556E-0002
   3.94888623347371317593881429268340871         8.41169438568576774342540032662318921E-0002
   3.93017333168235446757607404157943150         8.39417510150748915808494451844145091E-0002
   3.91142164066688721684792152577506143         8.37681114542746695136713135882778393E-0002
   3.89263134549893138249635065068092640         8.35960121381459762929864552843395957E-0002
   3.87380263163111432319882436014114035         8.34254402062297844978904775512960459E-0002
   3.85493568489524045500649900850869025         8.32563829712336604976351825481309127E-0002
   3.83603069150045716645797242523343845         8.30888279163975828108753061670656422E-0002
   3.81708783803141700947023304924606193         8.29227626929098791715835007320689777E-0002
   3.79810731144643618414524408591714992         8.27581751173721967549383352950392296E-0002
   3.77908929907564933566717419584620405         8.25950531693124470742049780360510860E-0002
   3.76003398861916068150168440118478983         8.24333849887446933645698522327831154E-0002
   3.74094156814519148714489933238620990         8.22731588737749738453097611370799151E-0002
   3.72181222608822390870572927873951452         8.21143632782520791200369245638838405E-0002
   3.70264615124714122064106739410453147         8.19569868094623261577705159649878906E-0002
   3.68344353278336444699906349101394233         8.18010182258673948162191873026605726E-0002
   3.66420456021898541456117177963004400         8.16464464348843157431910821798538470E-0002
   3.64492942343489624630898432260703626         8.14932604907067207420737889108496551E-0002
   3.62561831266891531367699453417568391         8.13414495921664883317895024995293800E-0002
   3.60627141851390966608738540499167199         8.11910030806349382888440555574862899E-0002
   3.58688893191591395629770493852618039         8.10419104379627494467596788517347591E-0002
   3.56747104417224588012687619688283182         8.08941612844577949634329866808421338E-0002
   3.54801794692961814915939103256020862         8.07477453769001086663507729641288020E-0002
   3.52852983218224701506175468831277329         8.06026526065932149651423656111506106E-0002
   3.50900689226995736417928264217656888         8.04588729974510731961401399406632512E-0002
   3.48944931987628440111520102301551939         8.03163967041199051494456273087139273E-0002
   3.46985730802657194002766728952439531         8.01752140101341919399563801956910948E-0002
   3.45023105008606732241380832023181517         8.00353153261061433339271527375461006E-0002
   3.43057073975801298018316827324251343         7.98966911879479591454932832708103776E-0002
   3.41087657108173466285606821363223475         7.97593322551262183863121205028981349E-0002
   3.39114873843072634775530324678221436         7.96232293089477474987954148014740949E-0002
   3.37138743651073185209234041256923451         7.94883732508763342416198753395475999E-0002
   3.35159286035782316588173156510570952         7.93547551008796686372294431382142204E-0002
   3.33176520533647552464981956438712345         7.92223659958059068464165996853192149E-0002
   3.31190466713763924093599302033086815         7.90911971877892679159602200144646840E-0002
   3.29201144177680831361673423870793239         7.89612400426840870625194122741113968E-0002
   3.27208572559208583411450660665443121         7.88324860385267625200103151654487011E-0002
   3.25212771524224620858514110893479166         7.87049267640250459986700787006947220E-0002
   3.23213760770479421520880667290048469         7.85785539170741394917649494440031567E-0002
   3.21211560027402091574088528999548954         7.84533593032990735299457173667607486E-0002
   3.19206189055905644051012004641279856         7.83293348346228540328149291616184304E-0002
   3.17197667648191966608226200868232934         7.82064725278598766512804816074171905E-0002
   3.15186015627556480483811004701517924         7.80847645033341189413865394762114930E-0002
   3.13171252848192492574531583746029609         7.79642029835216318689244261793071597E-0002
   3.11153399194995242563361416254010226         7.78447802917168630223636874882358707E-0002
   3.09132474583365647031323593009235617         7.77264888507223545173873364105554202E-0002
   3.07108498959013742490616775450830580         7.76093211815613689172040799460601283E-0002
   3.05081492297761829278963719825768106         7.74932699022130065762492443309576692E-0002
   3.03051474605347318258072656125167914         7.73783277263693876480544969264688111E-0002
   3.01018465917225282262035013982801896         7.72644874622144815879253711771040460E-0002
   2.98982486298370714244396986645196247         7.71517420112241763343650605750814590E-0002
   2.96943555843080494075537189801402068         7.70400843669871884764689318861116397E-0002
   2.94901694674775065944858175916719941         7.69295076140464246141353759008363347E-0002
   2.92856922945799828325155778368348640         7.68200049267604128000528064190673159E-0002
   2.90809260837226238459367154942402284         7.67115695681844314230031236404373182E-0002
   2.88758728558652633332715949122001504         7.66041948889709711568635572886052898E-0002
   2.86705346348004769096071162267115462         7.64978743262891736644136012838505736E-0002
   2.84649134471336080909115102641659862         7.63926014027628986151167979218639369E-0002
   2.82590113222627665174675120856681613         7.62883697254270782567418545503896748E-0002
   2.80528302923587986138313728436664789         7.61851729847020262771510240562186737E-0002
   2.78463723923452308829992099837505861         7.60830049533853750098015670463172030E-0002
   2.76396396598781860327322851500236933         7.59818594856613221793177033942860123E-0002
   2.74326341353262721322609347757398952         7.58817305161268753565932788500196057E-0002
   2.72253578617504449978530576155180862         7.57826120588347891008397507610441090E-0002
   2.70178128848838440059972837743227245         7.56844982063528964132275648038832875E-0002
   2.68100012531116015332132085037888213         7.55873831288395426175805171277102968E-0002
   2.66019250174506262217613685799784119         7.54912610731348361221467679563249526E-0002
   2.63935862315293602707839668792845551         7.53961263618674367068407704910386612E-0002
   2.61849869515675109526637092813562148         7.53019733925766080264647806558999955E-0002
   2.59761292363557565546425047194485297         7.52087966368492669261010855031681973E-0002
   2.57670151472354269459941915588133264         7.51165906394717679338314494917413880E-0002
   2.55576467480781589712958890214264734         7.50253500175961669317973410448828259E-0002
   2.53480261052655268705910286188047703         7.49350694599207135128693996210112591E-0002
   2.51381552876686479274835950517310135         7.48457437258843269102540029705935014E-0002
   2.49280363666277635464475963537804095         7.47573676448748156445390024567631508E-0002
   2.47176714159317959608782867816012022         7.46699361154506061701866606038256818E-0002
   2.45070625117978807736521806955355437         7.45834441045757508244460425902714889E-0002
   2.42962117328508755322014190555885239         7.44978866468679902891184243091382626E-0002
   2.40851211601028445403445798258349579         7.44132588438596505725215867162221604E-0002
   2.38737928769325201093505572006427688         7.43295558632711592082337550625770685E-0002
   2.36622289690647404509446698238359450         7.42467729382969699515472159667107382E-0002
   2.34504315245498644151966927720906598         7.41649053669036897367397787782101114E-0002
   2.32384026337431632764590397411710863         7.40839485111402060409187551926610781E-0002
   2.30261443892841897707498483525519763         7.40038977964596170858738622647719229E-0002
   2.28136588860761245882002405528181648         7.39247487110527715005888119216612338E-0002
   2.26009482212651005244075394930639972         7.38464968051932281662344376495517447E-0002
   2.23880144942195044947567218542608283         7.37691376905934509749609054181222271E-0002
   2.21748598065092576159908681509955454         7.36926670397720571559205259870345349E-0002
   2.19614862618850735595278409437632059         7.36170805854319416589213244332022083E-0002
   2.17478959662576953812348699826767067         7.35423741198491038401098367674500318E-0002
   2.15340910276771110325851519765091136         7.34685434942720063672260326825306758E-0002
   2.13200735563117477583309788338261351         7.33955846183312998563234436243755107E-0002
   2.11058456644276455860362897809717483         7.33234934594597502694080449910848287E-0002
   2.08914094663676101130178976681986552         7.32522660423222095451712937467451965E-0002
   2.06767670785303447964489659936467716         7.31818984482554733047752062125247712E-0002
   2.04619206193495629525806086885501030         7.31123868147178727733394272398052335E-0002
   2.02468722092730796712377475194204567         7.30437273347484512871820474305540205E-0002
   2.00316239707418838519435900975017160         7.29759162564355789187302826774011317E-0002
   1.98161780281691905682232829860802353         7.29089498823948618470509176547740825E-0002
   1.96005365079194739668314473259427661         7.28428245692562061338159374452258583E-0002
   1.93847015382874809088404168421842761         7.27775367271598985338350833432417592E-0002
   1.91686752494772255597160681556098572         7.27130828192615698776312525785621953E-0002
   1.89524597735809651356961591232340517         7.26494593612459094124430682836563281E-0002
   1.87360572445581570139720706191183967         7.25866629208490012790083967973042872E-0002
   1.85194697982143974143587789034588537         7.25246901173891570359715406440161369E-0002
   1.83026995721803418603197676991078403         7.24635376213061208231865075133095542E-0002
   1.80857487058906076273934195054888463         7.24032021537085263809442269109183708E-0002
   1.78686193405626583872452027552808750         7.23436804859294877155828548872451452E-0002
   1.76513136191756712557456934047288130         7.22849694390902077243633195443409966E-0002
   1.74338336864493864536481347096675135         7.22270658836714915651899078025804864E-0002
   1.72161816888229397886108455623281194         7.21699667390930539809787822985849081E-0002
   1.69983597744336781674793341550360574         7.21136689733005121654455029664903141E-0002
   1.67803700930959583479104582226574004         7.20581696023599580879853292680064858E-0002
   1.65622147962799291385863940430989921         7.20034656900600064813173594029185056E-0002
   1.63438960370902972574295321116810751         7.19495543475212169377869868765854821E-0002
   1.61254159702450770573907063385223732         7.18964327328127907597746200765009773E-0002
   1.59067767520543243295423841563521610         7.18440980505764453676191541538621713E-0002
   1.56879805403988543933655954979472322         7.17925475516573711858832662596196373E-0002
   1.54690294947089446842744576566727671         7.17417785327421780066898674582305594E-0002
   1.52499257759430220485751590498161670         7.16917883360037398682460503934047778E-0002
   1.50306715465663349562071963524352304         7.16425743487528494885198209378759526E-0002
   1.48112689705296108417635148696635783         7.15941340030965952592998272117647674E-0002
   1.45917202132476987844329798986845092         7.15464647756033757354807413834971046E-0002
   1.43720274415781977376533057492613676         7.14995641869744684492866139982443914E-0002
   1.41521928238000705194051876156770895         7.14534298017220717401599146835554581E-0002
   1.39322185295922437742189182156021364         7.14080592278537401190730258612204741E-0002
   1.37121067300121941181032246457363971         7.13634501165631354819096197368940290E-0002
   1.34918595974745206777424298835771667         7.13196001619270182511441837364231459E-0002
   1.32714793057295042354423264434449920         7.12765071006084042591287028396108886E-0002
   1.30509680298416531914373455476321880         7.12341687115658148906676254904546907E-0002
   1.28303279461682365553017124955054778         7.11925828157685496779994663133533933E-0002
   1.26095612323378041783352964204881406         7.11517472759179121885622565003835061E-0002
   1.23886700672286944389207890535861040         7.11116599961743216657403618640855982E-0002
   1.21676566309475295929726812196651143         7.10723189218902444758955616450629883E-0002
   1.19465231048076990017202463568384487         7.10337220393488809820836037959875233E-0002
   1.17252716713078304491863861685570264         7.09958673755085450066413514067008508E-0002
   1.15039045141102497618417434114502908         7.09587529977526745619769337604741947E-0002
   1.12824238180194289430289396294766834         7.09223770136454140220694780979716660E-0002
   1.10608317689604230348651502270344411         7.08867375706927093770355605251011855E-0002
   1.08391305539572959204424845115927264         7.08518328561088596602825053129544710E-0002
   1.06173223611115352792547931320859331         7.08176610965884690628670120700286161E-0002
   1.03954093795804569088865786154554554         7.07842205580837456533215322507753398E-0002
   1.01733937995555986261046354037525331         7.07515095455870940039982727831951891E-0002
  0.995127781224110396059589288230989465         7.07195264029189503874976671285697012E-0002
  0.972906360983209585469567735059119189         7.06882695125208105495690535330661879E-0002
  0.950675338549304058254924572714723728         7.06577372952534013885593664753533452E-0002
  0.928434933333610210224597402514157244         7.06279282101999491765932608947418204E-0002
  0.906185364839948705456000633244007846         7.05988407544744982447371238115099907E-0002
  0.883926852662578062202348424837657026         7.05704734630352353239615867570000077E-0002
  0.861659616484027346214868155690390335         7.05428249085027759862942922383023826E-0002
  0.839383876072927992870346346263387794         7.05158937009833708666591193536192877E-0002
  0.817099851281844779503047311280049346         7.04896784878969905660329541342878131E-0002
  0.794807762045105969348431952582902797         7.04641779538102493412106054819870031E-0002
  0.772507828376632648514279961818115560         7.04393908202741288761382112084028338E-0002
  0.750200270367767277402783195854955076         7.04153158456664646049327222446434766E-0002
  0.727885308185101478014931039623090085         7.03919518250391582178190306020434454E-0002
  0.705563162068303078576050104341934477         7.03692975899700811287484928427481495E-0002
  0.683234052327942436928690549491321549         7.03473520084196348178669833080192023E-0002
  0.660898199343318064146169591988266915         7.03261139845919350837239572884638728E-0002
  0.638555823560281569826989305635757195         7.03055824588005883495961213538313719E-0002
  0.616207145489061950537040549831762773         7.02857564073390292659733000947401429E-0002
  0.593852385702089242872987732695606038         7.02666348423553899375466063705909305E-0002
  0.571491764831817562626500046201173396         7.02482168117318721783705092756327365E-0002
  0.549125503568547551535053747710670425         7.02305013989685952636553276308818483E-0002
  0.526753822658248253110876943679403342         7.02134877230718927012938043918668761E-0002
  0.504376942900378439045243099545122797         7.01971749384470325911379890083521504E-0002
  0.481995085145707407690742099311790215         7.01815622347953371756186512641990613E-0002
  0.459608470294135276129368055568509352         7.01666488370156782119318071380716730E-0002
  0.437217319292512787339261174225342331         7.01524340051103258140937657424689367E-0002
  0.414821853132460653977726758769618383         7.01389170340951294230709095280760111E-0002
  0.392422292848188460302727849115402098         7.01260972539140105653023062996156660E-0002
  0.370018859514313143759408984997301029         7.01139740293577480546271454198093339E-0002
  0.347611774243677077762357120306490254         7.01025467599870372802758387561690130E-0002
  0.325201258185165777208241751837386752         7.00918148800598062045506030253346770E-0002
  0.302787532521525248257199824760605993         7.00817778584627716684720457545648587E-0002
  0.280370818467179003924841901012414678         7.00724351986472205723629402537870774E-0002
  0.257951337266044767030054391041291644         7.00637864385690014614360466628662427E-0002
  0.235529310189350882046858321425501637         7.00558311506327130043035837433833005E-0002
  0.213104958533452457411458110317388326         7.00485689416400768052830552132508334E-0002
  0.190678503617647259838274121125074841         7.00419994527424829397862583781142846E-0002
  0.168250166781991382201200336054346750         7.00361223593976975462917102549371498E-0002
  0.145820169385114706538563310946132131         7.00309373713307227487594472021093261E-0002
  0.123388732802036183742280619201468829         7.00264442324988001201931736336633622E-0002
  0.100956078421978951493526245529260569         7.00226427210605498317281772911423738E-0002
   7.85224276461853120088068319260498979E-0002   7.00195326493492385624627359703944489E-0002
   5.60880018857315911617362929450692980E-0002   7.00171138638501701735928565109993180E-0002
   3.36530225593429005469670912783679912E-0002   7.00153862451821940765907330377780181E-0002
   1.12177110912078240536943864057370926E-0002   7.00143497080833271495207666049040381E-0002
  -1.12177110912069494831056708968183955E-0002   7.00140042014004859784468654289835131E-0002
  -3.36530225593420259850100344016410123E-0002   7.00143497080833271225837674509848688E-0002
  -5.60880018857307166170424681417398036E-0002   7.00153862451821940227154054132304173E-0002
  -7.85224276461844374900076422561925555E-0002   7.00171138638501700927765416223357162E-0002
 -0.100956078421978077009252838483355360         7.00195326493492384547014452271749726E-0002
 -0.123388732802035309301163801514459845         7.00226427210605496970165918256240958E-0002
 -0.145820169385113832149233463414849486         7.00264442324987999585246436601652968E-0002
 -0.168250166781990507872287328359132403         7.00309373713307225601259912159493850E-0002
 -0.190678503617646385578407226656452850         7.00361223593976973306840140707614554E-0002
 -0.213104958533451583229265921008620187         7.00419994527424826971936740074033037E-0002
 -0.235529310189350007950968662591867500         7.00485689416400765356935995807502517E-0002
 -0.257951337266043893029094236226937635         7.00558311506327127077039372421718559E-0002
 -0.280370818467178130027437286845606814         7.00637864385690011378115515477358418E-0002
 -0.302787532521524374471975765818231281         7.00724351986472202216975988725745523E-0002
 -0.325201258185164903543822155519541006         7.00817778584627712907485186170378282E-0002
 -0.347611774243676204227364701721994027         7.00918148800598057997502067091972038E-0002
 -0.370018859514312270362465181860982638         7.01025467599870368483785436497163946E-0002
 -0.392422292848187587052452736657987688         7.01139740293577475956115733007232929E-0002
 -0.414821853132459780882738964661069756         7.01260972539140100791457277493552400E-0002
 -0.437217319292511914408177793512481171         7.01389170340951289097492411812808486E-0002
 -0.459608470294134403370804565627767994         7.01524340051103252735815673707548020E-0002
 -0.481995085145706535113312274817928283         7.01666488370156776442022785675597094E-0002
 -0.504376942900377566657558927456748585         7.01815622347953365806436291260825156E-0002
 -0.526753822658247380921548538242138981         7.01971749384470319688879433217655764E-0002
 -0.549125503568546679552689265478801108         7.02134877230718920517378349782845559E-0002
 -0.571491764831816690859705601078616770         7.02305013989685945867611603592328218E-0002
 -0.593852385702088371330367310997042659         7.02482168117318714741044921372812738E-0002
 -0.616207145489061079227195925364764591         7.02666348423553892058737053832908863E-0002
 -0.638555823560280698758519954804753004         7.02857564073390285068570950346325718E-0002
 -0.660898199343317193327672608921182064         7.03055824588005875629988013145141455E-0002
 -0.683234052327941566368760561189729116         7.03261139845919342696063160661216087E-0002
 -0.705563162068302208283279185855557133         7.03473520084196339761884146115608738E-0002
 -0.727885308185100607997908629249487921         7.03692975899700802594669853278586435E-0002
 -0.750200270367766407670096010365235729         7.03919518250391573208911627280131398E-0002
 -0.772507828376631779074511911709512023         7.04153158456664636803136569527983501E-0002
 -0.794807762045105100210164057359034259         7.04393908202741279237816904209146812E-0002
 -0.817099851281843910674857614759727683         7.04641779538102483610689444198003700E-0002
 -0.839383876072927124360809831918787655         7.04896784878969895580570354528570042E-0002
 -0.861659616484026478032556662015423685         7.05158937009833698307983870951044547E-0002
 -0.883926852662577194355830560747388186         7.05428249085027749224967455988295147E-0002
 -0.906185364839947837953841693505941913         7.05704734630352342321737736675446719E-0002
 -0.928434933333609343075359283212239936         7.05988407544744971249041343309188243E-0002
 -0.950675338549303191467165686746882273         7.06279282101999480286587204133600947E-0002
 -0.972906360983208719051842927669183853         7.06577372952534002124654287276798678E-0002
 -0.995127781224109530020449752575822715         7.06882695125208093452563934178098905E-0002
  -1.01733937995555899695845673312792718         7.07195264029189491549054733344342065E-0002
  -1.03954093795804482563232741853539442         7.07515095455870927430642402186690837E-0002
  -1.06173223611115266307336496509897726         7.07842205580837443639818542761569575E-0002
  -1.08391305539572872760488593916388439         7.08176610965884677450563725298640655E-0002
  -1.10608317689604143946843601434198790         7.08518328561088583139340703670173243E-0002
  -1.12824238180194203071462596784174703         7.08867375706927080020809702759907268E-0002
  -1.15039045141102411303424062685506640         7.09223770136454126184388380133551161E-0002
  -1.17252716713078218221555812475973293         7.09587529977526731295988058879450403E-0002
  -1.19465231048076903792431189689900177         7.09958673755085435454427453791722140E-0002
  -1.21676566309475209751343317331404279         7.10337220393488794919899676254853177E-0002
  -1.23886700672286858258062720537325049         7.10723189218902429568307723027280439E-0002
  -1.26095612323377955700296198703334134         7.11116599961743201176267156441385183E-0002
  -1.28303279461682279518898368967635772         7.11517472759179106113204591657485808E-0002
  -1.30509680298416445930041831021773903         7.11925828157685480715486230205807384E-0002
  -1.32714793057294956420727402152627294         7.12341687115658132549252304915204783E-0002
  -1.34918595974745120895212329611998649         7.12765071006084025940106289581166235E-0002
  -1.37121067300121855351151793051725163         7.13196001619270165565646716156537100E-0002
  -1.39322185295922351965487350837667364         7.13634501165631337577812668571329847E-0002
  -1.41521928238000619471375248343321357         7.14080592278537383653067753236584627E-0002
  -1.43720274415781891708727681394740496         7.14534298017220699566650437580636740E-0002
  -1.45917202132476902232241181258118174         7.14995641869744666359707224322207146E-0002
  -1.48112689705296022862108246088713738         7.15464647756033738922497394689260403E-0002
  -1.50306715465663264063951174547600348         7.15941340030965933860579236075660791E-0002
  -1.52499257759430135045880747087779221         7.16425743487528475851695102445479134E-0002
  -1.54690294947089361461966935754467939         7.16917883360037379346881004768990891E-0002
  -1.56879805403988458612814190571035732         7.17417785327421760428233065199252568E-0002
  -1.59067767520543158035360035821705592         7.17925475516573691916053696491842364E-0002
  -1.61254159702450685375462698718910705         7.18440980505764433428254309217362911E-0002
  -1.63438960370902887438311271775876468         7.18964327328127887043587992626330232E-0002
  -1.65622147962799206313180464207214188         7.19495543475212148516410035320021982E-0002
  -1.67803700930959498470561312160635259         7.20034656900600043643313403406187480E-0002
  -1.69983597744336696731229277644997351         7.20581696023599559400475785395938079E-0002
  -1.72161816888229313008361956562699934         7.21136689733005099864424870608789117E-0002
  -1.74338336864493779725390121972289093         7.21699667390930517707951150590314126E-0002
  -1.76513136191756627813858034089866615         7.22270658836714893237083350582110159E-0002
  -1.78686193405626499197181837871119416         7.22849694390902054514647034522578212E-0002
  -1.80857487058905991667828426380913950         7.23436804859294854111461579812108824E-0002
  -1.83026995721803334067091357431888798         7.24032021537085240448464958525270387E-0002
  -1.85194697982143889678315255830951146         7.24635376213061184553028565414644049E-0002
  -1.87360572445581485746115597482991475         7.25246901173891546361751347184418134E-0002
  -1.89524597735809567035856837830939077         7.25866629208489988471704344317278332E-0002
  -1.91686752494772171349388498723597166         7.26494593612459069484327640641955987E-0002
  -1.93847015382874724914796047657484399         7.27130828192615673813158193627634499E-0002
  -1.96005365079194655569701174093103919         7.27775367271598960050797141351083569E-0002
  -1.98161780281691821659444371653792282         7.28428245692562035724837869414790129E-0002
  -2.00316239707418754573301554728031325         7.29089498823948592530030834574831355E-0002
  -2.02468722092730712843725755362814932         7.29759162564355762918257861680152155E-0002
  -2.04619206193495545735464743203037864         7.30437273347484486272778143002593588E-0002
  -2.06767670785303364253285669244463895         7.31123868147178700802902676710224889E-0002
  -2.08914094663676017498938534768249962         7.31818984482554705784337947062484599E-0002
  -2.11058456644276372309911411254112120         7.32522660423222067853881485903127640E-0002
  -2.13200735563117394114471866366277761         7.33234934594597474760315073608461031E-0002
  -2.15340910276771026939450966109286016         7.33955846183312970291996563176136240E-0002
  -2.17478959662576870509208504596153255         7.34685434942720035061989184728636809E-0002
  -2.19614862618850652376220740995098271         7.35423741198491009450210763778179322E-0002
  -2.21748598065092493025754878357796454         7.36170805854319387296103341204168001E-0002
  -2.23880144942194961899137781216245494         7.36926670397720541922244347317395699E-0002
  -2.26009482212650922282189977900612533         7.37691376905934479767145317138785887E-0002
  -2.28136588860761163007479809110487532         7.38464968051932251332702658846267669E-0002
  -2.30261443892841814921156645800387345         7.39247487110527684327369683469623965E-0002
  -2.32384026337431550067246386150880133         7.40038977964596139829620905412240976E-0002
  -2.34504315245498561544436932323500367         7.40839485111402029027723915111810506E-0002
  -2.36622289690647321992546021675423206         7.41649053669036865631817265452847649E-0002
  -2.38737928769325118668048622774218721         7.42467729382969667423979200484336370E-0002
  -2.40851211601028363070246082340453529         7.43295558632711559633111755798438531E-0002
  -2.42962117328508673081884303394240915         7.44132588438596472916411723836271222E-0002
  -2.45070625117978725590273425430265450         7.44978866468679869720930853099526845E-0002
  -2.47176714159317877557226742235219889         7.45834441045757474710861229797193717E-0002
  -2.49280363666277553508421909634716035         7.46699361154506027802999102327035492E-0002
  -2.51381552876686397415092841458440658         7.47573676448748122179305484072774460E-0002
  -2.53480261052655186943286044589767928         7.48457437258843234467263204961130735E-0002
  -2.55576467480781508048260480168932535         7.49350694599207100122222825812510843E-0002
  -2.57670151472354187893975334699683121         7.50253500175961633938278718278505697E-0002
  -2.59761292363557484079995318623557933         7.51165906394717643583339684135892403E-0002
  -2.61849869515675028160548257332250253         7.52087966368492633128671596768987716E-0002
  -2.63935862315293521442894776849136380         7.53019733925766043752831723196773140E-0002
  -2.66019250174506181054614789591775633         7.53961263618674330174974047866525813E-0002
  -2.68100012531115934271880230597857825         7.54912610731348323944247001481498809E-0002
  -2.70178128848838359103268057031630657         7.55873831288395388512598992522873551E-0002
  -2.72253578617504369126171879164659767         7.56844982063528926080856117400374283E-0002
  -2.74326341353262640575394714626874987         7.57826120588347852566507057102257141E-0002
  -2.76396396598781779686049224639169725         7.58817305161268714731283782163325055E-0002
  -2.78463723923452228295455376060393325         7.59818594856613182563451410534309336E-0002
  -2.80528302923587905711308751107862751         7.60830049533853710470864579924411754E-0002
  -2.82590113222627584855995672045620984         7.61851729847020222744553674154167406E-0002
  -2.84649134471336000699553895288537643         7.62883697254270742138244959493552206E-0002
  -2.86705346348004688996419832359138380         7.63926014027628945317333911999280474E-0002
  -2.88758728558652553343765047880258350         7.64978743262891695403165695363882804E-0002
  -2.90809260837226158581906141019442382         7.66041948889709669918020532295182934E-0002
  -2.92856922945799748559973010056543834         7.67115695681844272167229892711476519E-0002
  -2.94901694674774986292740903367486468         7.68200049267604085522965319911744216E-0002
  -2.96943555843080414537271547255359257         7.69295076140464203246420581593013709E-0002
  -2.98982486298370634820767984673339373         7.70400843669871841449742315795373230E-0002
  -3.01018465917225202953826531738763927         7.71517420112241719606011592193522355E-0002
  -3.03051474605347239066067433608649609         7.72644874622144771716209270583413034E-0002
  -3.05081492297761750203943350157210033         7.73783277263693831889346003289371604E-0002
  -3.07108498959013663533361697157403908         7.74932699022130020740353719752324707E-0002
  -3.09132474583365568192613082322229974         7.76093211815613643716140486224322140E-0002
  -3.11153399194995163843973579417690902         7.77264888507223499281352557923058736E-0002
  -3.13171252848192413975243349338043788         7.78447802917168583891599121090631334E-0002
  -3.15186015627556402005398115964922512         7.79642029835216271914755065588279098E-0002
  -3.17197667648191888251463208055223076         7.80847645033341142193951723770884443E-0002
  -3.19206189055905565816672257368689456         7.82064725278598718844454594072875163E-0002
  -3.21211560027402013462944168616202802         7.83293348346228492208310883226089818E-0002
  -3.23213760770479343533702619256039141         7.84533593032990686725038859849781245E-0002
  -3.25212771524224542996072077171443049         7.85785539170741345885518938609780606E-0002
  -3.27208572559208505674513112123913865         7.87049267640250410493684491583421242E-0002
  -3.29201144177680753751007592699703282         7.88324860385267575242985904856747614E-0002
  -3.31190466713763846609971174171496680         7.89612400426840820200718435437587977E-0002
  -3.33176520533647475109156264014837687         7.90911971877892628264467732558349229E-0002
  -3.35159286035782239360913370294185673         7.92223659958059017095028974920476194E-0002
  -3.37138743651073108111302363124211757         7.93547551008796634525767052557970670E-0002
  -3.39114873843072557807687680089152055         7.94883732508763290088848581693326179E-0002
  -3.41087657108173389448612851851523623         7.96232293089477422176303498064249521E-0002
  -3.43057073975801221312929883000050455         7.97593322551262130563646514929288122E-0002
  -3.45023105008606655668357964088402937         7.98966911879479537664064025449579812E-0002
  -3.46985730802657117562863682229009542         8.00353153261061379053391360597085124E-0002
  -3.48944931987628363805491307772504506         8.01752140101341864615007205801002678E-0002
  -3.50900689226995660246526831581203841         8.03163967041198996207509675907440502E-0002
  -3.52852983218224625470153179067919943         8.04588729974510676168302041079875397E-0002
  -3.54801794692961739016046401208775284         8.06026526065932093348358888696578307E-0002
  -3.56747104417224512249673606656092086         8.07477453769001029846614305123930377E-0002
  -3.58688893191591320004382920197024154         8.08941612844577892299693211663045332E-0002
  -3.60627141851390891121723798264318284         8.10419104379627436611250264811037429E-0002
  -3.62561831266891456019802568963629761         8.11910030806349324506364708331933733E-0002
  -3.64492942343489549422863058910747988         8.13414495921664824406016815533895863E-0002
  -3.66420456021898466388685588663454767         8.14932604907067147974929914053694201E-0002
  -3.68344353278336369773819429096088593         8.16464464348843097447990517469022483E-0002
  -3.70264615124714047280103978928406966         8.18010182258673887635920704884751060E-0002
  -3.72181222608822316229392414830887605         8.19569868094623200504787796497181240E-0002
  -3.74094156814519074216868345952339310         8.21143632782520729576452718230892677E-0002
  -3.76003398861915993796841040038139810         8.22731588737749676273770455117887920E-0002
  -3.77908929907564859358418044034009653         8.24333849887446870906489903738862042E-0002
  -3.79810731144643544351985463526566999         8.25950531693124407438428606879496259E-0002
  -3.81708783803141627030975757704052114         8.27581751173721903676757365825862423E-0002
  -3.83603069150045642876970614695558966         8.29227626929098727269549857139398752E-0002
  -3.85493568489523971879772260952990174         8.30888279163975763084091366177633508E-0002
  -3.87380263163111358847680392386496083         8.32563829712336539368532209298758987E-0002
  -3.89263134549893064926833758682978582         8.34254402062297778783080891360677560E-0002
  -3.91142164066688648512115249882177327         8.35960121381459696141124083853253363E-0002
  -3.93017333168235373735777089932424602         8.37681114542746627750076778589448424E-0002
  -3.94888623347371244723618399497728200         8.39417510150748847818914879423512676E-0002
  -3.96756016135217663812240913462220153         8.41169438568576705744900837978046512E-0002
  -3.98619493101361711924619990923552084         8.42937031945238504455140126228251162E-0002
  -4.00479035854038049304957200354040214         8.44720424243553834617271737801304421E-0002
  -4.02334626040310434817527663232039175         8.46519751268614382714919929987085383E-0002
  -4.04186245346252862017999958825826968         8.48335150696804542984143936378117372E-0002
  -4.06033875497130310209488693792887731         8.50166762105394484313521168477239972E-0002
  -4.07877498257579108699399785509121218         8.52014727002718653719454265717146896E-0002
  -4.09717095431786912476946060061276068         8.53879188858953038227235554842366927E-0002
  -4.11552648863672287535045886944066128         8.55760293137504857235851546392690500E-0002
  -4.13384140437063904064170224849928106         8.57658187327028718050505347432430379E-0002
  -4.15211552075879335749573598500052947         8.59573020974083638573395831610524958E-0002
  -4.17034865744303463407232127043437141         8.61504945716445723504893849958725603E-0002
  -4.18854063446966481197716741777167250         8.63454115317091674191324298619622108E-0002
  -4.20669127229121503661152126275055478         8.65420685698868717842995047960748891E-0002
  -4.22480039176821771820351646740623432         8.67404814979866959631816741894259797E-0002
  -4.24286781417097456603175575640669278         8.69406663509510591571313277811904418E-0002
  -4.26089336118132057839134208372959079         8.71426393905384835507677098882181110E-0002
  -4.27887685489438397089248991651187377         8.73464171090815954449200520375938539E-0002
  -4.29681811782034202572193484057649872         8.75520162333222137289758821765415307E-0002
  -4.31471697288617284453761814254713742         8.77594537283253547213968078912330966E-0002
  -4.33257324343740298770755250926770429         8.79687468014740324198916654544186104E-0002
  -4.35038675323985098264437510742577792         8.81799129065467847560221694969932912E-0002
  -4.36815732648136668402786466413106810         8.83929697478799095958124318945613190E-0002
  -4.38588478777356646874863936033480547         8.86079352846164490232026552579223112E-0002
  -4.40356896215356424844736196933016980         8.88248277350440169439824243457561106E-0002
  -4.42120967508569828256505731641246780         8.90436655810236233133927221968131485E-0002
  -4.43880675246325377486159439569676237         8.92644675725117083824005258213995384E-0002
  -4.45636002061018123640100094702288782         8.94872527321776623395933120392497038E-0002
  -4.47386930628281059804406155909477407         8.97120403601191696640456289588202558E-0002
  -4.49133443667156105553060101211936398         8.99388500386777834682776954479447612E-0002
  -4.50875523940264663027597219019383302         9.01677016373572031711363812359969322E-0002
  -4.52613154253977742904855206485451951         9.03986153178467990724534234528963524E-0002
  -4.54346317458585658573749955921942115         9.06316115391529998819570401700547184E-0002
  -4.56074996448467286846264512806056231         9.08667110628412340644498228751109794E-0002
  -4.57799174162258893532116321233043707         9.11039349583911930852030495658920647E-0002
  -4.59518833583022522210862492490322917         9.13433046086682643606436735383384985E-0002
  -4.61233957738413944539513897371551390         9.15848417155140640299598202337662692E-0002
  -4.62944529700850170438056350361731240         9.18285683054590846570544127706069299E-0002
  -4.64650532587676516499620981196973361         9.20745067355605607469183550484308477E-0002
  -4.66351949561333230976406033663140760         9.23226796993687456174757710446631771E-0002
  -4.68048763829521673696828749813384225         9.25731102330248868128650016097628302E-0002
  -4.69740958645370049273778646862121171         9.28258217214942839868213247680533422E-0002
  -4.71428517307598691968252330498572536         9.30808379049379131396407616057322680E-0002
  -4.73111423160684900577074968743175646         9.33381828852262043781062535731049132E-0002
  -4.74789659595027321717854631072212627         9.35978811325986671085904360786790331E-0002
  -4.76463210047109879888772834528215291         9.38599574924731668982386090495336339E-0002
  -4.78132057999665252685287787925929340         9.41244371924087722819181219119797678E-0002
  -4.79796186981837889560315942907719636         9.43913458492262076932840489848254680E-0002
  -4.81455580569346572518962502192450485         9.46607094762900706024458972255818735E-0002
  -4.83110222384646517143392456435163408         9.49325544909570970019824384327090398E-0002
  -4.84760096097091012347970477051631641         9.52069077221948897554407634676969997E-0002
  -4.86405185423092597269350538386134086         9.54837964183756591726038987766933914E-0002
  -4.88045474126283773700764433780786440         9.57632482552496646752897850235369481E-0002
  -4.89680946017677252484342341353286451         9.60452913441031907450827071843960400E-0002
  -4.91311584955825732279898241364851890         9.63299542401060396866209414255161569E-0002
  -4.92937374846981209133228242564782799         9.66172659508536782912442015545539497E-0002
  -4.94558299645253815271600694281766077         9.69072559451093354486335048175845769E-0002
  -4.96174343352770185558763298590450555         9.71999541617515133399557047036663383E-0002
  -4.97785490019831350046454246757453620         9.74953910189325462754756732308413582E-0002
  -4.99391723745070151064081640353668849         9.77935974234540187426914453928369574E-0002
  -5.00993028675608183292928073747058785         9.80946047803650380478549901735981369E-0002
  -5.02589389007212255275945204847845002         9.83984450027895473148163419910746685E-0002
  -5.04180788984450370818926378500546675         9.87051505219890618120045828756605189E-0002
  -5.05767212900847228743583845188253101         9.90147542976674158840759065494403611E-0002
  -5.07348645099039239457810789966957988         9.93272898285243194544189184438797274E-0002
  -5.08925069970929056813177205864904811         9.96427911630647424360581706120620513E-0002
  -5.10496471957839623724492565297399088         9.99612929106713727525463401919494201E-0002
  -5.12062835550667730031067215146040067        0.100282830252947629352097806408543060      
  -5.13624145290037081084118398668939694        0.100607438955338955936993912813152398      
  -5.15180385766450875549595742833175377        0.100935155379040374480990482606879845      
  -5.16731541620443890920544895332855311        0.101266016493198540340949884714447395      
  -5.18277597542734075237986703668932051        0.101600059887416813272929382889229221      
  -5.19818538274373643524162851266817385        0.101937323784572141342907834759696467      
  -5.21354348606899677436887154595212163        0.102277847053952848002229025388142020      
  -5.22885013382484226658644732378936647        0.102621669224726716921201769939612369      
  -5.24410517494083910538998934879231388        0.102968830499749085005142857608465968      
  -5.25930845885589018513798219311502125        0.103319371769720981841034005837504508      
  -5.27445983551972107829622028103025824        0.103673334627707694148075022429989262      
  -5.28955915539436097106866121038087677        0.104030761384028487163726469205754823      
  -5.30460626945561854279843681428436434        0.104391695081528581845327650077411432      
  -5.31960102919455277457268811173000223        0.104756179511244867889326231991631044      
  -5.33454328661893867251493700680296235        0.105124259228477228476496025677369826      
  -5.34943289425472789129889757725839828        0.105495979569277763982273072664294705      
  -5.36426970514750424346796254869579365        0.105871386667370629317140604547759473      
  -5.37905357286393408019507558388610506        0.106250527471515643785687794703359789      
  -5.39378435149321152916831682971287686        0.106633449763329294111311843348730789      
  -5.40846189564849857533828725713635654        0.107020202175577231338985910953346696      
  -5.42308606046835997031427620161461129        0.107410834210952861511132254516245119      
  -5.43765670161819295624723566016650294        0.107805396261357149161078760691112659      
  -5.45217367529165179008876382300237265        0.108203939627695292676220236670504123      
  -5.46663683821206705416661850726393320        0.108606516540206492384205084151710550      
  -5.48104604763385973906873811141565932        0.109013180179343616791921284088227430      
  -5.49540116134395008487934291335620709        0.109423984697220180789323606782393847      
  -5.50970203766316116686242248414662278        0.109838985239642682900315225572556140      
  -5.52394853544761721173978517179862652        0.110258237968747007957411441596914536      
  -5.53814051409013663076285251389365745        0.110681800086258288089554228177293919      
  -5.55227783352161975582952455062422890        0.111109729857394329897511254996986659      
  -5.56636035421243126494972081653214235        0.111542086635433460466955610941235109      
  -5.58038793717377728341561577379252339        0.111978930886968420821197627771050836      
  -5.59436044395907714708513609505345592        0.112420324217868744000466153134147064      
  -5.60827773666532981423996999095458085        0.112866329399974897704687161523423005      
  -5.62213967793447491253215518655615901        0.113317010398548349963450874064491619      
  -5.63594613095474840758626166073660459        0.113772432400502632295878053556275029      
  -5.64969695946203287987726735057056135        0.114232661843441430078791520616310250      
  -5.66339202774120239655743916488300166        0.114697766445530726232285566116267959      
  -5.67703120062746196495887732238498017        0.115167815236233063835113090137169659      
  -5.69061434350768155455185770353364527        0.115642878587933077981019652703201467      
  -5.70414132232172467419271405372965879        0.116123028248484579275201137755822003      
  -5.71761200356377149154873896958822971        0.116608337374710653159127763044841800      
  -5.73102625428363648164144910943238380        0.117098880566889473178391426729012437      
  -5.74438394208808059150355546221784787        0.117594733904259814940343372505257760      
  -5.75768493514211790799910325289562504        0.118095974981581603554302821489058813      
  -5.77092910217031681591049762257113815        0.118602682946788233663452817661923032      
  -5.78411631245809563345051006328703494        0.119114938539768870777718255582154234      
  -5.79724643585301271241186617314295851        0.119632824132320478681040574442024020      
  -5.81031934276605099022164708982171729        0.120156423769310923571293606031519433      
  -5.82333490417289698122249442022367039        0.120685823211096184840829023400539709      
  -5.83629299161521419455749107038565453        0.121221109977236458763410530898955132      
  -5.84919347720191096609059755150856404        0.121762373391557778773356028971801104      
  -5.86203623361040269184965455183999854        0.122309704628607698683529846653441478      
  -5.87482113408786845053421727623265134        0.122863196761555597507037395998103937      
  -5.88754805245250200268586472008333153        0.123422944811590271192732622522376327      
  -5.90021686309475715417412711549675708        0.123989045798869682495548016138565948      
  -5.91282744097858747170679671714904986        0.124561598795080050603709834436347373      
  -5.92537966164268033812913033448228681        0.125140704977663882564691772745856099      
  -5.93787340120168533533231601538028325        0.125726467685779084842353719812794120      
  -5.95030853634743694264756049300180820        0.126318992478053951695412654538080358      
  -5.96268494435017153865825786943922135        0.126918387192205614054952395042355511      
  -5.97500250305973869441892297360550755        0.127524762006592455149067673113701252      
  -5.98726109090680674612591434133312309        0.128138229503774064644592358948586821      
  -5.99946058690406263534143126702562917        0.128758904736155519360741532579360203      
  -6.01160087064740600492884631110574433        0.129386905293796153941089609135196787      
  -6.02368182231713753891412845755928753        0.130022351374466528035727435852637699      
  -6.03570332267914153454492224153874023        0.130665365856041016868796088330023825      
  -6.04766525308606269487577404756972216        0.131316074371317359444979591878638656      
  -6.05956749547847713026503785256309550        0.131974605385358603590666781468023963      
  -6.07140993238605755722614839160241905        0.132641090275457200693161643967702768      
  -6.08319244692873268313321949424709843        0.133315663413825537253941710534546092      
  -6.09491492281784076533830860963666853        0.133998462253121957814393907269706077      
  -6.10657724435727733331518474365117850        0.134689627414926347846414068739182438      
  -6.11817929644463706250204560331239322        0.135389302781284620079589674391515262      
  -6.12972096457234978857335011392729579        0.136097635589446998626828236691311596      
  -6.14120213482881065092876407350207017        0.136814776529930838312233220206560988      
  -6.15262269389950435424515896591725659        0.137540879848044868984169229261449216      
  -6.16398252906812353699565629738596269        0.138276103449018234616778823026345904      
  -6.17528152821768123589787167686417984        0.139020609006884524167169908848662248      
  -6.18651957983161743531178365631086103        0.139774562077278186250133242134052692      
  -6.19769657299489969066603150589664255        0.140538132214308304882077077575659041      
  -6.20881239739511781504993304625503207        0.141311493091682712473016905646820655      
  -6.21986694332357261816710781741586506        0.142094822628263854137821907591807199      
  -6.23086010167635868690529165385751559        0.142888303118246721185881266337996230      
  -6.24179176395544119683573557780820647        0.143692121366158570090904114312017440      
  -6.25266182226972674401449423811841971        0.144506468826890067063597997362460279      
  -6.26347016933612818651692632827472239        0.145331541750977980385641082228537950      
  -6.27421669848062348519585093195462310        0.146167541335370618021515622967431432      
  -6.28490130363930853321302898442659947        0.147014673879918914257463968251946252      
  -6.29552387935944396395296741855018210        0.147873150949848446407159147251504605      
  -6.30608432080049592698747449958070068        0.148743189544480753988168682829329204      
  -6.31658252373517082181892775687257637        0.149625012272486184281236776906440918      
  -6.32701838455044397918985020533837874        0.150518847533965149195784952006353229      
  -6.33739180024858227980612562659163290        0.151424929709670201788559037426408886      
  -6.34770266844816070038101895951878250        0.152343499357697783355676282002397824      
  -6.35795088738507277696710274203946417        0.153274803417995914612301480935990569      
  -6.36813635591353497560322445849132544        0.154219095425052572423518816189196617      
  -6.37825897350708496036378198790548010        0.155176635729149077012748189734381416      
  -6.38831864025957374895780452393931731        0.156147691726583588922814702311539824      
  -6.39831525688615174608566375295748144        0.157132538099291861252172636498886417      
  -6.40824872472424864482166413729187507        0.158131457064315797951159026316022364      
  -6.41811894573454718635128125970676626        0.159144738633595226965681192418381821      
  -6.42792582250195076845243274523605540        0.160172680884584708643163951674598956      
  -6.43766925823654489317087668959586465        0.161215590242225273712996333412159518      
  -6.44734915677455244420063719011904337        0.162273781772830838382395048675124883      
  -6.45696542257928278454125489549189833        0.163347579490480802842252661572982201      
  -6.46651796074207466506465186345535529        0.164437316676544139865092431921908202      
  -6.47600667698323293468548383910260062        0.165543336212996269078849414267801652      
  -6.48543147765295904289002873759058670        0.166665990930228348503816116911374114      
  -6.49479226973227532543992703020413709        0.167805643970089469367049572514903705      
  -6.50408896083394306412844728708930746        0.168962669164945798237025104179812918      
  -6.51332145920337431152839771803263269        0.170137451433587172418123667021000124      
  -6.52248967371953747173234156794223232        0.171330387194861237016248213532065238      
  -6.53159351389585662814740005883978137        0.172541884799968149763175584676298280      
  -6.54063288988110460946864061697709700        0.173772364984405426750334068669118843      
  -6.54960771246028978501684977305475598        0.175022261340612934198264059653994218      
  -6.55851789305553658068837876548540197        0.176292020812432647115495228044525861      
  -6.56736334372695970682672490039540255        0.177582104212566919501814877312665678      
  -6.57614397717353208938757251592664062        0.178892986764292994819174816358916601      
  -6.58485970673394649583116334987072932        0.180225158668770712486982753759643365      
  -6.59351044638747084723809660538511540        0.181579125699365252265603363653612207      
  -6.60209611075479720820697343531473215        0.182955409824497756298443380862591682      
  -6.61061661509888444615469830645571508        0.184354549860634271176071542506294980      
  -6.61907187532579455170273014510873919        0.185777102157128196631815373936481033      
  -6.62746180798552261189513868782208252        0.187223641314743898758572300458797186      
  -6.63578633027282042805696544885166304        0.188694760939809982549051861732903028      
  -6.64404536002801377016411355029624339        0.190191074436080618242347341342727218      
  -6.65223881573781325965879572303187170        0.191713215836523039985781853789094533      
  -6.66036661653611887270745445660992297        0.193261840677399716264030066575172780      
  -6.66842868220481805596103193355139787        0.194837626917175640255193002853055395      
  -6.67642493317457744694050940654065766        0.196441275902955701966890790179270821      
  -6.68435529052562819123375544369514438        0.198073513387345275291993007045411364      
  -6.69221967598854484875291935439724624        0.199735090598830180037819859540792893      
  -6.70001801194501788136487949239257591        0.201426785368991376181837789830672309      
  -6.70775022142861971427060538950276357        0.203149403320106558866487682506454321      
  -6.71541622812556436357271717713884520        0.204903779116946834818116106775196946      
  -6.72301595637546062253402487785917675        0.206690777786853619497552842555190458      
  -6.73054933117205879909340326878285840        0.208511296112480721055376939061944419      
  -6.73801627816399099726900450530480307        0.210366264101911389493983088778121011      
  -6.74541672365550493514252991909676802        0.212256646541212242430602308367476392      
  -6.75275059460719129218207373993684993        0.214183444634868009931483980562958807      
  -6.76001781863670457872491430689331484        0.216147697739955817484085707741195705      
  -6.76721832401947752050556200049714605        0.218150485200368396899094859995454511      
  -6.77435203968942895117837701277165010        0.220192928287885664654253116255376053      
  -6.78141889523966520584814354465458888        0.222276192257427396593076685862162974      
  -6.78841882092317500868612944806911605        0.224401488524400538130195345645841073      
  -6.79535174765351784777337107961451143        0.226570076972687772274926847812728068      
  -6.80221760700550583037720157082213586        0.228783268402514603958919520050214127      
  -6.80901633121587901193138621175391891        0.231042427128186281098801553977054890      
  -6.81574785318397419205464055534606955        0.233348973736509899280040518113149850      
  -6.82241210647238717100678454359989579        0.235704388017618315883452312255249771      
  -6.82900902530762846004632879712600027        0.238110212080899162731005020446049008      
  -6.83553854458077243921789655964572218        0.240568053669813377341037671136902249      
  -6.84200059984809995616255601119622276        0.243079589690573429478229499963026829      
  -6.84839512733173435960887211969407372        0.245646569970953174206456365895754975      
  -6.85472206392027096126728425128374940        0.248270821266931762128069907130885326      
  -6.86098134716939991991527476601128954        0.250954251536447586915867960193846581      
  -6.86717291530252254152571414668735286        0.253698854501270922641885069575110214      
  -6.87329670721136098935574920460061559        0.256506714519913780936387092214000655      
  -6.87935266245656139797864193467570551        0.259380011796602969077014446611199554      
  -6.88534072126829038530606701281105332        0.262321027953670328379016046318613427      
  -6.89126082454682495671353509696609852        0.265332151997288624462887201894408583      
  -6.89711291386313579544682636799977721        0.268415886709331891631469708820994771      
  -6.90289693145946393355259348262472295        0.271574855501298436242931822555115593      
  -6.90861282024989079764162466489906073        0.274811809769740870326171047844363978      
  -6.91426052382090162385864538963382244        0.278129636796543287085121876732083984      
  -6.91983998643194223649798036559847593        0.281531368241719701133183641832148028      
  -6.92535115301596918476989566256140510        0.285020189281235635604310302022256201      
  -6.93079396917999323228799319756604217        0.288599448447739546743047059905346730      
  -6.93616838120561619391363575544155208        0.292272668238104978227469982763069216      
  -6.94147433604956111465903961887492654        0.296043556558410747220788483283657782      
  -6.94671178134419578541638307640244417        0.299916019084520043057994093203916542      
  -6.95188066539804959034604191386949374        0.303894172624869144468090996497280357      
  -6.95698093719632368082287682720639444        0.307982359581568045472254654076974367      
  -6.96201254640139447090536187221782943        0.312185163616593312367857037541606387      
  -6.96697544335331044935825694043217497        0.316507426641885079863980947407462523      
  -6.97186957907028230332549016836099685        0.320954267265738598245266546001771850      
  -6.97669490524916634881592749975087820        0.325531100843230356444728153088198280      
  -6.98145137426594126323076567506461117        0.330243661295799985336753914198994511      
  -6.98613893917617811522739106753034222        0.335098024884825110288527066410426638      
  -6.99075755371550368728069936820464455        0.340100636146430827379535727276876482      
  -6.99530717230005708636906949070931444        0.345258336220282145352272093479098696      
  -6.99978775002693963827842856627085085        0.350578393834201278149228434670050410      
  -7.00419924267465806108413287761943283        0.356068539239701436081970589190786592      
  -7.00854160670356091343672138195523877        0.361737001431605105396230474510440093      
  -7.01281479925626831334397344389594667        0.367592549028608968624166204803437838      
  -7.01701877815809492320811988398618070        0.373644535241905905136036300676954295      
  -7.02115350191746619694351579146367608        0.379902947416887791259864134414535743      
  -7.02521892972632788506658409561111995        0.386378461699852642735308181644068985      
  -7.02921502146054879371637998184357504        0.393082503459102595675557280821021102      
  -7.03314173768031679363070721995525857        0.400027314179731578844706606389991469      
  -7.03699903963052807516933768554885916        0.407226025656026817777021818733621090      
  -7.04078688924116964554254414408101418        0.414692742427471146936420552751110494      
  -7.04450524912769506446985307228353955        0.422442633547123593126748625839968524      
  -7.04815408259139341456065825569211531        0.430492034938659918512223528955497232      
  -7.05173335361975150277510646499497103        0.438858563795418605899929835857574600      
  -7.05524302688680928939047301890526390        0.447561246707333046201227406768667497      
  -7.05868306775350854096508682790902155        0.456620663476876526384023378458398440      
  -7.06205344226803470385874092184426632        0.466059108912001049321840658353181685      
  -7.06535411716615199493543483478317982        0.475900775273494596802087004109794864      
  -7.06858505987153170614123889273942667        0.486171958519820509827609040221407322      
  -7.07174623849607371971704676260015147        0.496901292051269535791444244446429563      
  -7.07483762184022123087299091335743478        0.508120012328315192073335380563574376      
  -7.07785917939326867481833525184240158        0.519862261552996239754520796281184698      
  -7.08081088133366285510772946309274454        0.532165433590497450469635676010284001      
  -7.08369269852929727033180984825482392        0.545070570513401543709885702207958194      
  -7.08650460253779963624726104828206809        0.558622818627579747403241353676503765      
  -7.08924656560681260050861130710024309        0.572871954655912527534550415425182405      
  -7.09191856067426764723122020054227186        0.587872995003651305411594090212985221      
  -7.09452056136865218868213137410926408        0.603686903823569455528433551413064866      
  -7.09705254200926984146270313011902865        0.620381419091972719908856372128365500      
  -7.09951447760649388461419601942400101        0.638032020297740920212095514307409301      
  -7.10190634386201389714478826072580415        0.656723066900025056299644947732657279      
  -7.10422811716907557254380616744206222        0.676549143778253962128452007148404072      
  -7.10647977461271370791629714370724182        0.697616658954018232611346179852684511      
  -7.10866129396997836543843655279091528        0.720045750549448867699021538198348798      
  -7.11077265371015420390164619814091850        0.743972575137272732335189496151325783      
  -7.11281383299497297818071062432853000        0.769552069542604751318989164582118600      
  -7.11478481167881920452860727709364889        0.796961304459411020756806416670268044      
  -7.11668557030892898966821709295478627        0.826403583315076034649532546671808780      
  -7.11851609012558202171855265375199059        0.858113487026794363247073724035486629      
  -7.12027635306228672106063097412338856        0.892363129499497627598362810948611045      
  -7.12196634174595854931562662417940350        0.929469976998264562944996154510805919      
  -7.12358603949709147467546755924998324        0.969806707357013369825313978821566463      
  -7.12513543032992259189358006707838652         1.01381375806229344233634612651339744      
  -7.12661449895258989531104998358776354         1.06201545950387626383014119299225255      
  -7.12802323076728320336104410455677574         1.11504100820052517652276927363172586      
  -7.12936161187038823306192786525229567         1.17365206314969413431740207106804108      
  -7.13062962905262382307712220617361384         1.23877954096046115237676804210916274      
  -7.13182726979917230398736342331130393         1.31157339750396956168977303231627985      
  -7.13295452228980301448866404832418660         1.39347107768278673110878923911957844      
  -7.13401137539898896229691975026690607         1.48629334510800840610169028462660377      
  -7.13499781869601662860776622831051286         1.59238118163798147028951560626483960      
  -7.13591384244508891502796040652233914         1.71479587131951658584468774898098799      
  -7.13675943760542123196224127933030519         1.85761912629970980631102796468257045      
  -7.13753459583133072750731682180623212         2.02641691778057886897533391913030239      
  -7.13823930947231865597232380427916823         2.22898160554648443960618963940467604      
  -7.13887357157314588521281646785732738         2.47656882050983571352665193635552503      
  -7.13943737587390154203305715793434209         2.78606200916607918012464254874088330      
  -7.13993071681006479497910650834131911         3.18399230186725370638266666201011191      
  -7.14035358951255977391294195106720376         3.71457824936910596138109278930089968      
  -7.14070598980780362582557052692678507         4.45741324323475061221455097564090581      
  -7.14098791421774770641484452266952095         5.57168406684382847339806273834709125      
  -7.14119935995991190702143569120154970         7.42882654841999035962349378845708810      
  -7.14134032494741211658417505520003080         11.1431481731408405656636787190071146      
  -7.14141080778898081834371988175583672         22.2861863679074487613472094428004325      
