   7.41618018837440618790898480868652846                                            Infinity
   7.41610699366997999728612360054624557         21.4604834496430890195080084095860847      
   7.41596060498352979882929343684519181         10.7302946766597762204752906633450392      
   7.41574102375985282829838025600232724         7.15358862035763835998206647053851542      
   7.41544825216612711485883497303087259         5.36525324383552891048144572619799145      
   7.41508229309189009190945078174988175         4.29226613990835498373678695828453850      
   7.41464315014901007851444896313245897         3.57695317301038373330199272760138112      
   7.41413082767165063172133995169204468         3.06602542803857619355518807015084375      
   7.41354533071622777011638789106656227         2.68283844756342454927167175877869134      
   7.41288666506136006903986491681597031         2.38481197756590127970413358085824128      
   7.41215483720781162795363524449678922         2.14639786573224186613642681297451436      
   7.41134985437842791052395811995347324         1.95133819704248516005878547094181988      
   7.41047172451806445805274211215507408         1.78879436156474611115787338924777291      
   7.40952045629350847696082040254523421         1.65126270634444189340607639084528756      
   7.40849605909339330109714695456477742         1.53338347934099473149563468419430925      
   7.40739854302810572971813603861788188         1.43122619578985563544779616613000917      
   7.40622791892968624205168184722962075         1.34184299217877114742053877895859934      
   7.40498419835172208943070016851103912         1.26297961999713421471187428063065672      
   7.40366739356923326605132959942371778         1.19288277490221980794259506821996225      
   7.40227751757855135948121487993059206         1.13016826930661090602710251679521092      
   7.40081458409719128211356892124805505         1.07372875318939822098470378440911705      
   7.39927860756371588483297229250024012         1.02266780038989575075460045524504895      
   7.39766960313759345422911862666024790        0.976251971366708034379774895450338803      
   7.39598758669904809476495091540899424        0.933875381323998592917617394848821727      
   7.39423257484890299737585629024410044        0.895033126306192545055662911698922549      
   7.39240458490841659604679494076008626        0.859301087029951830008071498683251752      
   7.39050363491911161398443160757168203        0.826320393370311183389905304951583262      
   7.38852974364259700107151491409006830        0.795785341183229487180665386673128829      
   7.38648293056038276436090997567021605        0.767433898380452651777033627227173133      
   7.38436321587368769343683255407367023        0.741040175264750765299368670354376545      
   7.38217062050323998254095781745375679        0.716408400798108849331861463970967087      
   7.37990516608907075143118282906574599        0.693368064753494601835676499170372450      
   7.37756687499030046701090852971465182        0.671769970713170662845374272633111902      
   7.37515577028491826783677350785102954        0.651483006703678323919752361716807128      
   7.37267187576955419368281757568208862        0.632391485718766209201352079653469778      
   7.37011521595924432240907739835871451        0.614392942152674935337897482585525173      
   7.36748581608718881645261846511752078        0.597396295494541867068337513152206021      
   7.36478370210450288132898685530918939        0.581320311802092438448823914370662283      
   7.36200890067996063860201984786379852        0.566092308100538937115340091297175304      
   7.35916143919973191584988575949719813        0.551647056104726439303977817294258669      
   7.35624134576711195622512978465572974        0.537925850382957645851318993694095123      
   7.35324864920224405027638335888179475        0.524875712887088027935247436452623881      
   7.35018337904183509276924898726522920        0.512448711121179565882126486930866544      
   7.34704556553886406731369988149024162        0.500601371449412846581091200478296555      
   7.34383523966228346167513344352647915        0.489294172407466418626313280530121922      
   7.34055243309671361671598893235085127        0.478491105572379611172329639337919397      
   7.33719717824213001198458186360951670        0.468159293710260030182814964889261960      
   7.33376950821354349103752013250940868        0.458268657671092909421857007723522823      
   7.33026945684067342965174882943216690        0.448791624921699964017741446175351461      
   7.32669705866761385015192154805748221        0.439702873768540676454664572545551714      
   7.32305234895249248514841497974190312        0.430979108273778076108777559439079110      
   7.31933536366712279405089005841183453        0.422598859651808005071808788367465748      
   7.31554613949664893579185618050542068        0.414542310581574094927856940676378682      
   7.31168471383918370126421438807457426        0.406791139408055249046894342845013349      
   7.30775112480543940904624018390760284        0.399328381654699566540292895760319236      
   7.30374541121835176805691615966793114        0.392138306643593344255864197850633625      
   7.29966761261269671085393817612667420        0.385206307334898273742064748414265820      
   7.29551776923470020135609575351249862        0.378518801762137933734040330537735146      
   7.29129592204164102084106692508915633        0.372063144663834526947580242891526728      
   7.28700211270144653613896939394537928        0.365827548101759393215846609798643038      
   7.28263638359228145401127272766496812        0.359801010017359026765373353635581010      
   7.27819877780212956577389984443992518        0.353973249815418426732979488562026819      
   7.27368933912836848629252950408825844        0.348334650181564019205605471877872670      
   7.26910811207733739154725423552782026        0.342876204440957311219834857136071447      
   7.26445514186389775903284942612748820        0.337589468852111542134761103766402382      
   7.25973047441098711532996848600526757        0.332466519304356549772112706199263489      
   7.25493415634916579525159540018325375        0.327499911951898254518835161359014104      
   7.25006623501615671703805891237773655        0.322682647373186758266211025553076772      
   7.24512675845637817814284136536420833        0.318008137892693643692906261043255809      
   7.24011577542046967622029917401225392        0.313470177744274353863235546789081915      
   7.23503333536481075999525034837759484        0.309062915791957145859215893633074058      
   7.22987948845103291476317673626026904        0.304780830556017972057126501399650838      
   7.22465428554552448733853403843722677        0.300618707320216270065083958599895331      
   7.21935777821892865533736048686546581        0.296571617120628288283106860360859722      
   7.21399001874563444574902468850815768        0.292634897438088992782748518972812312      
   7.20855106010326080782055384751714862        0.288804134435239089690871512439805108      
   7.20304095597213374534553470924947326        0.285075146595910904218382659960125199      
   7.19745976073475651351808044443097678        0.281443969639367767514192480446361592      
   7.19180752947527288558080663463099978        0.277906842594986982944337598542556425      
   7.18608431797892349456415785550486808        0.274460194934562258958106992699809754      
   7.18029018273149525548277240693185040        0.271100634669683907014367661331832325      
   7.17442518091876387342286583467719000        0.267824937330795024207100832079988023      
   7.16848937042592944302285335251265667        0.264630035752658639315968129210157643      
   7.16248280983704514491761643334472376        0.261513010598225260916616058306459520      
   7.15640555843443904478494901986299852        0.258471081559367462532818427621006866      
   7.15025767619812900070079333711656036        0.255501599178739515370393489368851838      
   7.14403922380523068457789349938417991        0.252602037242205380544554850562067130      
   7.13775026262935872353045632041376770        0.249769985695927263597518676688127914      
   7.13139085474002096707531228881708378        0.247003144046380370238906008150420588      
   7.12496106290200588614791488893702560        0.244299315205310905509711141488179226      
   7.11846095057476310997930266225181214        0.241656399745030621512189218773782272      
   7.11189058191177710694787494632055252        0.239072390532483565674670837785269150      
   7.10525002175993401558749842897430557        0.236545367713265407461924709110507332      
   7.09853933565888163200106684707789119        0.234073494019254828743967162679115118      
   7.09175858984038255999617967449421440        0.231655010375758209001219239207184634      
   7.08490785122766053032708681624775664        0.229288231786098206575564593966355472      
   7.07798718743473989549446448929500143        0.226971543473415953768224351208631903      
   7.07099666676577830662194195937700416        0.224703397261125060493171886506837063      
   7.06393635821439257899558895339139528        0.222482308174970870631671666241889757      
   7.05680633146297775291979871345123546        0.220306851251025914721762105874212346      
   7.04960665688201935661016113881124809        0.218175658535206027150978073747469447      
   7.04233740552939887791101361230108433        0.216087416261033420349223831069492888      
   7.03499864914969245169238326662816477        0.214040862193414083602039040069800029      
   7.02759046017346276984799295137806945        0.212034783127146981498792710474021965      
   7.02011291171654422088289335289508586        0.210068012529750413592618248909782827      
   7.01256607757932126614610493629017871        0.208139428318984393134599647957746678      
   7.00495003224600005983040496209978260        0.206247950766174026704457813590690554      
   6.99726485088387331992807612079543483        0.204392540517103924672831193916383621      
   6.98951060934257845739804366830376303        0.202572196722863299867207551001865364      
   6.98168738415334897086636667752165686        0.200785955273580703040323833535488896      
   6.97379525252825911424851548779219657        0.199032887128500874775520618281655386      
   6.96583429235946184474826098044574242        0.197312096736328086847857021687965447      
   6.95780458221842005875432127853020114        0.195622720540194319440205951059635798      
   6.94970620135513112322215720820338033        0.193963925562010029742618717588747458      
   6.94153922969734471019447871411993165        0.192334908061323144292847372242195455      
   6.93330374784977394218011973843599492        0.190734892264150993885129635334715251      
   6.92499983709329985617695820044218703        0.189163129157562687910796839649651939      
   6.91662757938416919419049999973790628        0.187618895346078143181959222719181380      
   6.90818705735318552816561075945334355        0.186101491966216679598691893041713364      
   6.89967835430489372731466567725110209        0.184610243655774621944785225027323701      
   6.89110155421675777589109571140929426        0.183144497574639384502615370839929433      
   6.88245674173833194952293674869238931        0.181703622474158591123470463485491870      
   6.87374400219042535828653673222884924        0.180287007812278288159321575677081506      
   6.86496342156425986476604332430016119        0.178894062911845507204835865930377293      
   6.85611508652062138540968089466560697        0.177524216159638482561721518357709923      
   6.84719908438900458355912981446527331        0.176176914243843776847634080915570583      
   6.83821550316675096259354255433456223        0.174851621427844377502924053227982514      
   6.82916443151818036769486928941671364        0.173547818858317374201184535030124391      
   6.82004595877371590480621996058774518        0.172265003905764914068740922533821361      
   6.81086017492900228541995938835177353        0.171002689535718491524650895264149706      
   6.80160717064401760589711644229946453        0.169760403708964933773590183001140284      
   6.79228703724217857008448679436576870        0.168537688809243306457024128529458427      
   6.78289986670943916406052078883956848        0.167334101096955950386323494837201723      
   6.77344575169338279190571280748623726        0.166149210187524486716765025515709402      
   6.76392478550230788145774555642313724        0.164982598553103368999261013042830546      
   6.75433706210430696907609131558319586        0.163833861046439852219588773217665463      
   6.74468267612633927250513173563112831        0.162702604445740491894385729004095537      
   6.73496172285329676098912760585777172        0.161588447019470849058470216416113442      
   6.72517429822706373185654951555320975        0.160491018110077298693652267694270790      
   6.71532049884556990285536885722293305        0.159409957735678032120848481902325745      
   6.70540042196183702958490554023548509        0.158344916208824795872438845598608922      
   6.69541416548301905743373346645103830        0.157295553771487885897888029379057023      
   6.68536182796943581749695663436474132        0.156261540245464661397423228152730057      
   6.67524350863360027600988705550958998        0.155242554697456583062683346498763260      
   6.66505930733923934689877985742698040        0.154238285118101724707347550556184665      
   6.65480932460030827711281038348391811        0.153248428114289048041716449606517523      
   6.64449366157999861446491215418411434        0.152272688614117646000396929146188473      
   6.63411242008973976777243260131759220        0.151310779583898815545498004465158059      
   6.62366570258819416915180490019869359        0.150362421756631368951374979704471099      
   6.61315361218024604838457838218866874        0.149427343371411174669195652433684110      
   6.60257625261598382933519628647865639        0.148505279923264666036541219876559593      
   6.59193372828967615846385738448078158        0.147595973922923089857130585923968545      
   6.58122614423874157554064666087003354        0.146699174666079699952721868655864888      
   6.57045360614271183672986914204685979        0.145814638011696037803100241421820468      
   6.55961622032218890027616950624344715        0.144942126168945980487765077920084218      
   6.54871409373779558508656767135992721        0.144081407492407465577139757610947867      
   6.53774733398911991256498651957070976        0.143232256285131807280533027006693551      
   6.52671604931365314211819166546967808        0.142394452609239376053818716967859728      
   6.51562034858572151081430409171821543        0.141567782103708197581853014313436260      
   6.50446034131541168773718394852944877        0.140752035809038804137740919634709419      
   6.49323613764748995364201722759373296        0.139947009998494504697259192161682852      
   6.48194784836031511657936576497967784        0.139152506015631188467628858635679350      
   6.47059558486474517421676448992009648        0.138368330117844894310922444481967442      
   6.45917945920303773364866740704064172        0.137594293325678716852146335093657815      
   6.44769958404774419954715486938295321        0.136830211277643226391639450522476716      
   6.43615607270059774156731866043761043        0.136075904090316498453312626482404459      
   6.42454903909139505198263764831572600        0.135331196223501121317176133561163187      
   6.41287859777687190458694469819547575        0.134595916350226214900877973877415089      
   6.40114486393957252596076452539425237        0.133869897231392588031359186025026016      
   6.38934795338671279026087163702635824        0.133152975594868717291321934665537607      
   6.37748798254903724875287684247935521        0.132444992018854280855581194923375270      
   6.36556506847967000536749941023524874        0.131745790819336554635102901064008746      
   6.35357932885295944962191921032464960        0.131055219941473103315091589275664027      
   6.34153088196331685830822850848051426        0.130373130854741901440493402749982957      
   6.32941984672404887741151587150568377        0.129699378451707323860922302080883714      
   6.31724634266618389578051430624822281        0.129033820950257373363494018161555914      
   6.30501048993729232213403169077034604        0.128376319799174087539672102342536884      
   6.29271240930030077704655317080258497        0.127726739586905306867881522951278729      
   6.28035222213230021161646189352521558        0.127084947953411910427217121561750569      
   6.26793005042334796458026564137862535        0.126450815504970252214884994865895747      
   6.25544601677526376969604201937765614        0.125824215731814876269749344247236407      
   6.24290024440041972527902324984277344        0.125205024928511668249479240219284363      
   6.23029285712052423783183274926513512        0.124593122116956429372852941256537333      
   6.21762397936539995177135891505318380        0.123988388971898449447526544551156787      
   6.20489373617175567731360634818809724        0.123390709748893021962192714877651888      
   6.19210225318195232863710049553649458        0.122799971214590998068392713115020573      
   6.17924965664276288450453782809816683        0.122216062579277429131319893291089840      
   6.16633607340412638358136959535193981        0.121638875431575110139018450070918455      
   6.15336163091789596674888232883807920        0.121068303675232418744803566780094722      
   6.14032645723658097876809202910723099        0.120504243467918256608916563003228852      
   6.12723068101208314170940077929768750        0.119946593161950149981029065706337097      
   6.11407443149442681262147380720266321        0.119395253246884663586776670946986716      
   6.10085783853048333797118118829418059        0.118850126293902233825811642966584254      
   6.08758103256268951744471086853225297        0.118311116901921341578057648471845576      
   6.07424414462776018975809791287997076        0.117778131645379628644555943318366189      
   6.06084730635539495318342827946620235        0.117251079023622121714874239283305515      
   6.04739064996697903355486340771895734        0.116729869411839170074109021525099433      
   6.03387430827427831257639392020302051        0.116214415013499034005780562526966412      
   6.02029841467812852931086620224761087        0.115704629814222285647643474765546515      
   6.00666310316711866778733397190454570        0.115200429537047308239364586828009081      
   5.99296850831626854372116761775081674        0.114701731599038208295098235549564321      
   5.97921476528570060339860649721737087        0.114208455069188392995835522178464785      
   5.96540200981930594783456298843011492        0.113720520627574916522668184260371220      
   5.95153037824340459536948131020288688        0.113237850525720468395778235815939917      
   5.93760000746539999592791840531526567        0.112760368548121568168702409983940240      
   5.92361103497242781021824796031335418        0.112287999974903147860982983928103460      
   5.90956359882999896720949135084930683        0.111820671545561249899134274049605605      
   5.89545783768063701327775039637970749        0.111358311423757047488817735184920543      
   5.88129389074250976647105572452676695        0.110900849163126809492629601077939251      
   5.86707189780805528939765072752761960        0.110448215674073786100238457439222744      
   5.85279199924260219429880398622310593        0.110000343191509287752636313073462455      
   5.83845433598298429392318208755185305        0.109557165243511470670573626008919400      
   5.82405904953614961187561941742208554        0.109118616620871530546705223332989465      
   5.80960628197776376616879122136314516        0.108684633347498143964770389474785539      
   5.79509617595080773976183044107359161        0.108255152651652087253330315380309155      
   5.78052887466417005192532700778259584        0.107830112937984006992222226862478976      
   5.76590452189123334432740985646869349        0.107409453760349317379631765423647830      
   5.75122326196845539579073637302516172        0.106993115795375159142109701075853495      
   5.73648523979394457972520075536841122        0.106581040816755274533343209697648206      
   5.72169060082602977829602131655747381        0.106173171670249535028759553136646412      
   5.70683949108182476744157654189610689        0.105769452249365704300378744363928961      
   5.69193205713578708690993019276052097        0.105369827471701830582503787822887753      
   5.67696844611827140953741638894685857        0.104974243255928441165701925913422081      
   5.66194880571407742404694586145472910        0.104582646499390458959398511333195663      
   5.64687328416099224569784391299343896        0.104194985056309478245138965894800198      
   5.63174203024832736917303851968393810        0.103811207716567725237451778418424520      
   5.61655519331545017814328292139563365        0.103431264185055690146601976840162784      
   5.60131292325031002600182044826849098        0.103055105061566052305185756060700422      
   5.58601537048795890231647968699876764        0.102682681821217129728036507151125277      
   5.57066268600906669959962487359500853        0.102313946795389670316625277054083438      
   5.55525502133843109504967908213994529        0.101948853153161364837041914816705488      
   5.53979252854348206197108583564654424        0.101587354883224002787115218469403382      
   5.52427536023278102563257767082268151        0.101229406776268712268597330346338848      
   5.50870366955451467837647742034156995        0.100874964407825224895296436887341343      
   5.49307761019498346884446901237455800        0.100523984121541587455949135530501158      
   5.47739733637708478023783890744262690        0.100176423012891204329657947768828749      
   5.46166300285879081258260637829418051         9.98322389132945393019233495106836143E-0002
   5.44587476493162118402223017218412532         9.94913903746432331945118823075682223E-0002
   5.43003277841911026621270016073556095         9.91538366542148053120819209340629715E-0002
   5.41413719967526926894679486609662551         9.88195376999665027994431616443093566E-0002
   5.39818818558304308918610874041599690         9.84884541361972432413413013492275598E-0002
   5.38218589355276193973112625727889925         9.81605472495669628380465003848847379E-0002
   5.36613048152058777281114273867812810         9.78357789754630358430798225946904567E-0002
   5.35002210794695551392720388083139535         9.75141118847037712158020616159250557E-0002
   5.33386093181500912133245664967617668         9.71955091705693201576594047985086420E-0002
   5.31764711262903248658537308664828712         9.68799346361506438788947570096666374E-0002
   5.30138081041287519166222509335169503         9.65673526820074950718507046536268226E-0002
   5.28506218570837313816595194742885835         9.62577282941266596151753082111958175E-0002
   5.26869139957376406421917264032617688         9.59510270321719874471217468411509922E-0002
   5.25226861358209796467955162121438200         9.56472150180180137527946494110249291E-0002
   5.23579398981964243036602868208351286         9.53462589245592340179353365889579267E-0002
   5.21926769088428292203457103052481031         9.50481259647873495010574393817953545E-0002
   5.20268987988391799489209757400348366         9.47527838811290436398044540709674879E-0002
   5.18606072043484948948706158911637824         9.44602009350370851934297605723844741E-0002
   5.16938037666016770486485777955438384         9.41703458968277808729594192047098576E-0002
   5.15264901318813156992574274693100474         9.38831880357580191508123644907244169E-0002
   5.13586679515054382897232362052388959         9.35986971103353581852977324905319151E-0002
   5.11903388818112125748287752808517389         9.33168433588548146419698038451452279E-0002
   5.10215045841385992419581425454718677         9.30375974901562069300136082923569598E-0002
   5.08521667248139551563948534458164943         9.27609306745960962721977827440814484E-0002
   5.06823269751335873929027457602966931         9.24868145352285523543899620050787185E-0002
   5.05119870113472582159047668324455061         9.22152211391891473070269849832735123E-0002
   5.03411485146416411710588296299420300         9.19461229892767526975372418241925798E-0002
   5.01698131711237284515124347295025268         9.16794930157278792907042775754224177E-0002
   4.99979826718041897025986545772819151         9.14153045681784587848856855841502439E-0002
   4.98256587125806824292153593530890766         9.11535314078081207682096025840287641E-0002
   4.96528429942211141706072257443375339         9.08941476996621669639317106413890428E-0002
   4.94795372223468566077461061978983081         9.06371280051465886432308979369413450E-0002
   4.93057431074159117689797420666092220         9.03824472746916120640228777473159312E-0002
   4.91314623647060305000915748199286264         9.01300808405793911253956419702288552E-0002
   4.89566967142977833653855404790475339         8.98800044099315962812226104292608394E-0002
   4.87814478810575841468792190158166155         8.96321940578527742986030069743927317E-0002
   4.86057175946206661091565479884643677         8.93866262207254748355472949759738637E-0002
   4.84295075893740111978974935579079157         8.91432776896532571999137420196116782E-0002
   4.82528196044392323405665976354461398         8.89021256040478041840477701476819598E-0002
   4.80756553836554090182051826710924109         8.86631474453564796870747357461652797E-0002
   4.78980166755618762777331909334850298         8.84263210309267730739578366985044615E-0002
   4.77199052333809673546261585053942317         8.81916245080041760065192960875115669E-0002
   4.75413228150007100762906710880155542         8.79590363478601369407835577571076954E-0002
   4.73622711829574772169178145537374913         8.77285353400468347364900745078889509E-0002
   4.71827521044185909750486135087223937         8.75001005867756059830096598899870640E-0002
   4.70027673511648817455382414379074506         8.72737114974159508212668217311149911E-0002
   4.68223186995732013580568818370598596         8.70493477831121293394115827516975384E-0002
   4.66414079305988909547145166371715787         8.68269894515144451425767519251672560E-0002
   4.64600368297582036798446117603906617         8.66066168016223945418410614161605014E-0002
   4.62782071871106823554276553953016861         8.63882104187369390684633581367377953E-0002
   4.60959207972414923160797781409894675         8.61717511695192357869124552967720055E-0002
   4.59131794592437095779742411591457307         8.59572201971532342410827269052422807E-0002
   4.57299849767005645165044145236509569         8.57445989166096209059298762896106212E-0002
   4.55463391576676412279359787167071545         8.55338690100086618119765274325033791E-0002
   4.53622438146550327507334633558680259         8.53250124220795616400661866379115667E-0002
   4.51777007646094523226818844304336111         8.51180113557140231228060678296782231E-0002
   4.49927118288963008503581502789871125         8.49128482676117541089503328837302447E-0002
   4.48072788332816907679390729698443610         8.47095058640157312164630469762584758E-0002
   4.46214036079144264627632413875539691         8.45079670965350886855134161707188407E-0002
   4.44350879873079414454926809332604402         8.43082151580535589080696397922350602E-0002
   4.42483338103221924431471380839370538         8.41102334787214472175733983692338400E-0002
   4.40611429201455105937089819117481165         8.39140057220291779296183834983524215E-0002
   4.38735171642764099214201048440142688         8.37195157809605013896612035062287097E-0002
   4.36854583945053532723138272677395672         8.35267477742235029615011157394526066E-0002
   4.34969684668964758899446608891733325         8.33356860425576045335017241635622533E-0002
   4.33080492417692668116968599046698743         8.31463151451147972792844612787724809E-0002
   4.31187025836802082664689828979521614         8.29586198559133911350346572342345118E-0002
   4.29289303614043732549461978421294449         8.27725851603626117939770392441637418E-0002
   4.27387344479169814940847835614217176         8.25881962518564200156362024888290237E-0002
   4.25481167203749139078442094241177744         8.24054385284349707471908059324150467E-0002
   4.23570790600981858466113068391391310         8.22242975895121709989686265162711830E-0002
   4.21656233525513792181683772757353558         8.20447592326678356468044133863152514E-0002
   4.19737514873250337134626079991016428         8.18668094505029793900247880868249002E-0002
   4.17814653581169973108378845117058992         8.16904344275568210132618225392820510E-0002
   4.15887668627137362427919938263071785         8.15156205372841129198078293426515253E-0002
   4.13956579029716046097223012053992123         8.13423543390914446591896643708187084E-0002
   4.12021403847980738255212509344097621         8.11706225754312038961956182221917546E-0002
   4.10082162181329220802794851216853624         8.10004121689519119956665314839342149E-0002
   4.08138873169293840057489895243540134         8.08317102197036841587463419838205892E-0002
   4.06191555991352607296114580908963409         8.06645040023975958726475037585415160E-0002
   4.04240229866739905049880144120602213         8.04987809637177683569278018353717924E-0002
   4.02284914054256801020155347231427440         8.03345287196850157333741817767784473E-0002
   4.00325627852080971487020796623110461         8.01717350530709258414351994369745156E-0002
   3.98362390597576236086593568394168167         8.00103879108612749933743599688956933E-0002
   3.96395221667101705836936996037871360         7.98504754017677045386543159264582615E-0002
   3.94424140475820546296187554321336982         7.96919857937866139103477930297245797E-0002
   3.92449166477508357740329263217071385         7.95349075118042508815980142540731597E-0002
   3.90470319164361174251825897201789377         7.93792291352470050904952709431369862E-0002
   3.88487618066803083614082481218879592         7.92249393957759355195865409895879919E-0002
   3.86501082753293469910450047978952032         7.90720271750245865632235483715817514E-0002
   3.84510732830133880730211385110574365         7.89204815023791706029836265062927620E-0002
   3.82516587941274520887690478218638761         7.87702915528002176586665630022327365E-0002
   3.80518667768120374564314520594175668         7.86214466446848147094014996804341246E-0002
   3.78516992029336957787124675765869585         7.84739362377685787050607376694040256E-0002
   3.76511580480655703160880209095134124         7.83277499310665281307130456930625498E-0002
   3.74502452914678978774530113184814571         7.81828774608520382638929754545295532E-0002
   3.72489629160684743206436903174645288         7.80393086986730849930659342233865895E-0002
   3.70473129084430838556328816399791402         7.78970336494050012623195826104050271E-0002
   3.68452972587958923435529180944934419         7.77560424493389888879560258227548890E-0002
   3.66429179609398047850565184075977655         7.76163253643056466727184859313199883E-0002
   3.64401770122767871918792639303282323         7.74778727878327934377783370315155758E-0002
   3.62370764137781530358188585041604318         7.73406752393368818157646034324551106E-0002
   3.60336181699648144696959613788650802         7.72047233623473154139999863409309013E-0002
   3.58298042888874985152090693941651711         7.70700079227629982792242136342381260E-0002
   3.56256367821069284129416872494308403         7.69365198071404614865092943384272805E-0002
   3.54211176646739703301238601779565852         7.68042500210129271484530504271441422E-0002
   3.52162489551097456220920483211683857         7.66731896872396852083214818992956570E-0002
   3.50110326753857088437312931889408228         7.65433300443851730544491572988783132E-0002
   3.48054708509036917075216604396901493         7.64146624451271622843733358029676791E-0002
   3.45995655104759131851470364817898585         7.62871783546934708669798844137334199E-0002
   3.43933186863049559499585057690262385         7.61608693493266325101324426079829395E-0002
   3.41867324139637093579167378393532154         7.60357271147759682502553237637718383E-0002
   3.39798087323752791649680648494171710         7.59117434448165181492311239707854296E-0002
   3.37725496837928641791372283277521689         7.57889102397943035225242231287693767E-0002
   3.35649573137796000459461148670258322         7.56672195051974023401129847744698595E-0002
   3.33570336711883703660921812793925801         7.55466633502523323477720393374061057E-0002
   3.31487808081415853446426871473750530         7.54272339865452480593710977073328996E-0002
   3.29402007800109281713213035336187146         7.53089237266674690797515235724065910E-0002
   3.27312956453970693317821477036266309         7.51917249828848682407427110698172180E-0002
   3.25220674661093490500828019229026799         7.50756302658306587780655979065684144E-0002
   3.23125183071454280628824065900030417         7.49606321832211302520696348664079777E-0002
   3.21026502366709069262034710555124397         7.48467234385938931280506687069620074E-0002
   3.18924653259989140559066163691499683         7.47338968300682018896561913434821804E-0002
   3.16819656495696627033360498278606882         7.46221452491269362687320419667831458E-0002
   3.14711532849299770679001685212470645         7.45114616794198296438142682388699309E-0002
   3.12600303127127877486562950610479694         7.44018391955875428940246117809292559E-0002
   3.10485988166165967372711603322434584         7.42932709621061910018879180155645426E-0002
   3.08368608833849121550293624280964744         7.41857502321519384838581263771441882E-0002
   3.06248186027856529368606449630954304         7.40792703464852882972298151137091490E-0002
   3.04124740675905236656534487491353728         7.39738247323546972325542481942118750E-0002
   3.01998293735543597604167954439401118         7.38694069024191589574244785303203459E-0002
   2.99868866193944432221451573290557114         7.37660104536894038361233859370370786E-0002
   2.97736479067697891415315509599364082         7.36636290664873724155553747702393277E-0002
   2.95601153402604031729626611847549170         7.35622565034236270463597676947354954E-0002
   2.93462910273465101795163531035433589         7.34618866083923735042290163040550994E-0002
   2.91321770783877542539664601069648634         7.33625133055837716951744233002717975E-0002
   2.89177756066023703210822433862275201         7.32641305985132215745971289368796695E-0002
   2.87030887280463275267903994541496674         7.31667325690673172881926266910520174E-0002
   2.84881185615924446200459444939320326         7.30703133765661692574665214449701689E-0002
   2.82728672289094775335347250085771593         7.29748672568418004883589996589053221E-0002
   2.80573368544411793696046905519595789         7.28803885213323297824290343877042541E-0002
   2.78415295653853329980954135742079228         7.27868715561916607803763870783571131E-0002
   2.76254474916727564730056509213377830         7.26943108214144018713998224082451176E-0002
   2.74090927659462814752070086241238106         7.26027008499757479629073991981840526E-0002
   2.71924675235397049886779936463341353         7.25120362469860609272006413210656991E-0002
   2.69755739024567144179969106101662119         7.24223116888598912286314051699430224E-0002
   2.67584140433497863550941855697255518         7.23335219224991887899555292103547704E-0002
   2.65409900894990592035247700746194585         7.22456617644904565836559826376636132E-0002
   2.63233041867911798687792944883995986         7.21587261003156057362564548496982585E-0002
   2.61053584836981247234085972541678697         7.20727098835762761143745953383945236E-0002
   2.58871551312559950559901540059619567         7.19876081352313914236600850174272933E-0002
   2.56686962830437872132167646036954415         7.19034159428477227989241563218532184E-0002
   2.54499840951621376446376248359417881         7.18201284598632396987047372922643385E-0002
   2.52310207262120430598296102236058588         7.17377409048630316431513273174553807E-0002
   2.50118083372735559080222296238145694         7.16562485608675889533004800316695912E-0002
   2.47923490918844553904432637529091583         7.15756467746332351653115654229002251E-0002
   2.45726451560188942158935859164207666         7.14959309559645082077316759208819992E-0002
   2.43526986980660213102990667690285444         7.14170965770382917459720325376601792E-0002
   2.41325118888085806912247894659074764         7.13391391717395023184477579122793159E-0002
   2.39120869014014867185720437662759000         7.12620543350081420157301612841453798E-0002
   2.36914259113503759329117251886034581         7.11858377221975304899896373737384325E-0002
   2.34705310964901356931388358936688340         7.11104850484435340293060585535156131E-0002
   2.32494046369634098253617653058895319         7.10359920880446132923665091554396372E-0002
   2.30280487151990814951669183151300674         7.09623546738525150758699087002574819E-0002
   2.28064655158907335156240549912187761         7.08895686966734371817670708187677675E-0002
   2.25846572259750863036204058730211013         7.08176301046794990663774694180224920E-0002
   2.23626260346104136973322288651672308         7.07465349028303544904784589652723233E-0002
   2.21403741331549368478609754111631532         7.06762791523047858506422479717161584E-0002
   2.19179037151451963982776327551027089         7.06068589699421232593308242177486935E-0002
   2.16952169762744031635331036197722716         7.05382705276933347564280823930112193E-0002
   2.14723161143707675249046724015989103         7.04705100520816372798204906324458919E-0002
   2.12492033293758077528586859184295295         7.04035738236724811991132002410370879E-0002
   2.10258808233226374724175447711483564         7.03374581765527643263210130076454565E-0002
   2.08023508003142324853249564420825729         7.02721594978191343620909443371089756E-0002
   2.05786154665016771635071413203052718         7.02076742270752417173388957911098523E-0002
   2.03546770300623906285293059054874282         7.01439988559378075697178945691975882E-0002
   2.01305377011783329319462015079402365         7.00811299275513748736385381592883343E-0002
   1.99061996920141914516429698638993687         7.00190640361116128431523514904797513E-0002
   1.96816652166955477194577372738429964         6.99577978263970481703651506850574672E-0002
   1.94569364912870248955705542205665086         6.98973279933090989296115760230227246E-0002
   1.92320157337704161053342860266902538         6.98376512814202897507981275100655953E-0002
   1.90069051640227938544119400830752243         6.97787644845305294254788735425150443E-0002
   1.87816070037946007382716646560961337         6.97206644452313346376992680723242947E-0002
   1.85561234766877216622752714197290311         6.96633480544778859897291850037051725E-0002
   1.83304568081335377887786168358566351         6.96068122511688049217735506891928907E-0002
   1.81046092253709624278425245220435546         6.95510540217335425058331871287132927E-0002
   1.78785829574244590883311400203349892         6.94960703997272734282941326233705386E-0002
   1.76523802350820419063506791545315319         6.94418584654331907647252516115410526E-0002
   1.74260032908732586681554596991526288         6.93884153454720993949067317230944583E-0002
   1.71994543590471566448198916643169718         6.93357382124192081074131766208363425E-0002
   1.69727356755502314561447424315861039         6.92838242844280226022240782238805761E-0002
   1.67458494780043591814334875821488562         6.92326708248612437178944895874265373E-0002
   1.65187980056847119349399048874669462         6.91822751419285772878268529729991046E-0002
   1.62915834994976571239512659517492518         6.91326345883313640691531881789852834E-0002
   1.60642082019586406076325257946873056         6.90837465609139401886528563857317028E-0002
   1.58366743571700539749158036523088973         6.90356085003216405139588581899602568E-0002
   1.56089842107990861598761868853817637         6.89882178906653592859860958443611547E-0002
   1.53811400100555596131894725715775633         6.89415722591925842409669146729320282E-0002
   1.51531440036697512484198865939194595         6.88956691759648223085995645053178494E-0002
   1.49249984418701983820360863195091300         6.88505062535413367974799896145340141E-0002
   1.46967055763614898862018588060926435         6.88060811466691177710521533336977295E-0002
   1.44682676603020427735338704179357686         6.87623915519790090776127034151086596E-0002
   1.42396869482818644331626043363288859         6.87194352076879172272587218499767960E-0002
   1.40109656963003007375742382947738740         6.86772098933070290078704405292551301E-0002
   1.37821061617437702398506645568289426         6.86357134293559664020538781745970871E-0002
   1.35531106033634846810621363093898958         6.85949436770828090081935071396369701E-0002
   1.33239812812531560277021379109486083         6.85548985381899157821273575395933665E-0002
   1.30947204568266902591870194795783426         6.85155759545654795021849043159862370E-0002
   1.28653303927958681255737078169558201         6.84769739080207489201340703550012066E-0002
   1.26358133531480130957774043519811190         6.84390904200328550946645182917423955E-0002
   1.24061716031236467166976053812801247         6.84019235514931799130717535688659119E-0002
   1.21764074091941316037850291363111352         6.83654714024612062914673866372046741E-0002
   1.19465230390393022837041068916577562         6.83297321119237910047779131048572581E-0002
   1.17165207615250841098655902415655130         6.82947038575598025356464497104692398E-0002
   1.14864028466811004717215426285560292         6.82603848555100677467444819272425150E-0002
   1.12561715656782685188305190472205909         6.82267733601525725745462996214043074E-0002
   1.10258291908063836208140924277631141         6.81938676638828633149172718757115247E-0002
   1.07953779954516927844370574087655760         6.81616660968995964225060640768987171E-0002
   1.05648202540744572491526309397642556         6.81301670269951860774860992147484257E-0002
   1.03341582421865044825607733358755821         6.80993688593515000852272919350555270E-0002
   1.01033942363287697973323719847834515         6.80692700363405559675484862835191298E-0002
  0.987253051404882781125446184835183376         6.80398690373301703788464684941579417E-0002
  0.964156935387841397215190119599525106         6.80111643784945162371508194605830136E-0002
  0.941051303531093636953897666535504397         6.79831546126295431995370153633380484E-0002
  0.917936383877897805495027780002120447         6.79558383289732183338550820789782652E-0002
  0.894812404563179009299385671784829541         6.79292141530305450449002818857534387E-0002
  0.871679593811277556526117259230131393         6.79032807464033195034591088293922491E-0002
  0.848538179933696474931761228032156627         6.78780368066245850015927679458532206E-0002
  0.825388391326848169508447682215196723         6.78534810669977458175472092843194807E-0002
  0.802230456469800242100822781177952956         6.78296122964403033192712826132933319E-0002
  0.779064603922020495249549695316907320         6.78064292993321781671422614947385377E-0002
  0.755891062321121142517287566096895159         6.77839309153685835945927049939917153E-0002
  0.732710060380602247560881854023097803         6.77621160194174158503487587327006902E-0002
  0.709521826887594414221111421494476455         6.77409835213811289783647117021290261E-0002
  0.686326590700600749908729851857300302         6.77205323660630621917021356521456465E-0002
  0.663124580747238124572710778171123900         6.77007615330381891649777527397647922E-0002
  0.639916026021977747543559314461037451         6.76816700365282596270093618702472603E-0002
  0.616701155583885084551283979942600000         6.76632569252813046813345481925320180E-0002
  0.593480198554359137224135716424537921         6.76455212824554783177673695626881659E-0002
  0.570253384114871107380512656546153239         6.76284622255072086034928792913481157E-0002
  0.547020941504702468432501143591371874         6.76120789060836330577718095622902658E-0002
  0.523783100018682466225375072412869656         6.75963705099192937205263142166706038E-0002
  0.500540089004925071643006857745017089         6.75813362567370684222855887399283904E-0002
  0.477292137862565407314554185305609445         6.75669754001533157515658266791283995E-0002
  0.454039476039495670762977109180447319         6.75532872275872121961160668341882098E-0002
  0.430782333030100576340909974824659414         6.75402710601742609069493287303409362E-0002
  0.407520938372992338304162021549129441         6.75279262526839524990620877388651223E-0002
  0.384255521648745217377649304715089534         6.75162521934415592605856390718071371E-0002
  0.360986312477629653172868731337573086         6.75052483042540450931674450335727314E-0002
  0.337713540517346004820112480879290947         6.74949140403400744510027221658669745E-0002
  0.314437435460757922182487845358740565         6.74852488902641044844764343830450446E-0002
  0.291158227033625370022453531336754810         6.74762523758745455271803965584025591E-0002
  0.267876144992337327495008684899454649         6.74679240522459759924831824460036601E-0002
  0.244591419121644185344875295617271503         6.74602635076253986681929205492990034E-0002
  0.221304279232389863187998175003214270         6.74532703633825263155031124119159077E-0002
  0.198014955159243669260449359772567520         6.74469442739640853916850747684322285E-0002
  0.174723676758431925020365532954418414         6.74412849268521276252209198340458196E-0002
  0.151430673905469376990867861536843534         6.74362920425263400775894303204241463E-0002
  0.128136176492890418234013494936874889         6.74319653744303452280530723540353005E-0002
  0.104840414427980141847706833448761542         6.74283047089419835168752423567569363E-0002
   8.15436176305052488791565413960870622E-0002   6.74253098653475716787485670055669660E-0002
   5.82460160304448330499011296323567257E-0002   6.74229806958201310921621278452742226E-0002
   3.49478395657210646886417521197158664E-0002   6.74213170854015812623010509873591770E-0002
   1.16493181799297962691156395668020818E-0002   6.74203189519888944451780738652431010E-0002
  -1.16493181799288880489826802936769928E-0002   6.74199862463242083093646314786628042E-0002
  -3.49478395657201564774725588955978627E-0002   6.74203189519888944192390901834877435E-0002
  -5.82460160304439248566593800375008283E-0002   6.74213170854015812104218035583062107E-0002
  -8.15436176305043407128057360741172493E-0002   6.74229806958201310143400563837005798E-0002
 -0.104840414427979233717210207640538186         6.74253098653475715749798306982572304E-0002
 -0.128136176492889510148333930016981421         6.74283047089419833871547193999496908E-0002
 -0.151430673905468468958967796553565760         6.74319653744303450723743593365234875E-0002
 -0.174723676758431017051206876174089547         6.74362920425263398959448414521714829E-0002
 -0.198014955159242761362993400229151463         6.74412849268521274176014860201459710E-0002
 -0.221304279232388955371205494054000762         6.74469442739640851580805425282033650E-0002
 -0.244591419121643277617705678505555600         6.74532703633825260559019426428877244E-0002
 -0.267876144992336419866421032325073687         6.74602635076253983825822871358153517E-0002
 -0.291158227033624462501405771035355228         6.74679240522459756808489707121278741E-0002
 -0.314437435460757014777936843690647935         6.74762523758745451895072015647783529E-0002
 -0.337713540517345097541013954428854353         6.74852488902641041207475590673300695E-0002
 -0.360986312477628746028177158523858614         6.74949140403400740612001753263210727E-0002
 -0.384255521648744310376317837414793264         6.75052483042540446772719391553471739E-0002
 -0.407520938372991431455142396732582665         6.75162521934415588185765879954455985E-0002
 -0.430782333030099669653152426205799069         6.75279262526839520309176041704912046E-0002
 -0.454039476039494764245430278881622278         6.75402710601742604126462215929711088E-0002
 -0.477292137862564500976165035538095577         6.75532872275872116756298384595725986E-0002
 -0.500540089004924165492720582506112538         6.75669754001533152048706698394856731E-0002
 -0.523783100018681560272135009200441027         6.75813362567370678493543835189038220E-0002
 -0.547020941504701562685248685136723667         6.75963705099192931213306247188099510E-0002
 -0.570253384114870201848187162566091825         6.76120789060836324322818804602847108E-0002
 -0.593480198554358231915674425393499754         6.76284622255072079516776322102677730E-0002
 -0.616701155583884179475621920885716041         6.76455212824554776395943993003843728E-0002
 -0.639916026021976842709629218769003744         6.76632569252813039767701187753502260E-0002
 -0.663124580747237219989442991437749480         6.76816700365282588960184024431540076E-0002
 -0.686326590700599845585052245740601248         6.77007615330381884075238532899537886E-0002
 -0.709521826887593510165949305602186869         6.77205323660630614077475425651485732E-0002
 -0.732710060380601343783157887823467395         6.77409835213811281678703231494174670E-0002
 -0.755891062321120239025921670855642298         6.77621160194174150132741198897259895E-0002
 -0.779064603922019592053458966061196263         6.77839309153685827308960030875690498E-0002
 -0.802230456469799339208921398688271342         6.78064292993321772767803206786409983E-0002
 -0.825388391326847266929646825045981423         6.78296122964403024021995586708812468E-0002
 -0.848538179933695572674968984562064768         6.78534810669977448737197841569880444E-0002
 -0.871679593811276654600238539742803272         6.78780368066245840309623440860403391E-0002
 -0.894812404563178107713322120581018590         6.79032807464033185059770033768457441E-0002
 -0.917936383877896904257677687544058546         6.79292141530305440205164206657139620E-0002
 -0.941051303531092736074155881624366500         6.79558383289732172825179934208911811E-0002
 -0.964156935387840496701947961586863335         6.79831546126295421211938237386634263E-0002
 -0.987253051404881880987591355869193764         6.80111643784945151317472389382286860E-0002
  -1.01033942363287607997965369578583680         6.80398690373301692463267960120154657E-0002
  -1.03341582421864954889564536179248583         6.80692700363405548078555947345371858E-0002
  -1.05648202540744482595685897745585594         6.80993688593514988983026230662390382E-0002
  -1.07953779954516837989620183615493077         6.81301670269951848632696563374250536E-0002
  -1.10258291908063746395367385095886438         6.81616660968995951809364045865470089E-0002
  -1.12561715656782595418394918396827438         6.81938676638828620459314995795969963E-0002
  -1.14864028466810914991054414089354447         6.82267733601525712780800568722212379E-0002
  -1.17165207615250751417129711083895700         6.82603848555100664227319415609095736E-0002
  -1.19465230390392933201034818906876163         6.82947038575598011840203067861775601E-0002
  -1.21764074091941226448248653869635894         6.83297321119237896254693764454180413E-0002
  -1.24061716031236377624663242034928418         6.83654714024612048844061701676927654E-0002
  -1.26358133531480041463633803935299166         6.84019235514931784781860674515026847E-0002
  -1.28653303927958591810652681812325591         6.84390904200328536318810598549087740E-0002
  -1.30947204568266813196724428538380874         6.84769739080207474293780148142174170E-0002
  -1.33239812812531470932696536950346167         6.85155759545654779833798952846402544E-0002
  -1.35531106033634757517999237449450691         6.85548985381899142351954973271445694E-0002
  -1.37821061617437613158468518570022980         6.85949436770828074330553468349645546E-0002
  -1.40109656963002918189169017744306746         6.86357134293559647986284075121060273E-0002
  -1.42396869482818555199397675427729583         6.86772098933070273760750775352934883E-0002
  -1.44682676603020338658335032621526320         6.87194352076879155670093022670593375E-0002
  -1.46967055763614809841118766945220042         6.87623915519790073888234699013813982E-0002
  -1.49249984418701894856443492863553132         6.88060811466691160536357444350161935E-0002
  -1.51531440036697423578141984340083388         6.88505062535413350513474285064664063E-0002
  -1.53811400100555507284575799737685607         6.88956691759648205336602475023204181E-0002
  -1.56089842107990772811057785665434462         6.89415722591925824371285995018793856E-0002
  -1.58366743571700451021945094918667457         6.89882178906653574531548896795488962E-0002
  -1.60642082019586317410479159697521863         6.90356085003216386520392054466301628E-0002
  -1.62915834994976482635908500728351208         6.90837465609139382975475262691019872E-0002
  -1.65187980056847030808911311348063194         6.91326345883313621487632619856988407E-0002
  -1.67458494780043503337837418426145762         6.91822751419285753380517111418326984E-0002
  -1.69727356755502226149813474362279113         6.92326708248612417386317984960315437E-0002
  -1.71994543590471478102301061265214176         6.92838242844280205933697767282531654E-0002
  -1.74260032908732498402264774534347670         6.93357382124192060688614623341404640E-0002
  -1.76523802350820330851696282959670508         6.93884153454720973265500470303850368E-0002
  -1.78785829574244502739850820446409845         6.94418584654331886664542694168576127E-0002
  -1.81046092253709536204184534663167865         6.94960703997272712999977418255928582E-0002
  -1.83304568081335289883634584199774845         6.95510540217335403473984778224901236E-0002
  -1.85561234766877128689558821884397318         6.96068122511688027330857990871734261E-0002
  -1.87816070037945919521348311217617446         6.96633480544778837706718380762191970E-0002
  -1.90069051640227850755443778691357954         6.97206644452313323881539279005722518E-0002
  -1.92320157337704073338226390118126238         6.97787644845305271453252813812424156E-0002
  -1.94569364912870161315013936835042025         6.98376512814202874399141475556077601E-0002
  -1.96816652166955389629175610390126508         6.98973279933090965878731788825163648E-0002
  -1.99061996920141827027182014476821455         6.99577978263970457976463965425224930E-0002
  -2.01305377011783241907231892657165879         7.00190640361116104393253729653822861E-0002
  -2.03546770300623818950943221794136909         7.00811299275513724385735228530994138E-0002
  -2.05786154665016684379463815878404776         7.01439988559378051032830672953646785E-0002
  -2.08023508003142237677245384652738937         7.02076742270752392194005004837589264E-0002
  -2.10258808233226287628635077466835605         7.02721594978191318325132256336930662E-0002
  -2.12492033293757990514369896284648409         7.03374581765527617649661975006520116E-0002
  -2.14723161143707588317011963653706518         7.04035738236724786058414773937604821E-0002
  -2.16952169762743944786336462460007007         7.04705100520816346544899933537237860E-0002
  -2.19179037151451877217679104951963511         7.05382705276933320988948672657124081E-0002
  -2.21403741331549281798266219132320335         7.06068589699421205694488513756884724E-0002
  -2.23626260346104050378587941288533352         7.06762791523047831282633606195592763E-0002
  -2.25846572259750776527933554051544230         7.07465349028303517354523625358666707E-0002
  -2.28064655158907248735287689623072618         7.08176301046794962785517103614866787E-0002
  -2.30280487151990728618886907166918198         7.08895686966734343609870150175331447E-0002
  -2.32494046369634012009858031086355134         7.09623546738525122219787195041399430E-0002
  -2.34705310964901270777502582065445093         7.10359920880446104052051250306889379E-0002
  -2.36914259113503673265955624186975245         7.11104850484435311087131703396590010E-0002
  -2.39120869014014781214132367796044990         7.11858377221975275358016651419022342E-0002
  -2.41325118888085721033081887490821384         7.12620543350081390277812307904014521E-0002
  -2.43526986980660127317094315918161576         7.13391391717394992965696766394242885E-0002
  -2.45726451560188856467155834952037841         7.14170965770382886899942653186926316E-0002
  -2.47923490918844468307614684150543742         7.14959309559645051174813201372971037E-0002
  -2.50118083372735473579211219729586212         7.15756467746332320406133257707728730E-0002
  -2.52310207262120345193935763058658054         7.16562485608675857939766428483444984E-0002
  -2.54499840951621291139509553070588848         7.17377409048630284490217344615070899E-0002
  -2.56686962830437786923636538971203981         7.18201284598632364695867595692313025E-0002
  -2.58871551312559865450546995018898872         7.19034159428477195346326664480870103E-0002
  -2.61053584836981162224747984495310844         7.19876081352313881240074301142319870E-0002
  -2.63233041867911713779310521678264843         7.20727098835762727791705689484608897E-0002
  -2.65409900894990507228458854823676062         7.21587261003156023653082684676636206E-0002
  -2.67584140433497778846683595825973091         7.22456617644904531767682367464498165E-0002
  -2.69755739024567059579077429114148449         7.23335219224991853469301838147551874E-0002
  -2.71924675235396965390089819005686468         7.24223116888598877492677498187424368E-0002
  -2.74090927659462730360415476532207502         7.25120362469860574112952646087870518E-0002
  -2.76254474916727480444270318813680068         7.26027008499757444102541577373602367E-0002
  -2.78415295653853245801868231333865110         7.26943108214143982817898092629149404E-0002
  -2.80573368544411709624492100696270043         7.27868715561916571535978996492799503E-0002
  -2.82728672289094691372153297152198030         7.28803885213323261182675417395789101E-0002
  -2.84881185615924362346455026722501708         7.29748672568417967865971092796645519E-0002
  -2.87030887280463191523916716211809716         7.30703133765661655178839454270031880E-0002
  -2.89177756066023619577678814765341600         7.31667325690673135105661473239831419E-0002
  -2.91321770783877459018190066568922820         7.32641305985132177587005637013014582E-0002
  -2.93462910273465018386182404365587852         7.33625133055837678407785892515960762E-0002
  -2.95601153402603948433962105978735711         7.34618866083923696111016938354043173E-0002
  -2.97736479067697808233789719112435720         7.35622565034236231142656636675505218E-0002
  -2.99868866193944349154885466263325421         7.36636290664873684442560850010269606E-0002
  -3.01998293735543514653381364344013062         7.37660104536893998253773570284223667E-0002
  -3.04124740675905153822346105102866212         7.38694069024191549069869690343033931E-0002
  -3.06248186027856446651833814947186835         7.39738247323546931421772890952580265E-0002
  -3.08368608833849038951753118453709507         7.40792703464852841666621696190227848E-0002
  -3.10485988166165884893218440600104452         7.41857502321519343128452490011921098E-0002
  -3.12600303127127795126931170292272001         7.42932709621061867901719129456227472E-0002
  -3.14711532849299688440044143614128741         7.44018391955875386413441905101280771E-0002
  -3.16819656495696544915888860709856189         7.45114616794198253499047064529058397E-0002
  -3.18924653259989058563890896445238306         7.46221452491269319333251356701515466E-0002
  -3.21026502366708987389965072908448966         7.47338968300681975124802122107639296E-0002
  -3.23125183071454198880668102127172650         7.48467234385938887088303186443657458E-0002
  -3.25220674661093408877392550626283636         7.49606321832211257905259997684329135E-0002
  -3.27312956453970611819912093958998504         7.50756302658306542739161005923048237E-0002
  -3.29402007800109200341634089247968936         7.51917249828848636937010633830469706E-0002
  -3.31487808081415772201981467007744181         7.53089237266674644895276776293009621E-0002
  -3.33570336711883622544411799826563811         7.54272339865452434256711962751716569E-0002
  -3.35649573137795919471687114407309046         7.55466633502523276702983653273582176E-0002
  -3.37725496837928560933133544352616034         7.56672195051973976185639098310832553E-0002
  -3.39798087323752710921775243079871610         7.57889102397942987565941552984140097E-0002
  -3.41867324139637012982392058325014802         7.59117434448165133386104544308801299E-0002
  -3.43933186863049479034735280601702551         7.60357271147759633946303725942016796E-0002
  -3.45995655104759051519340286291621886         7.61608693493266276091854035856779204E-0002
  -3.48054708509036836876599070125390014         7.62871783546934659203887688109336364E-0002
  -3.50110326753857008372999469850233829         7.64146624451271572918119151692410486E-0002
  -3.52162489551097376291701295855445673         7.65433300443851680155869052064875109E-0002
  -3.54211176646739623507902558230912049         7.66731896872396801228235146310282295E-0002
  -3.56256367821069204472751500766115669         7.68042500210129220159800665852244121E-0002
  -3.58298042888874905632882173162442503         7.69365198071404563067175133526208863E-0002
  -3.60336181699648065315992766443321736         7.70700079227629930517653131467376668E-0002
  -3.62370764137781451116246869225546054         7.72047233623473101385210384450766881E-0002
  -3.64401770122767792816658140989963699         7.73406752393368764919080097417939818E-0002
  -3.66429179609397968889018609398073424         7.74778727878327880651817625551374448E-0002
  -3.68452972587958844615349848489070932         7.76163253643056412510147917308312360E-0002
  -3.70473129084430759878294649514985994         7.77560424493389834167732004256531760E-0002
  -3.72489629160684664671324422294518030         7.78970336494049957412806721540085349E-0002
  -3.74502452914678900383114428163644033         7.80393086986730794217889713028428950E-0002
  -3.76511580480655624913935011557836872         7.81828774608520326419909066477848996E-0002
  -3.78516992029336879685422231471975228         7.83277499310665224577936577350091094E-0002
  -3.80518667768120296608625661815876787         7.84739362377685729807265822467432897E-0002
  -3.82516587941274443078784596132986526         7.86214466446848089332498168180944371E-0002
  -3.84510732830133803068856422205898837         7.87702915528002118302892030114614912E-0002
  -3.86501082753293392397412490475579920         7.89204815023791647219669704638049013E-0002
  -3.88487618066803006250127351504223985         7.90720271750245806291484270983881228E-0002
  -3.90470319164361097037716746279888657         7.92249393957759295320281524973473083E-0002
  -3.92449166477508280676828163172648066         7.93792291352469990490230963150737107E-0002
  -3.94424140475820469384055090798454488         7.95349075118042447857757319266801287E-0002
  -3.96395221667101629076932260733260604         7.96919857937866077597331914406220487E-0002
  -3.98362390597576159479474151565298867         7.98504754017676983327992044929108255E-0002
  -4.00325627852080895033542779611081743         8.00103879108612687318244783605930236E-0002
  -4.02284914054256724721073294998749243         8.01717350530709195237301251057615510E-0002
  -4.04240229866739828905947097803944857         8.03345287196850093590472357050739968E-0002
  -4.06191555991352531308082050386944330         8.04987809637177619255059524640408665E-0002
  -4.08138873169293764226107851719626084         8.06645040023975893836512690539855559E-0002
  -4.10082162181329145128811719817446363         8.08317102197036776116896896030190663E-0002
  -4.12021403847980662739375161731881610         8.10004121689519053900567769951123048E-0002
  -4.13956579029715970740276759056611067         8.11706225754311972315333213376972931E-0002
  -4.15887668627137287230608522517212852         8.13423543390914379349685231476709629E-0002
  -4.17814653581169898071444433728012962         8.15156205372841061355145723050689125E-0002
  -4.19737514873250262258809257207787716         8.16904344275568141683760986763085006E-0002
  -4.21656233525513717467723532663393001         8.18668094505029724840190546769514184E-0002
  -4.23570790600981783914746807611022427         8.20447592326678286791438215997345930E-0002
  -4.25481167203749064690405604661790437         8.22242975895121639691109047441081028E-0002
  -4.27387344479169740716875297124298350         8.24054385284349636545861407909400613E-0002
  -4.29289303614043658490285951664369043         8.25881962518564128597271174452909585E-0002
  -4.31187025836802008771041248124074776         8.27725851603626045741982708094609699E-0002
  -4.33080492417692594389576764572150472         8.29586198559133838508130286661894775E-0002
  -4.34969684668964685339039180390538153         8.31463151451147899300387537382729428E-0002
  -4.36854583945053459330441261673334720         8.33356860425575971186425452642882704E-0002
  -4.38735171642764025989938811222884283         8.35267477742234954804307654303164709E-0002
  -4.40611429201455032881985049593475809         8.37195157809604938417735372240149079E-0002
  -4.42483338103221851546245103399154797         8.39140057220291703142986725263558848E-0002
  -4.44350879873079341740298371734580204         8.41102334787214395341981873359529051E-0002
  -4.46214036079144192084319480146303138         8.43082151580535511560066012423824525E-0002
  -4.48072788332816835308109273049730100         8.45079670965350808641212021389639776E-0002
  -4.49927118288962936305045798552189659         8.47095058640157233250911374922092226E-0002
  -4.51777007646094451201741462877359566         8.49128482676117461469388813346969764E-0002
  -4.53622438146550255656426433378463144         8.51180113557140150894857431057376044E-0002
  -4.55463391576676340603329907690164695         8.53250124220795535347580119816992629E-0002
  -4.57299849767005573664599999941039289         8.55338690100086536339917159140106099E-0002
  -4.59131794592437024455589680995240819         8.57445989166096126545696628240392739E-0002
  -4.60959207972414852013640406105657372         8.59572201971532259156381967296815355E-0002
  -4.62782071871106752584816727660783686         8.61717511695192273866643688190977066E-0002
  -4.64600368297581966007384280240633218         8.63882104187369305926819720676969377E-0002
  -4.66414079305988838935179997138228921         8.66066168016223859897859460930889000E-0002
  -4.68223186995731943148397228855915055         8.68269894515144365134966047331934307E-0002
  -4.70027673511648747203699541682164801         8.70493477831121206325440375456070238E-0002
  -4.71827521044185839679985334956289932         8.72737114974159420358382541582866780E-0002
  -4.73622711829574702280550985526708190         8.75001005867755971182349885119586027E-0002
  -4.75413228150007031056842963524645301         8.77285353400468257915725576151648467E-0002
  -4.77199052333809604023449221061298440         8.79590363478601279149145857687817219E-0002
  -4.78980166755618693438457090795610526         8.81916245080041668988781794241369629E-0002
  -4.80756553836554021027798900326311432         8.84263210309267638837115890134021474E-0002
  -4.82528196044392254436717466682157753         8.86631474453564704133778523970127878E-0002
  -4.84295075893740043196011538296984235         8.89021256040477948260420017867672819E-0002
  -4.86057175946206592495266055072682540         8.91432776896532477567278631775632026E-0002
  -4.87814478810575773059833755598215772         8.93866262207254653062968675100870693E-0002
  -4.89566967142977765432913129284470665         8.96321940578527646823901382488599429E-0002
  -4.91314623647060236968662944905578366         8.98800044099315865771357060906697848E-0002
  -4.93057431074159049846905540454117517         9.01300808405793813325091531776218522E-0002
  -4.94795372223468498424599686802316133         9.03824472746916021813970427118922573E-0002
  -4.96528429942211074243909093731224030         9.06371280051465786699114776221318955E-0002
  -4.98256587125806757021354465598103755         9.08941476996621568989497184695330702E-0002
  -4.99979826718041829947215389248468844         9.11535314078081106105810279912297216E-0002
  -5.01698131711237217629043202569631171         9.14153045681784485336112112600751332E-0002
  -5.03411485146416345017857301990877543         9.16794930157278689447689902198329946E-0002
  -5.05119870113472515660325054762732492         9.19461229892767422559103362468480228E-0002
  -5.06823269751335807624969540333640119         9.22152211391891367686614613685187132E-0002
  -5.08521667248139485455209707764846479         9.24868145352285417182223161569215437E-0002
  -5.10215045841385926506814155900450255         9.27609306745960855371476891218595713E-0002
  -5.11903388818112060032142572796189073         9.30375974901561960949835956411939337E-0002
  -5.13586679515054317378357863404246040         9.33168433588548037058449232192856370E-0002
  -5.15264901318813091671617102249405156         9.35986971103353471469452174613225429E-0002
  -5.16938037666016705364090623192345323         9.38831880357580080090812833244598809E-0002
  -5.18606072043484884025515753578350303         9.41703458968277696266803187887820942E-0002
  -5.20268987988391734765864867175614273         9.44602009350370738414143018611528039E-0002
  -5.21926769088428227680596521220495590         9.47527838811290321808450388154942836E-0002
  -5.23579398981964178714863409354124692         9.50481259647873379339268279000572776E-0002
  -5.25226861358209732347971655845692500         9.53462589245592223413862563253370945E-0002
  -5.26869139957376342504322548686275448         9.56472150180180019655593940257963036E-0002
  -5.28506218570837250102020111181210382         9.59510270321719755479117655622985838E-0002
  -5.30138081041287455655295894691621299         9.62577282941266476026807851722028389E-0002
  -5.31764711262903185351885990144695631         9.65673526820074829447401279318765229E-0002
  -5.33386093181500849031494453661484747         9.68799346361506316358144770707529501E-0002
  -5.35002210794695488496492072800254573         9.71955091705693077972331820420706798E-0002
  -5.36613048152058714591029614989412933         9.75141118847037587366306027085777415E-0002
  -5.38218589355276131489790349080547486         9.78357789754630232437403052652045570E-0002
  -5.39818818558304246642667664790647386         9.81605472495669501170920863459630720E-0002
  -5.41413719967526864826729983172760454         9.84884541361972303973006369990111063E-0002
  -5.43003277841910964761926804054457983         9.88195376999664898308198661891092473E-0002
  -5.44587476493162056752096623360994085         9.91538366542147922173540615617381779E-0002
  -5.46166300285879019817959523992023383         9.94913903746432199721314360284306376E-0002
  -5.47739733637708416793914447894432602         9.98322389132945259503156512697971207E-0002
  -5.49307761019498285865613443467092932        0.100176423012891190847221124420052027      
  -5.50870366955451407030452500595189722        0.100523984121541573841053525248588256      
  -5.52427536023278041968300884442872013        0.100874964407825211146283993579834248      
  -5.53979252854348145814988107486087095        0.101229406776268698383781012611838301      
  -5.55525502133843049336279785848106715        0.101587354883223988764778362633067824      
  -5.57066268600906610005300559366978138        0.101948853153161350675437591557471505      
  -5.58601537048795830491603963389272481        0.102313946795389656013975631121102205      
  -5.60131292325030943075345572314463931        0.102682681821217115282532079649237321      
  -5.61655519331544958505286838530232384        0.103055105061566037714984788766397542      
  -5.63174203024832677824642773557235561        0.103431264185055675409829697990377888      
  -5.64687328416099165694086908794529851        0.103811207716567710352199669394617230      
  -5.66194880571407683746541778912074769        0.104194985056309463209464008204132648      
  -5.67696844611827082513712439219656612        0.104582646499390443771322413267082628      
  -5.69193205713578650469664206654398411        0.104974243255928425823210328241356802      
  -5.70683949108182418742103849631811826        0.105369827471701815083545447856146104      
  -5.72169060082602920047395792016477856        0.105769452249365688642864697699503957      
  -5.73648523979394400410731487865052670        0.106173171670249519210562252366511427      
  -5.75122326196845482238270913212934994        0.106581040816755258552295639342153513      
  -5.76590452189123277313490055712963925        0.106993115795375142996004467972668745      
  -5.78052887466416948295397308946733604        0.107409453760349301066220163775131960      
  -5.79509617595080717301724742134227203        0.107830112937983990509213277114627599      
  -5.80960628197776320165657264044612455        0.108255152651652070598389776075445724      
  -5.82405904953614904960133678301395809        0.108684633347498127135519741187867913      
  -5.83845433598298373389238481982290826        0.109118616620871513540720623767731538      
  -5.85279199924260163651701936304879610        0.109557165243511453485384835294819910      
  -5.86707189780805473387038382993656102        0.110000343191509270385725588268213726      
  -5.88129389074250921320378938236780636        0.110448215674073768549039415202774100      
  -5.89545783768063646227594513420861165        0.110900849163126791754526047444635434      
  -5.90956359882999841847858533403558581        0.111358311423757029561142461318541542      
  -5.92361103497242726376365694136776465        0.111820671545561231779167816822722797      
  -5.93760000746539945175503567043852114        0.112287999974903129545952350121840758      
  -5.95153037824340405348367762605610101        0.112760368548121549655779762856901716      
  -5.96540200981930540824118654912750020        0.113237850525720449682079542741632111      
  -5.97921476528570006610298287154172276        0.113720520627574897605251824080809200      
  -5.99296850831626800872859969659230551        0.114208455069188373871700850867692696      
  -6.00666310316711813510310191592331439        0.114701731599038188961184108724428763      
  -6.02029841467812799894022738976072879        0.115200429537047288692547837584576214      
  -6.03387430827427778452458289529627505        0.115704629814222265884737345257916622      
  -6.04739064996697850782709182858402671        0.116214415013499014023533087640784241      
  -6.06084730635539442978488486696368509        0.116729869411839149869201362930631046      
  -6.07424414462775966869394839932880612        0.117251079023622101283918968082409367      
  -6.08758103256268899872009794672603189        0.117778131645379607984095269425858270      
  -6.10085783853048282159122446074484440        0.118311116901921320684561594794482626      
  -6.11407443149442629859126973561209142        0.118850126293902212695676162361977866      
  -6.12723068101208263003402263425767697        0.119395253246884642216321703860030257      
  -6.14032645723658046945258984002836731        0.119946593161950128366496536291972148      
  -6.15336163091789545979828283410798010        0.120504243467918234746468311451382388      
  -6.16633607340412587900067619272338456        0.121068303675232396630519215461163800      
  -6.17924965664276238229873052530757068        0.121638875431575087768893201018016877      
  -6.19210225318195182881113586115324980        0.122216062579277406501262254428156711      
  -6.20489373617175517987241746269523920        0.122799971214590975174222150527547883      
  -6.21762397936539945671985532215987963        0.123390709748892998799637228304938326      
  -6.23029285712052374517490040745147197        0.123988388971898426012220163155331284      
  -6.24290024440041923502152448413731374        0.124593122116956405660333136593800826      
  -6.25544601677526328184281547336825773        0.125205024928511644255184253202553613      
  -6.26793005042334747913612622945698169        0.125824215731814851989015422746272694      
  -6.28035222213229972858620075336559821        0.126450815504970227642943538440690532      
  -6.29271240930030029643493761607523902        0.127084947953411885559191729667003677      
  -6.30501048993729184394580516409003719        0.127726739586905281698784942783818157      
  -6.31724634266618342002039633235837393        0.128376319799174062064403072329029054      
  -6.32941984672404840408420201069856749        0.129033820950257347576834002900355583      
  -6.34153088196331638741839031025396970        0.129699378451707297757532114358856303      
  -6.35357932885295898117420416727577247        0.130373130854741875014909708052041658      
  -6.36556506847966953936653091219152400        0.131055219941473076561723287991021554      
  -6.37748798254903678520325413086765357        0.131745790819336527548227383368112861      
  -6.38934795338671232916716975948029423        0.132444992018854253429340463077524049      
  -6.40114486393957206732753429060029539        0.133152975594868689519718587226535066      
  -6.41287859777687144841871263097831853        0.133869897231392559908252258194195067      
  -6.42454903909139459828390594496330738        0.134595916350226186419978627941019571      
  -6.43615607270059729034256514426625304        0.135331196223501092472043193081949868      
  -6.44769958404774375080083294654306060        0.136075904090316469237347947593641490      
  -6.45917945920303728738520602256337167        0.136830211277643196798083123350555978      
  -6.47059558486474473044056808400546738        0.137594293325678686874071707992007864      
  -6.48194784836031467529481422952651717        0.138368330117844863941230963396564875      
  -6.49323613764748951485346586297191618        0.139152506015631157699044713539670211      
  -6.50446034131541125144896342059483782        0.139947009998494473522323762092244502      
  -6.51562034858572107703072038907074122        0.140752035809038772548807007437948661      
  -6.52671604931365271084352605695497067        0.141567782103708165571078861751359064      
  -6.53774733398911948380349551202569690        0.142394452609239343613161790363713920      
  -6.54871409373779515884248296760283724        0.143232256285131774401743563099601347      
  -6.55961622032218847655369796330860762        0.144081407492407432251754058755918824      
  -6.57045360614271141553319272966471852        0.144942126168945946707098545203321483      
  -6.58122614423874115687392242019280207        0.145814638011696003558240133661636322      
  -6.59193372828967574233121738705411923        0.146699174666079665234519774624313961      
  -6.60257625261598341574074759345979937        0.147595973922923054656194596451106821      
  -6.61315361218024563733240300381138031        0.148505279923264630343227785785518246      
  -6.62366570258819376064595975548548204        0.149427343371411138473601113497771081      
  -6.63411242008973936181694947803955414        0.150362421756631332243326749014348621      
  -6.64449366157999821106379766906881923        0.151310779583898778314545391741646088      
  -6.65480932460030787627004594267171236        0.152272688614117608235801585629007891      
  -6.66505930733923894861832161717612935        0.153248428114289009732442416187680915      
  -6.67524350863359988029566588315059511        0.154238285118101685842050889804818867      
  -6.68536182796943542435287806950427956        0.155242554697456543629701338137694752      
  -6.69541416548301866686367768242586242        0.156261540245464621384763106391601135      
  -6.70540042196183664159272730581667031        0.157295553771487845293215239279165979      
  -6.71532049884556951744489749857087588        0.158344916208824754663064794335765861      
  -6.72517429822706334903158887842371723        0.159409957735677990293717759400060955      
  -6.73496172285329638075345601805964327        0.160491018110077256235329309614545575      
  -6.74468267612633889486250196973558446        0.161588447019470805955125380911570810      
  -6.75433706210430659403023055188552985        0.162702604445740448131780756947634173      
  -6.76392478550230750901235534615694618        0.163833861046439807783061599823897772      
  -6.77344575169338242206446903629061032        0.164982598553103323873709896873342383      
  -6.78289986670943879682707364047957571        0.166149210187524440886631958806803361      
  -6.79228703724217820546246071470662482        0.167334101096955903835576856895053184      
  -6.80160717064401724389011010353470986        0.168537688809243259169140541592575611      
  -6.81086017492900192603154565348583090        0.169760403708964885731535527462009664      
  -6.82004595877371554803994584817320424        0.171002689535718442710860438458295341      
  -6.82916443151818001355425593854669148        0.172265003905764864465098512431420622      
  -6.83821550316675061108208518989048390        0.173547818858317323789000807087846398      
  -6.84719908438900423468029771262040888        0.174851621427844326262913595360546992      
  -6.85611508652062103916691734864471960        0.176176914243843724759891498009951922      
  -6.86496342156425952116276561039559194        0.177524216159638429605696333958626758      
  -6.87374400219042501732613607607337842        0.178894062911845453359306194652667735      
  -6.88245674173833161120877829178921181        0.180287007812278233402366495525843466      
  -6.89110155421675744022651847791942699        0.181703622474158535432441012563412982      
  -6.89967835430489339430298254103856945        0.183144497574639327854104087865721321      
  -6.90818705735318519781010841138844288        0.184610243655774564314594147649714103      
  -6.91662757938416886649443891525890079        0.186101491966216620961798922077384289      
  -6.92499983709329953114357260737573120        0.187618895346078083512482754134592720      
  -6.93330374784977361981261758507660522        0.189163129157562627181958559306710463      
  -6.94153922969734439049604163756883607        0.190734892264150932069215364185804221      
  -6.94970620135513080619594050296704341        0.192334908061323081361165841744081308      
  -6.95780458221841974440345386537884256        0.193963925562009965665458146555650424      
  -6.96583429235946153307584537553214965        0.195622720540194254186788285936482342      
  -6.97379525252825880525762777203114670        0.197312096736328020386289692233113656      
  -6.98168738415334866456005646623023641        0.199032887128500807072745649835462412      
  -6.98951060934257815377933408110289702        0.200785955273580634062064145341315407      
  -6.99726485088387301899996375177291864        0.202572196722863229577910257356043314      
  -7.00495003224599976159585985023510241        0.204392540517103853035607711161285309      
  -7.01256607757932097060807053614143400        0.206247950766173953681020561028692205      
  -7.02011291171654392804428650554827371        0.208139428318984318685195114541237107      
  -7.02759046017346247971170385565904410        0.210068012529750337675956179929177551      
  -7.03499864914969216426127545057754438        0.212034783127146904071971149284377728      
  -7.04233740552939859318792390491237917        0.214040862193414004620464939014593875      
  -7.04960665688201907459789964203250999        0.216087416261033339766528923008199143      
  -7.05680633146297747362114877445048016        0.218175658535205944918929670783855745      
  -7.06393635821439230241330713708609455        0.220306851251025830790168464805857729      
  -7.07099666676577803275875802122790020        0.222482308174970784948281530675866300      
  -7.07798718743473962435308134836452479        0.224703397261124973003567783252830179      
  -7.08490785122766026191018052852330340        0.226971543473415864415709183180209618      
  -7.09175858984038229430639940647655614        0.229288231786098115301041033071274901      
  -7.09853933565888136904103484963496885        0.231655010375758115743061380228188595      
  -7.10525002175993375535981001146067378        0.234073494019254733437883852534509750      
  -7.11189058191177684945509845096272393        0.236545367713265310040813914687260881      
  -7.11846095057476285522397943879975761        0.239072390532483466068464359249959536      
  -7.12496106290200563413255926958207596        0.241656399745030519647686993319680411      
  -7.13139085474002071780241156337648655        0.244299315205310801310404314230643196      
  -7.13775026262935847700247071178214310        0.247003144046380263624787871617809194      
  -7.14403922380523044079725613925210947        0.249769985695927154484882497260247435      
  -7.15025767619812875966991024195656395        0.252602037242205268845777508367075608      
  -7.15640555843443880650619906718311936        0.255501599178739400993703756527630104      
  -7.16248280983704490939335133820997408        0.258471081559367345382048597154090678      
  -7.16848937042592921025539764433453353        0.261513010598225140890935511165333039      
  -7.17442518091876364341451683427150861        0.264630035752658516309597288255583000      
  -7.18029018273149502823580020384511834        0.267824937330794898109003797692785657      
  -7.18608431797892327008080528560941529        0.271100634669683777707921651756928677      
  -7.19180752947527266386328925798909554        0.274460194934562126320746520970191864      
  -7.19745976073475629456858652342814620        0.277906842594986846847171104368323158      
  -7.20304095597213352916622518699722985        0.281443969639367627821588896882903942      
  -7.20855106010326059441356232652535851        0.285075146595910760787525127663265651      
  -7.21399001874563423511645740962724445        0.288804134435238942371275155058336917      
  -7.21935777821892844748129630849866602        0.292634897438088841415738857333035468      
  -7.22465428554552428226102441602309132        0.296571617120628132701255065510694028      
  -7.22987948845103271246624570202563281        0.300618707320216110091594718671995465      
  -7.23503333536481056048089449136119037        0.304780830556017807505173797884205696      
  -7.24011577542046947949048762035918553        0.309062915791956976531221441215802323      
  -7.24512675845637798419951575889147243        0.313470177744274179550084038349121334      
  -7.25006623501615652588313339541098062        0.318008137892693464173090865184112819      
  -7.25493415634916560688695659466496593        0.322682647373186573304901795880037272      
  -7.25973047441098692975747547487457778        0.327499911951898063866862120279612643      
  -7.26445514186389757625433373497176886        0.332466519304356353164854344525841136      
  -7.26910811207733721156451981450627146        0.337589468852111339290927871150978227      
  -7.27368933912836830910735271012764547        0.342876204440957101840135884212608134      
  -7.27819877780212939138802942370265568        0.348334650181563802971285235629737288      
  -7.28263638359228128242642979828967057        0.353973249815418203304209375615777929      
  -7.28700211270144636735684742906016239        0.359801010017358795779481053686735761      
  -7.29129592204164085486333173609771491        0.365827548101759154285363937796925928      
  -7.29551776923470003818438547365322692        0.372063144663834279658087289864673005      
  -7.29966761261269655048986324430494782        0.378518801762137677641780714399450087      
  -7.30374541121835161050205930456173306        0.385206307334898008371303100365827549      
  -7.30775112480543925430215640834662226        0.392138306643593069095952784008483970      
  -7.31168471383918354933243095369296315        0.399328381654699281042409325262219553      
  -7.31554613949664878667387259266833433        0.406791139408054952620406517250381683      
  -7.31933536366712264774817805141591876        0.414542310581573786936264590363050968      
  -7.32305234895249234166241850228987204        0.422598859651807684828202919372927999      
  -7.32669705866761370948405674900692849        0.430979108273777742870749653803816114      
  -7.33026945684067329180340404381874220        0.439702873768540329418586146149171517      
  -7.33376950821354335601005586784452085        0.448791624921699602312321200201364603      
  -7.33719717824212987977933078645266299        0.458268657671092532100866855617788504      
  -7.34055243309671348733425585515674479        0.468159293710259636216857107774292998      
  -7.34383523966228333511819531176707486        0.478491105572379199439493890700171416      
  -7.34704556553886394358280576105179513        0.489294172407465987901546117895023512      
  -7.35018337904183497186562005212052703        0.500601371449412395524064430364780630      
  -7.35324864920224393220121287903765704        0.512448711121179093023352536253596966      
  -7.35624134576711184097958311437591779        0.524875712887087531660138331662048788      
  -7.35916143919973180343510032580083861        0.537925850382957124381824761094907792      
  -7.36200890067996052901910513929943746        0.551647056104725890677364380985839612      
  -7.36478370210450277457902441100458705        0.566092308100538359159572940133652180      
  -7.36748581608718871253666186410529811        0.581320311802091828753906887193244608      
  -7.37011521595924422132815224917795699        0.597396295494541222952809504609227380      
  -7.37267187576955409543792150625599819        0.614392942152674253809505119025601355      
  -7.37515577028491817242887615564074101        0.632391485718765486910682059245733329      
  -7.37756687499030037444095153214930548        0.651483006703677557105307944334217123      
  -7.37990516608907066170007981424890344        0.671769970713169847268195771266635286      
  -7.38217062050323989564959439514626396        0.693368064753493732701107581290694155      
  -7.38436321587368760938606630695304229        0.716408400798107921195413209176089289      
  -7.38648293056038268315157045086664452        0.741040175264749771952778431497609443      
  -7.38852974364259692270440361499912721        0.767433898380451586109481323937492619      
  -7.39050363491911153846032198594381024        0.795785341183228341008590560296477190      
  -7.39240458490841652336643238906693303        0.826320393370309947246813327416578734      
  -7.39423257484890292753995813432180125        0.859301087029950492882908406425377140      
  -7.39598758669904802777420640737845455        0.895033126306191094064455026982259018      
  -7.39766960313759339008418893812450522        0.933875381323997012887637407518368751      
  -7.39927860756371582353449050801896415        0.976251971366706307317790098674255407      
  -7.40081458409719122366214003208926171         1.02266780038989385515967527421022193      
  -7.40227751757855130387741577809961890         1.07372875318939613094983887047094432      
  -7.40366739356923321329570907196953874         1.13016826930660859004994220891381173      
  -7.40498419835172203952377889210995480         1.19288277490221722732904274242100739      
  -7.40622791892968619499395238304639124         1.26297961999713132140026068315889519      
  -7.40739854302810568551006282744434288         1.34184299217876788096525361770763333      
  -7.40849605909339325973916631223600221         1.43122619578985191875765014279615124      
  -7.40952045629350843845334051563327062         1.53338347934099046468314660464994268      
  -7.41047172451806442239614303394030733         1.65126270634443694469335992008064420      
  -7.41134985437842787771859176667365472         1.78879436156474030305447993268676500      
  -7.41215483720781159799982539187376284         1.95133819704247824767392750277152253      
  -7.41288666506136004193790719686013950         2.14639786573223350186154815039009626      
  -7.41354533071622774586654978915911994         2.38481197756589095311586181398243685      
  -7.41413082767165061032386080394500017         2.68283844756341147931768208090262358      
  -7.41464315014901005996953995402648957         3.06602542803855912217345714375129137      
  -7.41508229309189007621729494205002430         3.57695317301036049675756780528242500      
  -7.41544825216612710201958717798008516         4.29226613990832152250720589266028497      
  -7.41574102375985281831216722379293399         5.36525324383547662653606251750368369      
  -7.41596060498352979169621372736822340         7.15358862035754540967544149576373906      
  -7.41610699366997999300624761441869353         10.7302946766595670805651890928629285      
  -7.41618018837440618648235478655651895         21.4604834496422524557392473227673959      
