   6.08274752169560347270604906105696916                                            Infinity
   6.08268748743326885640614095274007946         26.1649545085531550270167783430000602      
   6.08256741950111355623679008391349500         13.0825418139796116042351707191168208      
   6.08238731908415958918562161309134150         8.72176627631722937905714855868105002      
   6.08214718795992536110852558393783851         6.54140002862603543434706693922546633      
   6.08184702849840812334060433890616950         5.23319749775594853531618050077713540      
   6.08148684366206058178010843946942326         4.36107682618855772461920074320870488      
   6.08106663700576165867621999120122055         3.73814578944309600028494474482075257      
   6.08058641267678140740925272434080451         3.27095827542793838018400621104185964      
   6.08004617541474008060954578479156138         2.90759977755777205367871070126606246      
   6.07944593055156135201903237720233867         2.61692159200046816079495439208074413      
   6.07878568401141969255716460135056898         2.37910181642566325556369931309612303      
   6.07806544231068190111057146600742345         2.18092584937905313925706010891508954      
   6.07728521255784279062351758138524232         2.01324512071470778896009150913894572      
   6.07644500245345503012391485276428603         1.86952493755639683538957687258159276      
   6.07554482029005314337731805464344505         1.74497319187438733525932777328235289      
   6.07458467495207166491900688749395089         1.63599580272094471097398305634934607      
   6.07356457591575745427192143871963096         1.53984435532389437866048446058256077      
   6.07248453324907616921587431661839863         1.45438119381566490966014310226971775      
   6.07134455761161289903111053195248787         1.37791869520579321487474457213054024      
   6.07014466025446695869692489720895234         1.30910676116168004570908161261756619      
   6.06888485302014084508367572989643107         1.24685245499484570783756257120788254      
   6.06756514834242335623415241450405269         1.19026155583275410367307621366427258      
   6.06618555924626687488786232936961480         1.13859535952842344007329303834826646      
   6.06474609934765881745939921109957998         1.09123827934263582573036339950771404      
   6.06324678285348724973963964189818467         1.04767322246241807095302907075939627      
   6.06168762456140067064608643586010734         1.00746264886141298333770634901909106      
   6.06006863985966196540623670074743746        0.970233839302391773350286316669731408      
   6.05838984472699652961539769392304381        0.935667320196372294196936300079319867      
   6.05665125573243456566790470699949468        0.903487683318472744056513402093339534      
   6.05485289003514755311821153557666705        0.873456241580595891333393359400225084      
   6.05299476538427889458582505051904430        0.845365106267465964779883719579261233      
   6.05107690011876873887554041805440914        0.819032374790909814943131486338599091      
   6.04909931316717298304190205020489953        0.794298193397906291286686659072546835      
   6.04706202404747645518426683749817991        0.771021514694863321907088587269704905      
   6.04496505286690027981628005552784296        0.749077411024877157246734885419513387      
   6.04280842032170342771098997888935401        0.728354835615449470065131938631254410      
   6.04059214769697845218022411364162959        0.708754746783332448906566858619870564      
   6.03831625686644141380422750625076011        0.690188528317557256626156496326726594      
   6.03598077029221599568492123666809254        0.672576652880459098093259660536902868      
   6.03358571102461181135347638968324435        0.655847545898549492423110466332683231      
   6.03113110270189690752021495607848737        0.639936615713261838732092376534088933      
   6.02861696955006446391214367770721790        0.624785422281591395132974207927394730      
   6.02604333638259369250069925295156526        0.610340961871995698698480629392314519      
   6.02341022860020493847953299582714988        0.596555049301763994585877611931807914      
   6.02071767219060898540938942826538950        0.583383782542738274886876645287738461      
   6.01796569372825056700433581601423502        0.570787077161071553805384162586956014      
   6.01515432037404608809077776959089451        0.558728260190209324690321528331779515      
   6.01228357987511555732784915847011877        0.547173714769749153577238035208591942      
   6.00935350056450873433489216512067182        0.536092568297910106036698559253852105      
   6.00636411136092549392884477178460675        0.525456418005706632685900735905996462      
   6.00331544176843041023142776346039944        0.515239088816514538709488780883807656      
   6.00020752187616156346307088209681823        0.505416419144918566573194463961577111      
   5.99704038235803357229753751649326667        0.495966070944747795998216446682646383      
   5.99381405447243485470819869707232487        0.486867360862885627667999952755879921      
   5.99052857006191912029386962205940504        0.478101109812664860240581765309409225      
   5.98718396155289109712905490947631578        0.469649508664399726057183355321743260      
   5.98378026195528649624035168582478645        0.461495998073757366363198718998583963      
   5.98031750486224621686763192579367611        0.453625160741677781269077494184526292      
   5.97679572444978479572546658646317424        0.446022624630912776468073996900883091      
   5.97321495547645310353706347330165389        0.438674975860911692499070112518793473      
   5.96957523328299529216976787307028908        0.431569680170423959983923159329916281      
   5.96587659379199999575791923019996023        0.424695011980495615478428812089837558      
   5.96211907350754578925556796824169254        0.418039990213371562184441012357593797      
   5.95830270951484090791823340690288817        0.411594320128376386778144673281957231      
   5.95442753947985723126952603858930198        0.405348340526791428416090092800553799      
   5.95049360164895853516506464724037186        0.399292975756289105586501333252393519      
   5.94650093484852301562269031788266504        0.393419692013478222251808264044176382      
   5.94244957848456008814451473939440085        0.387720457502107654595130873777623822      
   5.93833957254232146631283878749209971        0.382187706055774671741707297604401395      
   5.93417095758590652349843863230015159        0.376814303878687429191509587105444012      
   5.92994377475786194157613998779574651        0.371593519097067845426890624696974819      
   5.92565806577877565059898605205917309        0.366518993847938159920951502637332297      
   5.92131387294686506343865062110650514        0.361584718661980410728106852949791678      
   5.91691123913755960945605423902653972        0.356785008923461936015905101662301413      
   5.91245020780307757132240751746524688        0.352114483213367406133629330877193530      
   5.90793082297199722916713136287364357        0.347568043362284155311343492843685636      
   5.90335312924882231628528823543477343        0.343140856057608697016670553542977127      
   5.89871717181354179069330117469531073        0.338828335865584062514994190443865276      
   5.89402299642118392687783760954210210        0.334626129542803208334526362469549793      
   5.88927064940136473213879237059682911        0.330530101524350213801114535340785518      
   5.88446017765783069198331828808872971        0.326536320486894523553138298725200563      
   5.87959162866799584908382273497097564        0.322641046894973952915582945062985949      
   5.87466505048247322036877391106963734        0.318840721447546924129288794151404186      
   5.86968049172460055687104100743376129        0.315131954349791499750251808116295251      
   5.86463800158996045101432708927452539        0.311511515342189714501524203059286802      
   5.85953762984589479607404203987473159        0.307976324425257706773388170108819916      
   5.85437942683101360260470466600707152        0.304523443223950150889795959558263033      
   5.84916344345469817668165752757201662        0.301150066940855809371361914529340340      
   5.84388973119659866486052467067193205        0.297853516851874793515103376867396677      
   5.83855834210612597081344066496751619        0.294631233302184512792258847126997887      
   5.83316932880193804865662862418388394        0.291480769164010570036633606626510918      
   5.82772274447142057803940467479759112        0.288399783721065271864648164351023872      
   5.82221864287016202612013608448221655        0.285386036947538989869262897676739108      
   5.81665707832142310161007942155203154        0.282437384152262779604473892015943348      
   5.81103810571560060612137314265365477        0.279551770961134903817384126761542716      
   5.80536178050968568811075535205151708        0.276727228613146185877851140525417867      
   5.79962815872671650476582159628202012        0.273961869547373352298030456538568380      
   5.79383729695522529723582890747618813        0.271253883260156938865641744235428086      
   5.78798925234867988466419034255509258        0.268601532413359803670920530594508792      
   5.78208408262491958253488843959621025        0.266003149176130606875522635239918104      
   5.77612184606558555090006578329365370        0.263457131783988747015276212139128069      
   5.77010260151554557811102569546917923        0.260961941300316538577500791937519584      
   5.76402640838231330572979540145480941        0.258516098566502801275288022844388730      
   5.75789332663546190035326732683005813        0.256118181328040172208278600524466121      
   5.75170341680603217813674090997853295        0.253766821524845895086795023054575046      
   5.74545673998593518785843693330971940        0.251460702734961142298025640672119259      
   5.73915335782734925842124833941551495        0.249198557761594762574304193682384286      
   5.73279333254211151674262526810984353        0.246979166354220614256661174067651569      
   5.72637672690110388203806708702031555        0.244801353055119540691211524974227569      
   5.71990360423363354255820995352977412        0.242663985163383149305112796291210427      
   5.71337402842680792089395440135403535        0.240565970808971895647216224348289460      
   5.70678806392490413401847305343203737        0.238506257129949080759606130430314796      
   5.70014577572873295428927328723310337        0.236483828546499336055586895199364945      
   5.69344722939499727768776298279140659        0.234497705125788691020116290575826494      
   5.68669249103564510562797883210438220        0.232546941032136738534891445328708592      
   5.67988162731721704672028554593561944        0.230630623057352756466947602094454772      
   5.67301470546018834492994012611629385        0.228747869226439653855242195828845696      
   5.66609179323830544062443764433726932        0.226897827474194771528426962185640191      
   5.65911295897791707105751314898839824        0.225079674388537136439860535456531768      
   5.65207827155729991689156787728696946        0.223292614016668795750043292432039825      
   5.64498780040597880141411634883601746        0.221535876730435203755846869744321959      
   5.63784161550404144915761362760068543        0.219808718147487997215488953715074592      
   5.63063978738144781068571853147087844        0.218110418105074415913182056484701340      
   5.62338238711733396036267831212828552        0.216440279683482511992492167454624104      
   5.61606948633931057397608279355157909        0.214797628276361426431472396049064060      
   5.60870115722275599313673061653532628        0.213181810705312564816629259214951961      
   5.60127747249010388343277656109518194        0.211592194376311546671544490440969458      
   5.59379850541012549336868638128798083        0.210028166475673310484924888298184009      
   5.58626432979720652117281366117388015        0.208489133203414624386782046597166255      
   5.57867502001061859661063136045679698        0.206974519042000298608434672377351756      
   5.57103065095378538499379843851749413        0.205483766058582370173833012985202601      
   5.56333129807354332062831870155402474        0.204016333238956119969602594311570476      
   5.55557703735939697699805428552087224        0.202571695851563617851144482986432262      
   5.54776794534276908103278944437033501        0.201149344839975151433007411679532243      
   5.53990409909624517886290103631764228        0.199748786242371910203497294566010614      
   5.53198557623281296051547976876098009        0.198369540636640157125463002097667271      
   5.52401245490509625105946035409604304        0.197011142609768274241760498444898346      
   5.51598481380458367575995872370512638        0.195673140250313930485301160015716509      
   5.50790273216085200685457982633766502        0.194355094662779569667834871672807372      
   5.49976628974078419961694978113334892        0.193056579502800805339219201549863375      
   5.49157556684778212542514074661312001        0.191777180532114460349080727147310786      
   5.48333064432097400960499528776649130        0.190516495192331200926433863960248809      
   5.47503160353441658187061875733672337        0.189274132196592263385479087989724313      
   5.46667852639629194723649273874623385        0.188049711138240910590446122943852066      
   5.45827149534809918532776941177289786        0.186842862115687220190913997250040831      
   5.44981059336384068606733528381041184        0.185653225372689814778798048752804661      
   5.44129590394920322977018256582164430        0.184480450953320396657842029218749224      
   5.43272751114073381972749705019878038        0.183324198370916633045191713774795207      
   5.42410549950501027541466215573662763        0.182184136290366223686143743134921864      
   5.41542995413780659450908933165117169        0.181059942223100031855278235144910578      
   5.40670096066325309195541474767239690        0.179951302234205119696813777969947954      
   5.39791860523299132436715063114385357        0.178857910661099537259204378142018165      
   5.38908297452532380810534623600928060        0.177779469843239898957815172477242564      
   5.38019415574435853942619773460384505        0.176715689862360259998046559491267328      
   5.37125223661914832514084780415210900        0.175666288292766688546966356721086885      
   5.36225730540282493228183382948147922        0.174630989961236319432747823086345191      
   5.35320945087172806532177795618650101        0.173609526716092666990387194764108857      
   5.34410876232452917954096219965058243        0.172601637205050656849928488837265561      
   5.33495532958135013919139694110526252        0.171607066661445291348402486311111102      
   5.32574924298287672915587091927751753        0.170625566698477167544693353407994807      
   5.31649059338946702885126475298011789        0.169656895111126291992613580064240134      
   5.30717947218025465717611760492310052        0.168700815685402849094065150222065868      
   5.29781597125224689735305731960271796        0.167757098014619842128441484769224406      
   5.28840018301941771056723773875165763        0.166825517322387895887135973794552285      
   5.27893220041179564735237241776696205        0.165905854292047041320540465083670090      
   5.26941211687454666572631113789297169        0.164997894902264046232509636653328488      
   5.25984002636705186512837393472083985        0.164101430268536859010640928163943011      
   5.25021602336198014526083634764558587        0.163216256490360038747629866403605406      
   5.24054020284435579898704874205005015        0.162342174503816696107545268359300531      
   5.23081266031062104848867137180272860        0.161478989939373503472210075379260252      
   5.22103349176769353393441484069522083        0.160626512984665786338159477514820513      
   5.21120279373201876396249229513320236        0.159784558252069614388188292077122833      
   5.20132066322861753732871454506196290        0.158952944650867201750740455456548266      
   5.19138719779012834512179187498926301        0.158131495263820831303977147530122171      
   5.18140249545584476299694608221126758        0.157320037227978965236185500801249813      
   5.17136665477074784292838277601390088        0.156518401619546219462349926120235122      
   5.16127977478453351403052670169533936        0.155726423342656487323103530766528528      
   5.15114195505063500204718132964378060        0.154943941021895721153640664365667892      
   5.14095329562524027715693768624708619        0.154170796898427740296174322465275505      
   5.13071389706630453979222591488089300        0.153406836729582951116577369226987026      
   5.12042386043255775421837585733316059        0.152651909691776057524176900090402438      
   5.11008328728250723966792955543386814        0.151905868286624727188156077497018698      
   5.09969227967343532887422850697650998        0.151168568250146775829298361649262492      
   5.08925094016039210389698128780470770        0.150439868464918755376085716926705445      
   5.07875937179518321918110229271342203        0.149719630875083896208088599606519459      
   5.06821767812535282183859937206415512        0.149007720404102173090625695708171411      
   5.05762596319316157919167657018978572        0.148304004875139851837262595905472276      
   5.04698433153455982366350752819307313        0.147608354934000241558549065696007559      
   5.03629288817815582515132492102692929        0.146920643974501537186086044883001396      
   5.02555173864417920106456108117032499        0.146240748066211599747472861711178154      
   5.01476098894343947425876424415444102        0.145568545884453297926369174021494057      
   5.00392074557627978914390316101458307        0.144903918642497633498224712737257333      
   4.99303111553152579629345968680612719        0.144246750025865304457294955437688335      
   4.98209220628542971592839390099026066        0.143596926128660631695472916095713575      
   4.97110412580060959069764887413648179        0.142954335391864896121316085258695996      
   4.96006698252498373822434189638294220        0.142318868543519110823390453761623177      
   4.94898088539070041393416535783732437        0.141690418540729094560421790581966345      
   4.93784594381306269472979305200442808        0.141068880513428425372317539535760815      
   4.92666226768944859412225599383055009        0.140454151709837442941699753817614957      
   4.91542996739822641947731543852695009        0.139846131443558941628975435219801896      
   4.90414915379766538208181919147645110        0.139244721042253558653289717155373118      
   4.89281993822484147078188004977799683        0.138649823797840119179344390766134117      
   4.88144243249453859999146184992620093        0.138061344918168357281329214493088994      
   4.87001674889814504291659865238592901        0.137479191480113493795816191608056456      
   4.85854300020254516088700561208750019        0.136903272384044123587884327112994611      
   4.84702129964900643973326560487385363        0.136333498309616750133551893117578185      
   4.83545176095206184419409324547599077        0.135769781672852108727844344165677565      
   4.82383449829838750138438708554138057        0.135212036584450145002512712854580240      
   4.81216962634567572440088106452628890        0.134660178809302166514112903553924249      
   4.80045726022150338718819724689576910        0.134114125727160265479866060675566899      
   4.78869751552219566183398306214226672        0.133573796294425623649003695579296844      
   4.77689050831168512950758721680663214        0.133039111007018758980712719385260979      
   4.76503635512036627630238871822297043        0.132509991864296161271686903731443841      
   4.75313517294394538528744258746279676        0.131986362333979092997019887411890369      
   4.74118707924228583611954339437271959        0.131468147318061605111754192149188091      
   4.72919219193824882361213327223313696        0.130955273119666037982630763843626546      
   4.71715062941652950670269411606845721        0.130447667410815447425693852899483653      
   4.70506251052248859930536379077772065        0.129945259201093517337243067055521414      
   4.69292795456097941458050292790810535        0.129447978807163595828412309742475361      
   4.68074708129517037419781182906171305        0.128955757823119523202357072275741104      
   4.66852001094536299421435567673023617        0.128468529091641909538336104341156678      
   4.65624686418780535923350023804274743        0.127986226675934468960932117351777133      
   4.64392776215350109655528909287056029        0.127508785832415928673990357454138246      
   4.63156282642701386207320668547832020        0.127036142984143905237955114177036013      
   4.61915217904526734971656875010112434        0.126568235694947979992924952526028951      
   4.60669594249634083628196245826756202        0.126105002644250011525521017892138098      
   4.59419423971826027354122254333142713        0.125646383602550497118169093835950329      
   4.58164719409778493955737624062758807        0.125192319407560538606188727643595639      
   4.56905492946918966118381870619503490        0.124742751940959682335391774808240928      
   4.55641757011304261976569121053960181        0.124297624105760589231137339476529570      
   4.54373524075497875210602641503411062        0.123856879804262150568893436462398544      
   4.53100806656446875880269799703897166        0.123420463916573299028873957376535546      
   4.51823617315358373210556536661126373        0.122988322279690374121396449537017761      
   4.50541968657575541548643778487347118        0.122560401667111487131763529804034167      
   4.49255873332453210715759542503672947        0.122136649768971894351244152675876995      
   4.47965344033233021981759738620723759        0.121717015172684929485160923680519602      
   4.46670393496918150894597795313035483        0.121301447344073567667075669747588156      
   4.45371034504147598201118206882228586        0.120889896608978195324591605058921798      
   4.44067279879070050099871862968241696        0.120482314135326643062529845251577965      
   4.42759142489217309070901540345245727        0.120078651915653003540543575838965104      
   4.41446635245377296531684168978262957        0.119678862750052203776020564703593123      
   4.40129771101466628572642387288380481        0.119282900229557732116654466790162304      
   4.38808563054402766029851433870810527        0.118890718719930334985129571662257291      
   4.37483024143975740156768542945056508        0.118502273345845898054882699957734733      
   4.36153167452719455161000677126721735        0.118117519975471111395440693330699563      
   4.34819006105782568876302602355616450        0.117736415205415888925015792667840032      
   4.33480553270798952844160944777643841        0.117358916346051869796936986486937675      
   4.32137822157757733083470926965083431        0.116984981407186673669881033750124582      
   4.30790826018872912830950920102080545        0.116614569084083913690453846728991997      
   4.29439578148452578539065728814667154        0.116247638743819290948261597385902992      
   4.28084091882767690422342605467696168        0.115884150411963402624185793259041845      
   4.26724380599920458847064330390235407        0.115524064759582193497345186221315171      
   4.25360457719712307863411253157530306        0.115167343090546267340605753079147334      
   4.23992336703511427183198927409065794        0.114813947329140551435047671157983404      
   4.22620031054119913910419847502512337        0.114463840007966074369105647646702469      
   4.21243554315640505335846769503365694        0.114116984256125874839629787869509578      
   4.19862920073342904110991131628131689        0.113773343787687307705004937812302339      
   4.18478141953529697120733140460967786        0.113432882890413253404285939221356823      
   4.17089233623401869377950119343866177        0.113095566414754968385776902293054282      
   4.15696208790923914267466684721386494        0.112761359763099537704165645548277502      
   4.14299081204688541470634185454128237        0.112430228879265106754270984096164779      
   4.12897864653780983905817569881410540        0.112102140238237277505830355972500899      
   4.11492572967642905024025396523485397        0.111777060836140255869405031441073596      
   4.10083220015935907802863037707629211        0.111454958180436531228522636970624080      
   4.08669819708404646785920202151648273        0.111135800280349056976512644885885478      
   4.07252385994739544518621683844568388        0.110819555637500082346314258887888184      
   4.05830932864439113735474691760621457        0.110506193236760961155817102027828849      
   4.04405474346671886657537189493794270        0.110195682537307432538235376702851331      
   4.02976024510137952762809337402811073        0.109887993463875032505486273468728504      
   4.01542597462930106396114344039529776        0.109583096398209453512497120069883239      
   4.00105207352394605588885760359084381        0.109280962170706822253234894839488273      
   3.98663868364991543463115451472614644        0.108981562052239013918322108977796759      
   3.97218594726154833597540118631425982        0.108684867746159264264872606038364170      
   3.95769400700151810737954280987189072        0.108390851380483479269700615659682952      
   3.94316300589942448237334024852768466        0.108099485500242776028255634607529020      
   3.92859308737038193615238550223561711        0.107810743060002918087631364618909075      
   3.91398439521360423629725552875885218        0.107524597416546433720388874470620602      
   3.89933707361098520258771738238373942        0.107241022321713326908086439256246815      
   3.88465126712567568991931233371688494        0.106959991915396408154717623253510456      
   3.86992712070065680836692308864242179        0.106681480718687385830409764854276371      
   3.85516477965730939447706606466818496        0.106405463627169968688943838771140623      
   3.84036438969397974790764954193303431        0.106131915904356336637905232956359828      
   3.82552609688454164757079801891911579        0.105860813175263439891531572419039841      
   3.81065004767695466147106290562404823        0.105592131420125686422755232500437634      
   3.79573638889181876446791941718918671        0.105325846968240674267112256777452490      
   3.78078526772092527822788882772403292        0.105061936491944718827267417836036331      
   3.76579683172580414766792374767243248        0.104800377000715015988826499511485242      
   3.75077122883626756822785144028187716        0.104541145835395369687764803040045516      
   3.73570860734894997834568603670443768        0.104284220662542497665210559957569490      
   3.72060911592584443154549448951489817        0.104029579468890011600780927558073761      
   3.70547290359283536258323286691668733        0.103777200555927247721909794491047250      
   3.69030011973822776213155878196126698        0.103527062534590201430946152908575246      
   3.67509091411127277452007202148071591        0.103279144320061894558276872601821849      
   3.65984543682068973308273843828596851        0.103033425126679576619231862901393280      
   3.64456383833318464769941154908818509        0.102789884462946232002940196072028626      
   3.62924626947196515915338169254921663        0.102548502126643933427606283209652288      
   3.61389288141525197496175370127100715        0.102309258200046648331072185252905637      
   3.59850382569478680137018048422947289        0.102072133045230169197567033064413126      
   3.58307925419433678623806135940988751        0.101837107299476901218200592564336328      
   3.56761931914819548757475007890320494        0.101604161870773301208562690127662541      
   3.55212417313968038252160791060566488        0.101373277933397820423913042518409556      
   3.53659396909962693160888154349479414        0.101144436923597260880792329195578988      
   3.52102886030487921315038363024211381        0.100917620535349510071185875629077991      
   3.50542900037677714267280513611940623        0.100692810716210672597268156408987903      
   3.48979454327964029231019299266222429        0.100469989663244669314885030427860372      
   3.47412564331924832512768352572313585        0.100249139819033425103998914395144023      
   3.45842245514131805937199140918437936        0.100030243867765815434185244751076465      
   3.44268513372997717767941515796894286         9.98132847314035895110015416744394843E-0002
   3.42691383440623459630523308881540749         9.95982455659225340210169948381892977E-0002
   3.41110871282644750947132791775405095         9.93851097576271863842096563608830088E-0002
   3.39526992498078512396169340399599786         9.91738609195374500154475380910732932E-0002
   3.37939762719168909912814236715041326         9.89644828878455064334860514919005005E-0002
   3.36349197611233070750105167591747322         9.87569597184414601764918825654885987E-0002
   3.34755312872506473123234611074463695         9.85512756835061924262907339888486677E-0002
   3.33158124233988010963013902093821950         9.83474152681699380467287357840688014E-0002
   3.31557647459284735307651311043233337         9.81453631672351384408286177944721470E-0002
   3.29953898344456273865183917936027287         9.79451042819621592616536661634321142E-0002
   3.28346892717858930282079390576615193         9.77466237169164976066018440317907244E-0002
   3.26736646439989464656684945974658485         9.75499067768761379167164452390879193E-0002
   3.25123175403328556839346758902857937         9.73549389637977494228793696348075030E-0002
   3.23506495532183954064153848997468677         9.71617059738404506597352883613985522E-0002
   3.21886622782533304460375997226561780         9.69701936944458983351320079615934227E-0002
   3.20263573141866677994765483155486134         9.67803882014734887260107488640786305E-0002
   3.18637362629028776398977365623807249         9.65922757563894897983373274801032361E-0002
   3.17008007294060833639432620766189550         9.64058428035089514452052829546877584E-0002
   3.15375523218042208490002672465617808         9.62210759672892696291491440542002121E-0002
   3.13739926512931670770932671177086698         9.60379620496743078266076778323815140E-0002
   3.12101233321408382820444267611503808         9.58564880274880060281749105655617410E-0002
   3.10459459816712577768466558183387167         9.56766410498764336707773141664673044E-0002
   3.08814622202485936184936319714955171         9.54984084357972682894586312536054775E-0002
   3.07166736712611662678085572119204279         9.53217776715557063985404606458281243E-0002
   3.05515819611054264021095880274556337         9.51467364083858371653460091744035911E-0002
   3.03861887191699030388444600826066138         9.49732724600765328445290428111131873E-0002
   3.02204955778191221286198467129217958         9.48013738006409327167810544096353667E-0002
   3.00545041723774957763424457072235315         9.46310285620286194411000369533613277E-0002
   2.98882161411131822494786775306137068         9.44622250318796083030818480483274801E-0002
   2.97216331252219169327281974867649691         9.42949516513192908404345321663508755E-0002
   2.95547567688108143886931714842577590         9.41291970127934947681394814240363997E-0002
   2.93875887188821416844104372285551169         9.39649498579428420258613663329571067E-0002
   2.92201306253170631438972669940877197         9.38021990755156061452792988347679186E-0002
   2.90523841408593566871434618408888329         9.36409336993182890003989308587803541E-0002
   2.88843509210991019162629374439121613         9.34811429062031553745376909518098501E-0002
   2.87160326244563401097968058328498341         9.33228160140919816680033353689065943E-0002
   2.85474309121647062864372125438653307         9.31659424800352924944980160898194124E-0002
   2.83785474482550334997168522257692185         9.30105118983063758855191507145256014E-0002
   2.82093838995389295254831549011063996         9.28565139985293843536074101839841253E-0002
   2.80399419355923261042486071524406346         9.27039386438408451699087821441763001E-0002
   2.78702232287390009007795447966255593         9.25527758290839189014686797572670693E-0002
   2.77002294540340723435550234516414752         9.24030156790347605408710970462793664E-0002
   2.75299622892474675069950381340688742         9.22546484466603524568106825120684451E-0002
   2.73594234148473631996234200087207814         9.21076645114071929101150929737018235E-0002
   2.71886145139836004215951850194901708         9.19620543775202380264451567351593081E-0002
   2.70175372724710723552809427521067309         9.18178086723915089048804174889993500E-0002
   2.68461933787730860528621919211751977         9.16749181449377889810113150428549056E-0002
   2.66745845239846979851509287574704662         9.15333736640068498638559320512914597E-0002
   2.65027124018160236161049737348455356         9.13931662168116566374444303408005191E-0002
   2.63305787085755211677667779731176445         9.12542869073920160695199577471498793E-0002
   2.61581851431532497406082007538057544         9.11167269551031433104591278969338972E-0002
   2.59855334070041019545168513755165571         9.09804776931306345039121163393478945E-0002
   2.58126252041310112759110595571026039         9.08455305670313442752308379141129622E-0002
   2.56394622410681341967203762875294012         9.07118771332996783226661614164480966E-0002
   2.54660462268640074312167089558900568         9.05795090579588223174965015911007124E-0002
   2.52923788730646802969277583235440484         9.04484181151764390303856636348748645E-0002
   2.51184618936968224461093479894461639         9.03185961859043760498111040506572130E-0002
   2.49442970052508071144965170320809374         9.01900352565419366515843874000004880E-0002
   2.47698859266637700542948810859507162         9.00627274176222763233164624950554145E-0002
   2.45952303793026443186137538424469581         8.99366648625214971509647790144577704E-0002
   2.44203320869471710647808574855914371         8.98118398861900217429378112358924969E-0002
   2.42451927757728865442151345302821274         8.96882448839058376070297188242911462E-0002
   2.40698141743340854467692025883422475         8.95658723500492119129283721233617617E-0002
   2.38941980135467607676863654262085906         8.94447148768984853742149152736338620E-0002
   2.37183460266715203655488059942204731         8.93247651534465625745058814744872561E-0002
   2.35422599492964803798236376142773612         8.92060159642377244483611188899650461E-0002
   2.33659415193201356768418759396145682         8.90884601882243968143075322651662087E-0002
   2.31893924769342074932721143935218471         8.89720907976435168501639229766910756E-0002
   2.30126145646064684463757373153625936         8.88569008569121472049941312860169049E-0002
   2.28356095270635450805538857710739298         8.87428835215419950625114215321288368E-0002
   2.26583791112736981199180987167636180         8.86300320370725009125076424300953933E-0002
   2.24809250664295805968365847499014837         8.85183397380221690546456863084306904E-0002
   2.23032491439309740266264348712991218         8.84078000468578189573556987694741127E-0002
   2.21253530973675027987787623575045739         8.82984064729814435281042097144799155E-0002
   2.19472386825013269553187498689065403         8.81901526117343671243222268773314363E-0002
   2.17689076572498135271158941718416376         8.80830321434184027510202573945860255E-0002
   2.15903617816681865991713632280423070         8.79770388323337143557015543260275370E-0002
   2.14116028179321562761193168132041306         8.78721665258330964476091989973175528E-0002
   2.12326325303205267193872881963034820         8.77684091533923894404943714974357836E-0002
   2.10534526851977834276672786872504319         8.76657607256967551497491693901453624E-0002
   2.08740650509966599325540770039115469         8.75642153337425427695782480086960395E-0002
   2.06944713982006840814104793985949376         8.74637671479544814174571077057758091E-0002
   2.05146734993267040797205523136095190         8.73644104173179409649090548525688130E-0002
   2.03346731289073944653918450171056138         8.72661394685260083789990809062547339E-0002
   2.01544720634737421876655232324674614         8.71689487051411321811688367707809381E-0002
   1.99740720815375129634897542622536532         8.70728326067710928923094383867342285E-0002
   1.97934749635736980844063275830786484         8.69777857282590624783869295522247238E-0002
   1.96126824920029418471934404297476414         8.68838026988875208425124428257148864E-0002
   1.94316964511739497816988135911024175         8.67908782215958023300163250673652400E-0002
   1.92505186273458778494868266189887135         8.66990070722110500256934293506227412E-0002
   1.90691508086707027871111720349908545         8.66081840986923603297083687869928270E-0002
   1.88875947851755737680106230534843731         8.65184042203879049033823389928173593E-0002
   1.87058523487451455572098869874497509         8.64296624273048215808515955955479449E-0002
   1.85239252931038933331901750456382147         8.63419537793916702499453740540774393E-0002
   1.83418154137984093514750568633163337         8.62552734058332540180627537669129152E-0002
   1.81595245081796816246563830481600923         8.61696165043576101987517992350571015E-0002
   1.79770543753853547937625494991407250         8.60849783405549797844636735171367496E-0002
   1.77944068163219733660471415176854570         8.60013542472085681128599820933979670E-0002
   1.76115836336472074944500320422836064         8.59187396236369133903231686490763023E-0002
   1.74285866317520614741553149823743791         8.58371299350476836091280984312075159E-0002
   1.72454176167430651318410299041999328         8.57565207119027261861914914199012200E-0002
   1.70620783964244482833844765468269162         8.56769075492941983634824856239179111E-0002
   1.68785707802802984359540251543272584         8.55982861063316100450562690916576190E-0002
   1.66948965794567019105836997508800131         8.55206521055396143052150367907243044E-0002
   1.65110576067438685614904446271657120         8.54440013322663842884073454722425965E-0002
   1.63270556765582402685558778338781992         8.53683296341024186359998196608773802E-0002
   1.61428926049245833795544877936537339         8.52936329203096209197978481077745777E-0002
   1.59585702094580652788686386655741199         8.52199071612605018389117358835641770E-0002
   1.57740903093463152595874152632016075         8.51471483878873561469740340542985477E-0002
   1.55894547253314698760412575916266334         8.50753526911412694224810311228039465E-0002
   1.54046652796922029539775069022645892         8.50045162214608128777828008313692928E-0002
   1.52197237962257404357334080543797916         8.49346351882502874235667160481756891E-0002
   1.50346321002298602379127854250622502         8.48657058593673811671139364891266741E-0002
   1.48493920184848772992205301474276566         8.47977245606201074256632300103428482E-0002
   1.46640053792356139962552036202381254         8.47306876752728931823600929002077087E-0002
   1.44784740121733561052044745783392652         8.46645916435616907029334241243563034E-0002
   1.42927997484177944875307631169869014         8.45994329622179877678234109445562912E-0002
   1.41069844204989526778753635163356994         8.45352081840015946583447635439595947E-0002
   1.39210298623391005525484571244717896         8.44719139172420886679375005728275140E-0002
   1.37349379092346542571098055551413960         8.44095468253887994919291597381632666E-0002
   1.35487103978380625716805316838836880         8.43481036265692213827720762579604041E-0002
   1.33623491661396798927602500451297059         8.42875810931557404436611097457401408E-0002
   1.31758560534496260104558979218954937         8.42279760513405678729850557933416063E-0002
   1.29892329003796328601589423753035792         8.41692853807187723663942437390850993E-0002
   1.28024815488248784278361953970686495         8.41115060138793072335247721689648580E-0002
   1.26156038419458079882262580154750056         8.40546349360039300937265444562085727E-0002
   1.24286016241499428553586332929027085         8.39986691844739152805914077115548053E-0002
   1.22414767410736768249357964867382911         8.39436058484844613097373037261831136E-0002
   1.20542310395640604882399869891223658         8.38894420686666979492175563539339371E-0002
   1.18668663676605735973461898155193618         8.38361750367171995781102326720766737E-0002
   1.16793845745768856615407031961206992         8.37838019950349136272964580217025352E-0002
   1.14917875106826049549608420737033790         8.37323202363654149681314036863607875E-0002
   1.13040770274850161155857038803753810         8.36817271034523991505980672165808001E-0002
   1.11162549776108065158205217247965568         8.36320199886963293935411455015865497E-0002
   1.09283232147877815850279499596648648         8.35831963338201541966146563467809115E-0002
   1.07402835938265692644686669227560453         8.35352536295420143775306862457989472E-0002
   1.05521379706023137752209383774199779         8.34881894152548602399363116561094166E-0002
   1.03638882020363588797542617615703882         8.34420012787129014476209109897930654E-0002
   1.01755361460779208179359047468433055         8.33966868557248140205978432425907858E-0002
  0.998708366168575109835106078833279054         8.33522438298536306787259907361401198E-0002
  0.979853260880978932591746830433723487         8.33086699321232425397337422675928172E-0002
  0.960988484837280624687367787668278016         8.32659629407314419315595645693354572E-0002
  0.942114224225203719231670243487847649         8.32241206807694378045919579782528089E-0002
  0.923230665326080610155954782868519353         8.31831410239477769284240420001321182E-0002
  0.904337994513014030667209456838061405         8.31430218883286057308656161471292612E-0002
  0.885436398249037625965998490246492243         8.31037612380642092848947303894259784E-0002
  0.866526063085275638382556190883469929         8.30653570831417655726835649790531979E-0002
  0.847607175659101723094250801528613015         8.30278074791342547554877412879670196E-0002
  0.828679922692296912596163847401041341         8.29911105269574647547184703470738781E-0002
  0.809744490989206748104931994562213250         8.29552643726330360035844504165922572E-0002
  0.790801067434897596084220467202502158         8.29202672070574897609436679974248278E-0002
  0.771849838993312168088239592258763973         8.28861172657771858900804220407339577E-0002
  0.752890992705424262127578969090974220         8.28528128287691574956442204494973913E-0002
  0.733924715687392743769317022386871479         8.28203522202277712825673744245115420E-0002
  0.714951195128714785190867212233853596         8.27887338083571639520186388176707546E-0002
  0.695970618290378380414345872340351347         8.27579560051694063819417961069449940E-0002
  0.676983172503014154955390453422694219         8.27280172662883487540508776024489052E-0002
  0.657989045165046488127320793291575557         8.26989160907591011858778659888918964E-0002
  0.638988423740843966248319849444287025         8.26706510208631058061545659454334672E-0002
  0.619981495758869185005914047041409589         8.26432206419387575750087655736898722E-0002
  0.600968448809827919239456949843641585         8.26166235822075324977076321366521500E-0002
  0.581949470544817678407563290607922316         8.25908585126055832125214924617116442E-0002
  0.562924748673475666013503438972985776         8.25659241466207632502332653848137500E-0002
  0.543894470962126161267451079163025995         8.25418192401350425653991941679179397E-0002
  0.524858825231927341270179158844569807         8.25185425912722782281836537758627564E-0002
  0.505817999357017562008320997906582630         8.24960930402513054409455879001710576E-0002
  0.486772181262661116456654757299094879         8.24744694692443153062401826304762809E-0002
  0.467721558923393488088030210644641452         8.24536708022404870230033220063419384E-0002
  0.448666320361166118096536884195092532         8.24336960049148434258880827303153380E-0002
  0.429606653643490704644312084692266305         8.24145440845023000094954442602684465E-0002
  0.410542746881583052447006072435280928         8.23962140896768787950527631159921841E-0002
  0.391474788228506491017359612775991363         8.23787051104360596024047101463503920E-0002
  0.372402965877314879890606309554894081         8.23620162779902424854479559261620231E-0002
  0.353327468059195219159488446637109170         8.23461467646572962748131617570878539E-0002
  0.334248483041609883650570498479766928         8.23310957837621693481208819801719721E-0002
  0.315166199126438499077248979111981474         8.23168625895415399159519848762054106E-0002
  0.296080804648119478508390844375868864         8.23034464770534842712136621405511610E-0002
  0.276992487971791237494885209887142403         8.22908467820921426012800985569446440E-0002
  0.257901437491433106199564663838303779         8.22790628811073631065692981251646194E-0002
  0.238807841628005956878942908184897565         8.22680941911293063065073340679291804E-0002
  0.219711888827592565068024824410992816         8.22579401696979925445476011640424333E-0002
  0.200613767559537722822073303236813190         8.22486003147977768284711903353756396E-0002
  0.181513666314588122371664275369518591         8.22400741647967362610076902147335987E-0002
  0.162411773603032028549627308555693816         8.22323612983909564292929061995019287E-0002
  0.143308277952838758350553872407320794         8.22254613345537042302276970155615723E-0002
  0.124203367907797985985458896166389124         8.22193739324894757128242681703490626E-0002
  0.105097232025658891795903536959867074         8.22140987915929086185243365948701365E-0002
   8.59900588762691733934281201780808596E-0002   8.22096356514125503966469111846547743E-0002
   6.68820370397139373915039941762988822E-0002   8.22059842916194735649693669167238897E-0002
   4.77733551044544900983915451308597123E-0002   8.22031445319807313753596114686465784E-0002
   2.86642016654670455402888329462565375E-0002   8.22011162323376478317534874054703570E-0002
   9.55476532238136918497122576604847156E-0003   8.21998992925889371930028126177073407E-0002
  -9.55476532238062426324297916444776399E-0003   8.21994936526786491765971954696068563E-0002
  -2.86642016654663006259126630653818588E-0002   8.21998992925889371613776011156561659E-0002
  -4.77733551044537451987194561294080204E-0002   8.22011162323376477685015037255910764E-0002
  -6.68820370397131925138878450896251413E-0002   8.22031445319807312804777340714572028E-0002
  -8.59900588762684285452195523583174193E-0002   8.22059842916194734384529130231392160E-0002
 -0.105097232025658146984453901518191481         8.22096356514125502384896362120336413E-0002
 -0.124203367907797241218119181418156511         8.22140987915929084287184334048820278E-0002
 -0.143308277952838013634674631320777018         8.22193739324894754913603661284910682E-0002
 -0.162411773603031283892558586204985052         8.22254613345537039770948608621151810E-0002
 -0.181513666314587377780755536392713891         8.22323612983909561444786347316762352E-0002
 -0.200613767559536978304673359299655584         8.22400741647967359444979147796991858E-0002
 -0.219711888827591820631481761677094964         8.22486003147977764802502731338512083E-0002
 -0.238807841628005212530604014793097901         8.22579401696979921645983333640530742E-0002
 -0.257901437491432361946776357387898935         8.22680941911293058948109337283126193E-0002
 -0.276992487971790493344992964931710993         8.22790628811073626631054079283591078E-0002
 -0.296080804648118734468739119926403405         8.22908467820921421260267833505483048E-0002
 -0.315166199126437755155181146150043159         8.23034464770534837641474062871001907E-0002
 -0.334248483041609139853428767481378376         8.23168625895415393770476894105742098E-0002
 -0.353327468059194475494613795108101308         8.23310957837621687773518615739551920E-0002
 -0.372402965877314136365338409578421960         8.23461467646572956721511414892800048E-0002
 -0.391474788228505747639036758572933586         8.23620162779902418508630678594061972E-0002
 -0.410542746881582309222965107938238692         8.23787051104360589358654897079832735E-0002
 -0.429606653643489961581888331133875277         8.23962140896768780965261452830676571E-0002
 -0.448666320361165375203064067711363919         8.24145440845022992789467595476970675E-0002
 -0.467721558923392745370840389894045955         8.24336960049148426632810529812117062E-0002
 -0.486772181262660373923078251098103669         8.24536708022404862283000559836260986E-0002
 -0.505817999357016819665686312882379776         8.24744694692443144794011714087296251E-0002
 -0.524858825231926599125812917105650519         8.24960930402513045819297000567001153E-0002
 -0.543894470962125419328677945988394832         8.25185425912722773369481303798783172E-0002
 -0.562924748673474924287646050520667114         8.25418192401350416418996435666891655E-0002
 -0.581949470544816936901942181643497497         8.25659241466207622944236577856094829E-0002
 -0.600968448809827177961390481489526319         8.25908585126055822243541543082931502E-0002
 -0.619981495758868443962718334547584472         8.26166235822075314771332402790330631E-0002
 -0.638988423740843225447308689981192150         8.26432206419387565219763412298299466E-0002
 -0.657989045165045747575805593765889978         8.26706510208631047206114684534833913E-0002
 -0.676983172503013414660680158316694681         8.26989160907591000677697863485567343E-0002
 -0.695970618290377640383746891575585295         8.27280172662883476033218318039865138E-0002
 -0.714951195128714045431683349059821837         8.27579560051694051985341182462655690E-0002
 -0.733924715687392004288849401295439141         8.27887338083571627358729739959513686E-0002
 -0.752890992705423522933125963757219539         8.28203522202277700336226714306876373E-0002
 -0.771849838993311429187096753508976036         8.28528128287691562138377242239403309E-0002
 -0.790801067434896857483680451010040411         8.28861172657771845753476659183702973E-0002
 -0.809744490989206009812284490071936151         8.29202672070574884132184657284986333E-0002
 -0.828679922692296174618695504983018871         8.29552643726330346227988879632173395E-0002
 -0.847607175659100985439245160861827749         8.29911105269574633408028974536672147E-0002
 -0.866526063085274901057293609070222059         8.30278074791342533083707628235982417E-0002
 -0.885436398249036888977756069958213620         8.30653570831417640922920320496883362E-0002
 -0.904337994513013294023260974493249955         8.31037612380642077711537312179858747E-0002
 -0.923230665326079873863570616843503191         8.31430218883286041836984667192243679E-0002
 -0.942114224225202983298117302361084048         8.31831410239477753477522764732764900E-0002
 -0.960988484837279889119909438498901590         8.32241206807694361903353188522994219E-0002
 -0.979853260880978197397642827075043923         8.32659629407314402836359926158145783E-0002
 -0.998708366168574375021612490281942548         8.33086699321232408580593662155725517E-0002
  -1.01755361460779134736795961346584752         8.33522438298536289632151167121661929E-0002
  -1.03638882020363515394490652674838768         8.33966868557248122711629439621981644E-0002
  -1.05521379706023064389392998503200894         8.34420012787128996641726146980178356E-0002
  -1.07402835938265619322829925006383252         8.34881894152548584223833908143632701E-0002
  -1.09283232147877742570106053550127531         8.35352536295420125257800459624020919E-0002
  -1.11162549776107991920438315103610187         8.35831963338201523105713225483812936E-0002
  -1.13040770274850087961219507753605659         8.36320199886963274731082528426243889E-0002
  -1.14917875106825976398822662303653742         8.36817271034523971956768467238875991E-0002
  -1.16793845745768783509195014867863868         8.37323202363654129786211701359107774E-0002
  -1.18668663676605662912545151200324371         8.37838019950349116030945970444618524E-0002
  -1.20542310395640531867499474827235355         8.38361750367171975191121875858228590E-0002
  -1.22414767410736695281194549283867058         8.38894420686666958553168147178426692E-0002
  -1.24286016241499355632880063140456188         8.39436058484844591808253836149037406E-0002
  -1.26156038419458007009733154092726851         8.39986691844739131165578437054185472E-0002
  -1.28024815488248711454728594080815948         8.40546349360039278944588733441347406E-0002
  -1.29892329003796255827570869896489819         8.41115060138793049989085183605502673E-0002
  -1.31758560534496187380873481578800259         8.41692853807187700963129043822806168E-0002
  -1.33623491661396726254967812443655811         8.42279760513405655673200855940364982E-0002
  -1.35487103978380553095938688028950156         8.42875810931557381022919054854907625E-0002
  -1.37349379092346470002716224574678223         8.43481036265692190055759610060138153E-0002
  -1.39210298623390933010303758732763902         8.44095468253887970787813667538386401E-0002
  -1.41069844204989454317489536675241436         8.44719139172420862187111568942292082E-0002
  -1.42927997484177872468675410128448081         8.45352081840015921729108732589052234E-0002
  -1.44784740121733488700759026416948246         8.45994329622179852460508381395101804E-0002
  -1.46640053792356067667326896491567711         8.46645916435616881446888755070647942E-0002
  -1.48493920184848700753754266104459707         8.47306876752728905875081000916369420E-0002
  -1.50346321002298530198163887569678926         8.47977245606201047940661315014213940E-0002
  -1.52197237962257332234569579525444759         8.48657058593673784986318592576961120E-0002
  -1.54046652796921957475921856235370242         8.49346351882502847180575568314501727E-0002
  -1.55894547253314626756181892497923873         8.50045162214608101351022070491021388E-0002
  -1.57740903093463080651976651270168264         8.50753526911412666424823814462527652E-0002
  -1.59585702094580580905832124573800039         8.51471483878873533295084186159737078E-0002
  -1.61428926049245761974443309885787250         8.52199071612604989838279361226346827E-0002
  -1.63270556765582330926918749596347977         8.52936329203096180269423162458939234E-0002
  -1.65110576067438613919434185644487916         8.53683296341024157052166578030775013E-0002
  -1.66948965794566947474244110343735858         8.54440013322663813195382843274272849E-0002
  -1.68785707802802912792531712743265564         8.55206521055396112980994140061747148E-0002
  -1.70620783964244411332126912514827164         8.55982861063316069995310071958410834E-0002
  -1.72454176167430579882688825023919719         8.56769075492941952793820695717671423E-0002
  -1.74285866317520543372533096472207712         8.57565207119027230633479457346049331E-0002
  -1.76115836336472003642886071152931061         8.58371299350476804473709639364241083E-0002
  -1.77944068163219662426966688135594712         8.59187396236369101894794787853508508E-0002
  -1.79770543753853476772933336112319205         8.60013542472085648727542388124278395E-0002
  -1.81595245081796745151386606545944341         8.60849783405549765049178227473944363E-0002
  -1.83418154137984022489789960337854241         8.61696165043576068795852059121380006E-0002
  -1.85239252931038862377858745488687839         8.62552734058332506590921764218330975E-0002
  -1.87058523487451384689673755993571044         8.63419537793916668509849389526000565E-0002
  -1.88875947851755666869998588660166416         8.64296624273048181417127704214673381E-0002
  -1.90691508086706957134020417656708678         8.65184042203879014238739060679777519E-0002
  -1.92505186273458707831491449211603311         8.66081840986923568096363978206623652E-0002
  -1.94316964511739427228023223648880669         8.66990070722110464648612497106841907E-0002
  -1.96126824920029347958078081337239220         8.67908782215957987282244975656225192E-0002
  -1.97934749635736910406011485466767739         8.68838026988875171995587310094476287E-0002
  -1.99740720815375059273345479988915253         8.69777857282590587940662704939536002E-0002
  -2.01544720634737351592297337534201225         8.70728326067710891664139129639860225E-0002
  -2.03346731289073874447448401461209102         8.71689487051411284134876394274644425E-0002
  -2.05146734993266970669316230022756662         8.72661394685260045693184888870775989E-0002
  -2.06944713982006770765488390424668171         8.73644104173179371130123969017396594E-0002
  -2.08740650509966529356888607594024181         8.74637671479544775231247322210460942E-0002
  -2.10534526851977764388675427892958641         8.75642153337425388325874906416025733E-0002
  -2.12326325303205197387220092768041949         8.76657607256967511698743200831156150E-0002
  -2.14116028179321493036573912202544790         8.77684091533923854175066409482157201E-0002
  -2.15903617816681796349816063459511353         8.78721665258330923812766845409739148E-0002
  -2.17689076572498065712670397419522260         8.79770388323337102457892052245644303E-0002
  -2.19472386825013200078794493112223220         8.80830321434183985972898395239987789E-0002
  -2.21253530973674958598175840931273547         8.81901526117343629265322868016984093E-0002
  -2.23032491439309670962118636456864028         8.82984064729814392860100381364658500E-0002
  -2.24809250664295736750370209569497106         8.84078000468578146707092933463863490E-0002
  -2.26583791112736912068018577237238986         8.85183397380221647231957138227314106E-0002
  -2.28356095270635381761891972443069329         8.86300320370724965359994003030299452E-0002
  -2.30126145646064615508307445469392894         8.87428835215419906406867986688809631E-0002
  -2.31893924769342006066148736286767221         8.88569008569121427375915682405469142E-0002
  -2.33659415193201287991403557050579742         8.89720907976435123369183714241517143E-0002
  -2.35422599492964735111457180473735813         8.90884601882243922549504137695243144E-0002
  -2.37183460266715135059622781730381726         8.92060159642377198426202829541832396E-0002
  -2.38941980135467539172589307004502467         8.93247651534465579221055628603400249E-0002
  -2.40698141743340786055684719111591755         8.94447148768984806748756905779459245E-0002
  -2.42451927757728797123086277909816364         8.95658723500492071663671155971628292E-0002
  -2.44203320869471642422360028432428130         8.96882448839058328129595574210806198E-0002
  -2.45952303793026375054978870603927302         8.98118398861900169010680788748998618E-0002
  -2.47698859266637632506752448672298788         8.99366648625214922610009700444691023E-0002
  -2.49442970052508003204402603557706007         9.00627274176222713849601843440533998E-0002
  -2.51184618936968156616835254479282524         9.01900352565419316645333123955345429E-0002
  -2.52923788730646735221993294607035293         9.03185961859043710137589203955212284E-0002
  -2.54660462268640006662525376062513156         9.04484181151764339450220255223230618E-0002
  -2.56394622410681274415872299163371093         9.05795090579588171825069784434760642E-0002
  -2.58126252041310045306756086013538677         9.07118771332996731377321862307334631E-0002
  -2.59855334070040952192456685859506132         9.08455305670313390400296546975408033E-0002
  -2.61581851431532430153677605378577425         9.09804776931306292181167266178225292E-0002
  -2.63305787085755144526234557388431069         9.11167269551031379737382362786268731E-0002
  -2.65027124018160169111250452358218873         9.12542869073920106815379165232271971E-0002
  -2.66745845239846912904005694386820947         9.13931662168116511978611831048281957E-0002
  -2.68461933787730793684074762658884991         9.15333736640068443723269563184425737E-0002
  -2.70175372724710656811878436297417023         9.16749181449377834371875638496087017E-0002
  -2.71886145139835937579295730344947429         9.18178086723915033084082599535778159E-0002
  -2.73594234148473565464510628504546032         9.19620543775202323769663175584911749E-0002
  -2.75299622892474608643815999277027798         9.21076645114071872072665908602370029E-0002
  -2.77002294540340657115660641100790108         9.22546484466603467002247674892859362E-0002
  -2.78702232287389942794805193734531956         9.24030156790347547301751866612408664E-0002
  -2.80399419355923194937048651959127116         9.25527758290839130362852941280635081E-0002
  -2.82093838995389229257599398091715725         9.27039386438408392498554778435982003E-0002
  -2.83785474482550269108793006021443742         9.28565139985293783782967129322151207E-0002
  -2.85474309121646997085503535551636622         9.30105118983063698545584868571149981E-0002
  -2.87160326244563335429255605667692280         9.31659424800352864074896428366301449E-0002
  -2.88843509210990953604721182684902033         9.33228160140919755245442697691624595E-0002
  -2.90523841408593501424977717648309732         9.34811429062031491742196375797773247E-0002
  -2.92201306253170566104612990281746400         9.36409336993182827428082081840167161E-0002
  -2.93875887188821351622486737481358602         9.38021990755155998299967642502478441E-0002
  -2.95547567688108078778699835928346268         9.39649498579428356524623398137535146E-0002
  -2.97216331252219104333078443806768107         9.41291970127934883361936677885790174E-0002
  -2.98882161411131757615253058648235101         9.42949516513192843495059419116150507E-0002
  -3.00545041723774892999200889622169020         9.44622250318796017527287167296180889E-0002
  -3.02204955778191156637924245627223472         9.46310285620286128308747430786496659E-0002
  -3.03861887191698965856757777639145309         9.48013738006409260462300358176810072E-0002
  -3.05515819611054199606633357099158347         9.49732724600765261131927115018584588E-0002
  -3.07166736712611598381483093695262138         9.51467364083858303727586645593614928E-0002
  -3.08814622202485872006828467551342616         9.53217776715556995442302011854000918E-0002
  -3.10459459816712513709486744294854460         9.54984084357972613729472644474558410E-0002
  -3.12101233321408318881224728267157822         9.56766410498764266915802648622534191E-0002
  -3.13739926512931606952104460660473464         9.58564880274879989858011275504652566E-0002
  -3.15375523218042144792195656846471802         9.60379620496743007205595386710108674E-0002
  -3.17008007294060770063275471683910087         9.62210759672892624589223581355342127E-0002
  -3.18637362629028712945097554082722604         9.64058428035089442102887927098056261E-0002
  -3.20263573141866614663789273331968917         9.65922757563894824982132077314956721E-0002
  -3.21886622782533241252928440288053293         9.67803882014734813601541042663571613E-0002
  -3.23506495532183890980858776933477051         9.69701936944458909030108684924119326E-0002
  -3.25123175403328493880826778367987898         9.71617059738404431608105028203671191E-0002
  -3.26736646439989401823561432143735037         9.73549389637977418566044971071186758E-0002
  -3.28346892717858867574972481011961885         9.75499067768761302825376444794827120E-0002
  -3.29953898344456211284712506466958143         9.77466237169164899039577607233704653E-0002
  -3.31557647459284672854433041657821441         9.79451042819621514899753180046675635E-0002
  -3.33158124233987948637665162843001685         9.81453631672351305995392773665742974E-0002
  -3.34755312872506410926370527988530421         9.83474152681699301352438111496652653E-0002
  -3.36349197611233008682339598609310969         9.85512756835061844440176469716528855E-0002
  -3.37939762719168847974759765624497487         9.87569597184414521228299446593581293E-0002
  -3.39526992498078450588437270793173629         9.89644828878454983078263373463500402E-0002
  -3.41110871282644689270333141015832768         9.91738609195374418171727565189416819E-0002
  -3.42691383440623398085264802081444084         9.93851097576271781126940188124446078E-0002
  -3.44268513372997656354831579810909208         9.95982455659225256756260812845527582E-0002
  -3.45842245514131744656843898348157273         9.98132847314035810910921638415852605E-0002
  -3.47412564331924771365772615784101142        0.100030243867765806939105306644350108      
  -3.48979454327963968217986564421959564        0.100249139819033416533087270052442982      
  -3.50542900037677653388812954712762334        0.100469989663244660667471338838124399      
  -3.52102886030487860571736825967292497        0.100692810716210663872672733530930250      
  -3.53659396909962632553352150997927659        0.100917620535349501268719543443368629      
  -3.55212417313967977780988493326482709        0.101144436923597251999756261721916622      
  -3.56761931914819488423263241831083786        0.101373277933397811463598608727089271      
  -3.58307925419433618427150375868823141        0.101604161870773292168251293673362704      
  -3.59850382569478620078512411027831800        0.101837107299476892097163508267907726      
  -3.61389288141525137576412608613076591        0.102072133045230159995065240066453644      
  -3.62924626947196456134909667489858485        0.102309258200046639046356196760844565      
  -3.64456383833318405129436921587693140        0.102548502126643924059915972757945091      
  -3.65984543682068913808282506650346683        0.102789884462946222551504620212876328      
  -3.67509091411127218093116002006076130        0.103033425126679567083269080241145352      
  -3.69030011973822716995950663382377548        0.103279144320061884936993759095898671      
  -3.70547290359283477183388507114683359        0.103527062534590191723538213325349829      
  -3.72060911592584384222468150368026561        0.103777200555927237927560969952657079      
  -3.73570860734894939045922421931076050        0.104029579468890001718663399063586759      
  -3.75077122883626698178154299336792500        0.104284220662542487694484547791302438      
  -3.76579683172580356266755665954462555        0.104541145835395359627578361965125728      
  -3.78078526772092469467923681583132647        0.104800377000715005838315309645952619      
  -3.79573638889181818237674187113881720        0.105061936491944708585554571105902781      
  -3.81065004767695408084310483033868131        0.105325846968240663933308038838163324      
  -3.82552609688454106841178997793596382        0.105592131420125675995956900015112712      
  -3.84036438969397917022330760084551235        0.105860813175263429370823125578709474      
  -3.85516477965730881827309173471064599        0.106131915904356326022357183124143916      
  -3.86992712070065623364900327041854938        0.106405463627169957977612971128950937      
  -3.88465126712567511669311926107227296        0.106681480718687375022338895927142380      
  -3.89933707361098463085890856642323930        0.106959991915396397248935353183039731      
  -3.91398439521360366607147370200921887        0.107241022321713315903606898691022515      
  -3.92859308737038136743525856295401957        0.107524597416546422616211465937512407      
  -3.94316300589942391517048120515662246        0.107810743060002906882740498235319656      
  -3.95769400700151754169654972564106219        0.108099485500242764721620457990517052      
  -3.97218594726154777181785712398994528        0.108390851380483467860274737883686445      
  -3.98663868364991487200462748150862373        0.108684867746159252751593815488892200      
  -4.00105207352394549479890049616041560        0.108981562052239002300112084943957880      
  -4.01542597462930050441329399010743237        0.109280962170706810528998912683573412      
  -4.02976024510137896962787409225828054        0.109583096398209441681123749807416292      
  -4.04405474346671831012829001857665265        0.109887993463875020565847071587431364      
  -4.05830932864439058246629435470481260        0.110195682537307420489184571043837385      
  -4.07252385994739489186187011401343459        0.110506193236760948996191269547031877      
  -4.08669819708404591610442222346947908        0.110819555637500070074931996110247459      
  -4.10083220015935852784886310233872513        0.111135800280349044592174230859135237      
  -4.11492572967642850164092926599316740        0.111454958180436518730009688519668291      
  -4.12897864653780929204470802892457453        0.111777060836140243255480150517859398      
  -4.14299081204688486928413001609153711        0.112102140238237264775236768890027272      
  -4.15696208790923859884909393723889553        0.112430228879265093905732172428769954      
  -4.17089233623401815155593455079182647        0.112761359763099524736384968473629372      
  -4.18478141953529643059112255698922713        0.113095566414754955297437210144315887      
  -4.19862920073342850210639592741298726        0.113432882890413240194049178010803817      
  -4.21243554315640451597296551200981060        0.113773343787687294371511744480220633      
  -4.22620031054119860334201327580100516        0.114116984256125861381499076004492175      
  -4.23992336703511373769840881513823881        0.114463840007966060784934183415480245      
  -4.25360457719712254613440849569526476        0.114813947329140537723409639174659934      
  -4.26724380599920405761007124819470039        0.115167343090546253500052311935145576      
  -4.28084091882767637500722535867080000        0.115524064759582179526404013388477565      
  -4.29439578148452525782405110208964870        0.115884150411963388521360619069139403      
  -4.30790826018872860239770439432872232        0.116247638743819276712031727780291283      
  -4.32137822157757680658289637951794851        0.116614569084083899319273674462291777      
  -4.33480553270798900585496262794695574        0.116984981407186659162179537721582366      
  -4.34819006105782516784670299325743378        0.117358916346051855151117218862530583      
  -4.36153167452719403236914876430511863        0.117736415205415874139454353445204923      
  -4.37483024143975688400741714346761423        0.118117519975471096468487191987583407      
  -4.38808563054402714442394388460474960        0.118502273345845882984859203812853523      
  -4.40129771101466577154264272440343653        0.118890718719930319770330040565208345      
  -4.41446635245377245282892463326079642        0.119282900229557716755344173744332306      
  -4.42759142489217257992202048773076322        0.119678862750052188266435502012827735      
  -4.44067279879069999191768711618762918        0.120078651915652987880889846355095574      
  -4.45371034504147547464113838181111406        0.120482314135326627250983038285711231      
  -4.46670393496918100329192963010041830        0.120889896608978179359296156504676701      
  -4.47965344033232971588453502847468529        0.121301447344073551546144205949174238      
  -4.49255873332453160495049264848102465        0.121717015172684913206673588562686253      
  -4.50541968657575491501025117084981129        0.122136649768971877913247917636281245      
  -4.51823617315358323336523441303111550        0.122560401667111470532271485851462508      
  -4.53100806656446826180314506961923442        0.122988322279690357358387081141121286      
  -4.54373524075497825685215669871533782        0.123420463916573282100290397476269923      
  -4.55641757011304212626239266107381832        0.123856879804262133472642702061173340      
  -4.56905492946918916943596200190358162        0.124297624105760571965089547232129408      
  -4.58164719409778444956981473432949681        0.124742751940959664897379336004856842      
  -4.59419423971825978531879221444278265        0.125192319407560520994005521911757055      
  -4.60669594249634034982948186507234194        0.125646383602550479329569620963748070      
  -4.61915217904526686503883898219397222        0.126105002644249993558219527047831940      
  -4.63156282642701337917501131637972939        0.126568235694947961844594548187902799      
  -4.64392776215350061544139413281493773        0.127036142984143886906226838041160080      
  -4.65624686418780487990865408693980885        0.127508785832415910156452245564470288      
  -4.66852001094536251668328907730022644        0.127986226675934450255128231669746562      
  -4.68074708129516989846523782014487703        0.128468529091641890641765537943468496      
  -4.69292795456097894065111679794890141        0.128955757823119504112472927339570467      
  -4.70506251052248812718384303148421597        0.129447978807163576542620647446433248      
  -4.71715062941652903639369837624737876        0.129945259201093497852901828492714460      
  -4.72919219193824835512030431180101559        0.130447667410815427740111750065595075      
  -4.74118707924228536944950503854359029        0.130955273119666018093066139728157935      
  -4.75313517294394492044380068111291576        0.131468147318061585015413848921754728      
  -4.76503635512036581328973108043298136        0.131986362333979072691057881657685306      
  -4.77689050831168466833048359558164953        0.132509991864296140753203307650612593      
  -4.78869751552219520249698508931030375        0.133039111007018738246752346829875030      
  -4.80045726022150292969583839318496869        0.133573796294425602696554791758811006      
  -4.81216962634567526875767659482140103        0.134114125727160244305858954316997422      
  -4.82383449829838704759483401431991662        0.134660178809302145115418620256414821      
  -4.83545176095206139226267029242451160        0.135212036584450123375941548329429985      
  -4.84702129964900598966443315068480818        0.135769781672852086870144396002194585      
  -4.85854300020254471268520565443707299        0.136333498309616728041407549662193631      
  -4.87001674889814459658625476209331650        0.136903272384044101257914711993809927      
  -4.88144243249453815553697912729475022        0.137479191480113471224573562379294131      
  -4.89281993822484102820764508111864529        0.138061344918168334465297313813648029      
  -4.90414915379766494139220000581389281        0.138649823797840096114936748463491252      
  -4.91542996739822598067666146448895281        0.139244721042253535336847901460284933      
  -4.92666226768944815721489801672084497        0.139846131443558918056767251388507716      
  -4.93784594381306225972004317105961422        0.140454151709837419109917388286371100      
  -4.94898088539069998082631694366818509        0.141068880513428401277075647677387981      
  -4.96006698252498330702266954860061512        0.141690418540729070197755526055506564      
  -4.97110412580060916140640837916388100        0.142318868543519086189253437363993959      
  -4.98209220628542928855182219005918553        0.142954335391864871211578311101222637      
  -4.99303111553152537083577479414046301        0.143596926128660606505918592838407839      
  -5.00392074557627936560930418220000335        0.144246750025865278983620280219926453      
  -5.01476098894343905265143129469503360        0.144903918642497607736035575344861301      
  -5.02555173864417878138865525523253487        0.145568545884453271871178788726916214      
  -5.03629288817815540741098825037124036        0.146240748066211573394699324115275929      
  -5.04698433153455940786286294129382783        0.146920643974501510531049810973508493      
  -5.05762596319316116533482785154354783        0.147608354934000214596470350218989420      
  -5.06821767812535240992963112168700626        0.148304004875139824563258687021496075      
  -5.07875937179518280922407988582761644        0.149007720404102145499708182774325133      
  -5.08925094016039169589595083471505570        0.149719630875083868295160510788443668      
  -5.09969227967343492283321681313690312        0.150439868464918727135938563201118817      
  -5.11008328728250683559094408170433815        0.151168568250146747256609083606687171      
  -5.12042386043255735210940468042785420        0.151905868286624698277483891196165201      
  -5.13071389706630413965523768800736714        0.152651909691776028269960038049536978      
  -5.14095329562523987899588159993730175        0.153406836729582921513129712463133248      
  -5.15114195505063460586598707277719152        0.154170796898427710337681919308842128      
  -5.16127977478453311983310442271443918        0.154943941021895690834158131585533645      
  -5.17136665477074745071862304433264570        0.155726423342656456636550332338244244      
  -5.18140249545584437277871984981672458        0.156518401619546188402506524757248042      
  -5.19138719779012795689895043823687493        0.157320037227978933796689377145330303      
  -5.20132066322861715110508950666480842        0.158131495263820799478318681661843891      
  -5.21120279373201837974189552634562442        0.158952944650867169532258665139062668      
  -5.22103349176769315172063844369119877        0.159784558252069581770066421885869776      
  -5.23081266031062066828548764224935627        0.160626512984665753313420432731456211      
  -5.24054020284435542079821013187650365        0.161478989939373470033711694239162728      
  -5.25021602336197976909007542800793598        0.162342174503816662247975425937653054      
  -5.25984002636705149097940335916308438        0.163216256490360004459501403104351149      
  -5.26941211687454629360282360570464132        0.164101430268536824286286395437859481      
  -5.27893220041179527725804063753766874        0.164997894902264011064075852215041810      
  -5.28840018301941734250571439212294753        0.165905854292047005699982869521505050      
  -5.29781597125224653132797502521757184        0.166825517322387859806212780070490483      
  -5.30717947218025429319108888257346281        0.167757098014619805578707611687662530      
  -5.31649059338946666690988198795277581        0.168700815685402812066865930504149298      
  -5.32574924298287636926170632689871687        0.169656895111126254479078233197860913      
  -5.33495532958134978134800253148437448        0.170625566698477129535728212950515558      
  -5.34410876232452882375186974262320740        0.171607066661445252834683970800862514      
  -5.35320945087172771159049894645732599        0.172601637205050617821895804919072934      
  -5.36225730540282458061185945196723317        0.173609526716092627438234760551641014      
  -5.37125223661914797553564889952498597        0.174630989961236279346417399167908508      
  -5.38019415574435819188922476503570543        0.175666288292766647916138871563416078      
  -5.38908297452532346264002925111698117        0.176715689862360218812133615305574213      
  -5.39791860523299098097689923413604594        0.177779469843239857205950216880745431      
  -5.40670096066325275064361806169811411        0.178857910661099494930233526173718681      
  -5.41542995413780625527911596635056047        0.179951302234205076779286268198647545      
  -5.42410549950500993826986017399412128        0.181059942223099988337436502737279998      
  -5.43272751114073348467119393509907666        0.182184136290366179555913091828520910      
  -5.44129590394920289680568518780878734        0.183324198370916588290169567721708778      
  -5.44981059336384035519792986805031692        0.184480450953320351265286744626126375      
  -5.45827149534809885655672150571963496        0.185653225372689768735617264142910215      
  -5.46667852639629162056704717991239663        0.186842862115687173483652499990022971      
  -5.47503160353441625730599964126818319        0.188049711138240863205273208449485541      
  -5.48333064432097368714840593622188841        0.189274132196592215308175386682766861      
  -5.49157556684778180507976367594836302        0.190516495192331152142377609650169499      
  -5.49976628974078388138594667089146312        0.191777180532114410843233439009030703      
  -5.50790273216085169074109148804429684        0.193056579502800755096110750273317818      
  -5.51598481380458336176710506986999608        0.194355094662779518671547898660605606      
  -5.52401245490509593919034036742067060        0.195673140250313878719454816694413786      
  -5.53198557623281265077317147155297639        0.197011142609768221689493470825237973      
  -5.53990409909624487125046146011187203        0.198369540636640103769415783660806414      
  -5.54776794534276877555325459975725052        0.199748786242371856025793668356664216      
  -5.55557703735939667365443913218231140        0.201149344839975096415235100142852755      
  -5.56333129807354301942361711850677907        0.202571695851563561974334921582107491      
  -5.57103065095378508593098319456493125        0.204016333238956063214209782263961891      
  -5.57867502001061829969265408484883244        0.205483766058582312519711391669242904      
  -5.58626432979720622640260481447558757        0.206974519042000240034815978782113337      
  -5.59379850541012520074915522645712926        0.208489133203414564872251086037062857      
  -5.60127747249010359296681113476898545        0.210028166475673250007394167038855005      
  -5.60870115722275570482719770052668920        0.211592194376311485208227645154791266      
  -5.61606948633931028782582788655511441        0.213181810705312502344013216159941765      
  -5.62338238711733367637452560163639366        0.214797628276361362925288188553096294      
  -5.63063978738144752886247086590015679        0.216440279683482447427684335660829988      
  -5.63784161550404116950205248862894534        0.218110418105074350263876548348008003      
  -5.64498780040597852392900182395018431        0.219808718147487930454959440906112727      
  -5.65207827155729964157963863254212945        0.221535876730435135856479386384844506      
  -5.65911295897791679792148640197827601        0.223292614016668726683299098422237195      
  -5.66609179323830516966700913737638302        0.225079674388537066176237099522754976      
  -5.67301470546018807615378409963406650        0.226897827474194700037416952637236780      
  -5.67988162731721678012805471208271007        0.228747869226439581105290359321454181      
  -5.68669249103564484122230434857148244        0.230630623057352682425405402406464239      
  -5.69344722939499701547125442684078020        0.232546941032136663167969325215319479      
  -5.70014577572873269426451862994311043        0.234497705125788614292833410113841551      
  -5.70678806392490387618803863415490516        0.236483828546499257931718189612485138      
  -5.71337402842680766526038490238712319        0.238506257129949001201626519120055100      
  -5.71990360423363328912402837500059256        0.240565970808971814616241790673560663      
  -5.72637672690110363080577472198552484        0.242663985163383066760838744456331442      
  -5.73279333254211126771470167786850641        0.244801353055119456591846706108393876      
  -5.73915335782734901160015132903682870        0.246979166354220528558858958106956820      
  -5.74545673998593494324660252737546673        0.249198557761594675233089446886174648      
  -5.75170341680603193573658332854050984        0.251460702734961053266717550394836787      
  -5.75789332663546166016717896158268961        0.253766821524845804316925491615349034      
  -5.76402640838231306776014679212321307        0.256118181328040079649505908518050922      
  -5.77010260151554534236016550641289655        0.258516098566502706875305438850829837      
  -5.77612184606558531737032078032627824        0.260961941300316442281939780128232356      
  -5.78208408262491935122856346702114899        0.263457131783988648767603861537567445      
  -5.78798925234867965558356830041768246        0.266003149176130506616932904146629617      
  -5.79383729695522507038317072903239878        0.268601532413359701340218866674364724      
  -5.79962815872671628014336622568394773        0.271253883260156834399122604705866242      
  -5.80536178050968546572071972224991674        0.273961869547373245629347213475944677      
  -5.81103810571560038596595215351770227        0.276727228613146076937877813170049732      
  -5.81665707832142288369144591820655198        0.279551770961134792534068335457635652      
  -5.82221864287016181044044083586257531        0.282437384152262665902680376631006903      
  -5.82772274447142036460077635242247692        0.285386036947538873670606886514825132      
  -5.83316932880193783746117378114617723        0.288399783721065153087317817154493437      
  -5.83855834210612576186324371514346557        0.291480769164010448595200686634547329      
  -5.84388973119659845815764786814882435        0.294631233302184388597476701632289697      
  -5.84916344345469797222814094629456482        0.297853516851874666473691222505697513      
  -5.85437942683101340040256617964271007        0.301150066940855679385774331772395061      
  -5.85953762984589459612527730189801471        0.304523443223950017857976399569639416      
  -5.86463800158996025332090951327083491        0.307976324425257570588505165148103505      
  -5.86968049172460036143492174762250883        0.311511515342189575051688847721079893      
  -5.87466505048247302719188184304716586        0.315131954349791356918214941438597256      
  -5.87959162866799565816806443667333125        0.318840721447546777792116160404876159      
  -5.88446017765783050333057802097450488        0.322641046894973802944306442001628418      
  -5.88927064940136454575093206105026992        0.326536320486894369812381234152434760      
  -5.89402299642118374275669683049663888        0.330530101524350056148688603646321352      
  -5.89871717181354160884069712747772172        0.334626129542803046620997819612365080      
  -5.90335312924882213670301573183013861        0.338828335865583896583216445601105640      
  -5.90793082297199705185696280741127655        0.343140856057608526701280104774930134      
  -5.91245020780307739628609288992577985        0.347568043362283980438215808586874923      
  -5.91691123913755943669532107717032622        0.352114483213367226519290914218386600      
  -5.92131387294686489295520400362352406        0.356785008923461751466897564816796536      
  -5.92565806577877548239450858174058635        0.361584718661980221040298369007400391      
  -5.92994377475786177565229177492729234        0.366518993847937964878790483341011314      
  -5.93417095758590635985685727827752357        0.371593519097067644802595888565250507      
  -5.93833957254232130495513936865848334        0.376814303878687222744190622083608345      
  -5.94244957848455992907228979110032102        0.382187706055774459216407475585808589      
  -5.94650093484852285883750981876830532        0.387720457502107435721785627930747242      
  -5.95049360164895838066847600374052213        0.393419692013477996744109278944469591      
  -5.95442753947985707906305406966107674        0.399292975756288873140656704868333220      
  -5.95830270951484075800338032897638209        0.405348340526791188709469169957553883      
  -5.96211907350754564163381338039371031        0.411594320128376139467794870319199635      
  -5.96587659379199985043072009955097015        0.418039990213371306905462256070160495      
  -5.96957523328299514913855852040474673        0.424695011980495351842189421432399046      
  -5.97321495547645296280325555891183546        0.431569680170423687576098814420076130      
  -5.97679572444978465729044909621665724        0.438674975860911410877485103620316400      
  -5.98031750486224608073277115742461240        0.446022624630912485160321098932326476      
  -5.98378026195528636240699123544909316        0.453625160741677479769889521942828860      
  -5.98718396155289096559851565833092420        0.461495998073757054131541003930594691      
  -5.99052857006191899106744972346569788        0.469649508664399402513031951930776062      
  -5.99381405447243472778717356362388499        0.478101109812664524761347030714829692      
  -5.99704038235803344768315980746806982        0.486867360862885279584549109782312846      
  -6.00020752187616144115657049109399309        0.495966070944747434590441673749486764      
  -6.00331544176843029023401180626167362        0.505416419144918191065064753266774808      
  -6.00636411136092537624169757444056187        0.515239088816514148263514025519072258      
  -6.00935350056450861895917525226192037        0.525456418005706226396924947901441546      
  -6.01228357987511544426470124184353040        0.536092568297909682924925417705193127      
  -6.01515432037404597734131473682096745        0.547173714769748712580375665343977990      
  -6.01796569372825045856965071958973422        0.558728260190208864654713960680674124      
  -6.02071767219060887929055247475136565        0.570787077161071073475973623542579605      
  -6.02341022860020483467759153530242619        0.583383782542737772895812822358762972      
  -6.02604333638259359101667776867181619        0.596555049301763469439556236542305809      
  -6.02861696955006436474704377599373679        0.610340961871995148762752764904672618      
  -6.03113110270189681067501535643273391        0.624785422281590818616217797416262248      
  -6.03358571102461171682913291512727906        0.639936615713261233665776702734397011      
  -6.03598077029221590348236680431098741        0.655847545898548856639409404318734836      
  -6.03831625686644132392437211808108584        0.672576652880458429199177361504513217      
  -6.04059214769697836462395484754610156        0.690188528317556551973514772282446191      
  -6.04280842032170334247917097989773195        0.708754746783331705557060984487424706      
  -6.04496505286690019690975252728417132        0.728354835615448684749482915984917249      
  -6.04706202404747637460384903395844203        0.749077411024876326316740958536244770      
  -6.04909931316717290478838926756118588        0.771021514694862441279093072534347387      
  -6.05107690011876866294970498688566268        0.794298193397905356374614348979379685      
  -6.05299476538427882098841632816847094        0.819032374790908820578776937872467099      
  -6.05485289003514748184995589875588113        0.845365106267464905117527514575694296      
  -6.05665125573243449672950554461947279        0.873456241580594759735030102551638244      
  -6.05838984472699646300753540015196009        0.903487683318471532952932915963378233      
  -6.06006863985966190112956866829545047        0.935667320196370994918516376110122983      
  -6.06168762456140060870124704949115708        0.970233839302390375919503027168099616      
  -6.06324678285348719012724027216887059         1.00746264886141147621286251460159002      
  -6.06474609934765876018002820832518240         1.04767322246241644070927679720577812      
  -6.06618555924626681994208501781731291         1.09123827934263405665936200761659355      
  -6.06756514834242330362251108681340457         1.13859535952842151367621789667872910      
  -6.06888485302014079480668964172716123         1.19026155583275199801229873426875052      
  -6.07014466025446691075509026211611145         1.24685245499484339669880838667116015      
  -6.07134455761161285342490051648902246         1.30910676116167749750613501624382375      
  -6.07248453324907612594573903566518928         1.37791869520579039119944459599532355      
  -6.07356457591575741333828795104304059         1.45438119381566176333604657390170339      
  -6.07458467495207162632227919153092711         1.53984435532389085109005826380453142      
  -6.07554482029005310711787708451421652         1.63599580272094072846100095069423135      
  -6.07644500245345499620211847451269915         1.74497319187438280381301523899336947      
  -6.07728521255784275903970058944676829         1.86952493755639163322556649077032555      
  -6.07806544231068187186504557990486950         2.01324512071470175541273894427844486      
  -6.07878568401141966565021846261753473         2.18092584937904605792725561695106520      
  -6.07944593055156132745093154653443989         2.37910181642565482787679380879484097      
  -6.08004617541474005838053273942545268         2.61692159200045796294120096789085877      
  -6.08058641267678138751954685566102808         2.90759977755775946334201146756451073      
  -6.08106663700576164112601760257490236         3.27095827542792244509324410186633197      
  -6.08148684366206056656958274430883454         3.73814578944307518659137460936803094      
  -6.08184702849840811046990545895918272         4.36107682618852939426358500435062770      
  -6.08214718795992535057778054780628869         5.23319749775590773886572572801174071      
  -6.08238731908415958099493435497730279         6.54140002862597168894936006302397725      
  -6.08256741950111355038624144259348884         8.72176627631711605260063581039136633      
  -6.08268748743326885289578867076723495         13.0825418139793566176107281324964072      
  -6.08274752169560347153592778419112190         26.1649545085521350754856537424735622      
