   9.81024967590665397665361524559557438         1.39698551279306328452555237778017581E-0030
   9.81020126430478238599785193480758503         1.39821328231658855233645826780861231E-0030
   9.81005602997697057994881706548826813         1.40190301423858739579774381894056762E-0030
   9.80981397435662274053889907452058163         1.40807403417012253305955740679426797E-0030
   9.80947509983273011879403179191724706         1.41675873731943962369733608072871514E-0030
   9.80903940974984745635452160043434837         1.42800286962196089793750303268563624E-0030
   9.80850690840805997606999881896628908         1.44186592604979739241203858923144535E-0030
   9.80787760106294094189428281111598639         1.45842167091523329615285605836939386E-0030
   9.80715149392549978849902752285812723         1.47775878648419513000782069908683501E-0030
   9.80632859416212082111808722169186334         1.49998165781499221705537695269239989E-0030
   9.80540890989449248622761022551913984         1.52521130345997479709338120120310373E-0030
   9.80439245019952721375993045414190364         1.55358646354089186875995241146509186E-0030
   9.80327922510927183164238179126120869         1.58526485876318815795375198294096127E-0030
   9.80206924561080855354520759176662008         1.62042463620426171023774107048435163E-0030
   9.80076252364614654081577628958584481         1.65926602023394965842793898258867745E-0030
   9.79935907211210403966934303716834176         1.70201318974526632424185607471633191E-0030
   9.79785890486018109479961572064446291         1.74891640603852157007203312407474821E-0030
   9.79626203669642284066539062677929835         1.80025441926803953457879607214311528E-0030
   9.79456848338127337180251757108682500         1.85633718539139594926914891536141029E-0030
   9.79277826162942019360343551306688357         1.91750893012934619838987978048450366E-0030
   9.79089138910962925509948666678767112         1.98415160163428421200926853073563181E-0030
   9.78890788444457056537416894541343767         2.05668875947275365216312734877314455E-0030
   9.78682776721063439532842233937371380         2.13558995426470635148827998669641313E-0030
   9.78465105793773806661196360244830489         2.22137566001772321268410456967278703E-0030
   9.78237777810912332962758449103075997         2.31462282999743040036898009604102391E-0030
   9.78000795016114433260821085233771140         2.41597115705872482905057917801352919E-0030
   9.77754159748304618385938217064438832         2.52613013092675849062894086614480111E-0030
   9.77497874441673410935265284023389705         2.64588699819494187827474804432400294E-0030
   9.77231941625653320794823652333996881         2.77611574607049155062582023705556767E-0030
   9.76956363924893880661801255484304927         2.91778724846170375118355017144614134E-0030
   9.76671144059235741813278755697274420         3.07198073323273435678027526439846581E-0030
   9.76376284843683830377045531113213956         3.23989675277988167762639322160402969E-0030
   9.76071789188379564369442258478712724         3.42287186700863741949720115929208071E-0030
   9.75757660098572131774436711400205063         3.62239527889783274824836817756651547E-0030
   9.75433900674588829947406538175465795         3.84012769880992856049077636367483000E-0030
   9.75100514111804466636367129399905575         4.07792275534540019116098052909138006E-0030
   9.74757503700609822922644142521129279         4.33785131878215111610805120921983117E-0030
   9.74404872826379178392248726878023995         4.62222915908780409129725568985200400E-0030
   9.74042624969436898858468897132200193         4.93364842543445650739669763997444880E-0030
   9.73670763705023086965442744032843184         5.27501350959852181957439799664278655E-0030
   9.73289292703258296011728157835048243         5.64958194337565652647597487592725806E-0030
   9.72898215729107307342129380132740605         6.06101108228082744431801567316532548E-0030
   9.72497536642341971665282903119596579         6.51341144680786958157004214969039396E-0030
   9.72087259397503114663743910138170138         7.01140773130517554613752175873299375E-0030
   9.71667388043861507272549506636677912         7.56020865252254910635134870217635042E-0030
   9.71237926725377901011466335178369324         8.16568699915916620444387257364855565E-0030
   9.70798879680662128765357710830438706         8.83447146509364664056591561465432180E-0030
   9.70350251242931271416329063025908907         9.57405210808291147058944829170436551E-0030
   9.69892045839966890740530135809145061         1.03929015793009766805732237486623606E-0029
   9.69424267994071328991707989249233898         1.13006146251217052391532226940579924E-0029
   9.68946922322023075602816269781265416         1.23080687804848850514963527685306676E-0029
   9.68460013535031201446193385400492693         1.34276096642479045955975356954619236E-0029
   9.67963546438688861102025042117427276         1.46732648644555146104080370345268505E-0029
   9.67457525932925863594004980055001655         1.60609910813246618184097885429817556E-0029
   9.66941957011960312060301600247694060         1.76089599968300033781714807856540980E-0029
   9.66416844764249312837127405847347487         1.93378892845972020554273366506770753E-0029
   9.65882194372438754441392703357303276         2.12714262892104236959088980307458439E-0029
   9.65338011113312156948104730057895525         2.34365932220628215948348367848354282E-0029
   9.64784300357738592267348202352173167         2.58643042798112913683617260379820947E-0029
   9.64221067570619675834853125799071001         2.85899669371252024607769366323781122E-0029
   9.63648318310835630239320480609490728         3.16541818525453602849108642069850601E-0029
   9.63066058231190421318836005906220967         3.51035584205470947760548845257715180E-0029
   9.62474293078355967267856661689720648         3.89916660830527611492743117586540551E-0029
   9.61873028692815421305403358858686697         4.33801451741427986974055974683899131E-0029
   9.61262271008805528464237124509991015         4.83400054260606905644444695303193164E-0029
   9.60642026054258057069933921843580633         5.39531454492442122923801757447187319E-0029
   9.60012299950740305487905781135421531         6.03141326782416579570695747777437098E-0029
   9.59373098913394684725542630282034435         6.75322906467558586832366643906220289E-0029
   9.58724429250877377485770150286492049         7.57341492571157146600054314534552841E-0029
   9.58066297365296074277434032727929679         8.50663242298764441923061042351741419E-0029
   9.57398709752146787197030092772802866         9.56989045054105731436658796779269263E-0029
   9.56721673000249742005402702743390215         1.07829441441210669469572828366432174E-0028
   9.56035193791684349132130867814338925         1.21687651714236242567380757840141815E-0028
   9.55339278901723254249411877279089352         1.37540967512206286701671126575836350E-0028
   9.54633935198765469066336742294117358         1.55701093626881578520103894568876313E-0028
   9.53919169644268583003529484411946675         1.76531762350568843699856382524392157E-0028
   9.53194989292680056417193678959076235         2.00457914722455399381717047168731553E-0028
   9.52461401291367596050674393871848136         2.27976582008409914918319749795770460E-0028
   9.51718412880548613400701708506593812         2.59669795949628504327552551172811892E-0028
   9.50966031393218766694533258790877601         2.96219922257788402910843375891145922E-0028
   9.50204264255079587183257645548022500         3.38427891474553520068856758740984650E-0028
   9.49433118984465190465557972642859086         3.87234897587073797917181106799486659E-0028
   9.48652603192268073565265161567012468         4.43748251281697193231782446547169774E-0028
   9.47862724581863998495053930080824248         5.09272215802681061209169423581986669E-0028
   9.47063490949035963047650335500442284         5.85344824413123034738908966343271364E-0028
   9.46254910181897259564928479178312969         6.73781885980866066277925318718637508E-0028
   9.45436990260813622444275258761065433         7.76729637254177550161992563620115724E-0028
   9.44609739258324465150595850081495672         8.96727806783533358964704860851870590E-0028
   9.43773165339063207511318812285920230         1.03678522825087909278360385683219277E-0027
   9.42927276759676694080738249324267873         1.20047059500025896012441749410437635E-0027
   9.42072081868743704369001239623388178         1.39202150102997045233489750145459786E-0027
   9.41207589106692555740011675086174619         1.61647558900085162926531598734086789E-0027
   9.40333807005717799791476642049769599         1.87982845050731552239139402113596506E-0027
   9.39450744189696013039268442113162441         2.18922393191613283209895677479499272E-0027
   9.38558409374100682737214201504985105         2.55318373239164152425786204852690925E-0027
   9.37656811365916188672355665683407854         2.98188469099393558277356606344427174E-0027
   9.36745959063550881784644132999838568         3.48749401081819002432442459351491784E-0027
   9.35825861456749260468949459456582940         4.08457493898472298761128608740196668E-0027
   9.34896527626503245426167577868351938         4.79057820956820435416868107965257328E-0027
   9.33957966744962553939107931204717133         5.62643798322338220808694443350327369E-0027
   9.33010188075344174457730533735934465         6.61729523222073790920612556345685343E-0027
   9.32053200971840942387181957103919651         7.79337670876744609923331504838578701E-0027
   9.31087014879529217980950303955666597         9.19106402864117102443628535935634270E-0027
   9.30111639334275667250321091757155768         1.08541952880141735902839934921749750E-0026
   9.29127083962643146810168836388854159         1.28356513653609560131336167259444750E-0026
   9.28133358481795693589962911735012448         1.51992910860801607955123015614321920E-0026
   9.27130472699402620347700880433528611         1.80223142972786990708992989136545483E-0026
   9.26118436513541717933307855057044794         2.13981503024544836617626026953638862E-0026
   9.25097259912601565256856471146395005         2.54399918991730669973216082789646955E-0026
   9.24066952975182947925768646703943446         3.02851235189895831147295151031348777E-0026
   9.23027525869999386523957380059235673         3.61002270266143352195429503130220133E-0026
   9.21978988855776775514654312619107568         4.30878922683567167704719900393350836E-0026
   9.20921352281152133757446568180165333         5.14946135621881290361917429985875626E-0026
   9.19854626584571467638814389580125976         6.16206206151269604134141807357592052E-0026
   9.18778822294186747824219239959223628         7.38319761231729483474513831064360518E-0026
   9.17693950027752000648540233354339178         8.85754766740290772452774742931844357E-0026
   9.16600020492518515170394921415545040         1.06397023702567748280599236385771922E-0025
   9.15497044485129166924608503475227846         1.27964293634910175532602212698822606E-0025
   9.14385032891511859415813359871626833         1.54094739157034445123698394125000576E-0025
   9.13263996686772084404868347290026915         1.85790207017641847654528488417551288E-0025
   9.12133946935084602048484453996054650         2.24279774834650260397621507819416781E-0025
   9.10994894789584241961130106359126186         2.71072806281951269559993929481965187E-0025
   9.09846851492255826276965560265900440         3.28024721283014605108144948736776289E-0025
   9.08689828373823215798221316273593715         3.97418601278942088795532893758477299E-0025
   9.07523836853637480325090280126179360         4.82066531893343327589437553079611874E-0025
   9.06348888439564194270847365133594911         5.85435567585612939044747014773829771E-0025
   9.05164994727869858674543314582593048         7.11804437237543366109380670238580956E-0025
   9.03972167403107450732241625602753109         8.66458661906174958308925193059451697E-0025
   9.02770418238001101976378495655742376         1.05593370953244374430523865315811242E-0024
   9.01559759093329906241425604062704222         1.28831827174994745543323180928712273E-0024
   9.00340201917810858562624198856178248         1.57363284881473974969416481363402788E-0024
   8.99111758747980926163136298972671075         1.92430273963589541249040584833669496E-0024
   8.97874441708078252693524758734978894         2.35574947006629264912602559799389528E-0024
   8.96628263009922496896028391167305077         2.88713092715476484973545602395241909E-0024
   8.95373234952794306874641224512138324         3.54226834696284414493021136127174300E-0024
   8.94109369923313931160536188061006160         4.35080826991079934698660150391855951E-0024
   8.92836680395318967770893004871886407         5.34968019149935969988275407813111338E-0024
   8.91555178929741252467697726040393368         6.58492661173321238751980261884050798E-0024
   8.90264878174482887431577089952723555         8.11400243301789057433926196138261717E-0024
   8.88965790864291411574214646526137911         1.00086663324602082226693961016851266E-0023
   8.87657929820634113721367267106204833         1.23586193177444113569434555502326282E-0023
   8.86341307951571489906960181827094753         1.52760870507645294016558459539320313E-0023
   8.85015938251629846027185964359807512         1.89015950956142132573060598090210915E-0023
   8.83681833801673047111967835702130167         2.34112530896875360538192351947155250E-0023
   8.82339007768773414479570200753788749         2.90259488744192459657303047442549825E-0023
   8.80987473406081772048549380743576489         3.60229618749016284404737839693422136E-0023
   8.79627244052696643089634978128430199         4.47506429059226166018388230013108520E-0023
   8.78258333133532598708517125487812674         5.56469833234260126126680229801732991E-0023
   8.76880754159187759358886943435589900         6.92631205577026304648054793745920622E-0023
   8.75494520725810450693436782036906671         8.62931130390597561820905962156280893E-0023
   8.74099646514965015068873163146916106         1.07611682638528604822403898956401248E-0022
   8.72696145293496780029328695106603083         1.34322089155861777609142365166033466E-0022
   8.71284030913396185100879514091489248         1.67816897527250542264224792820338432E-0022
   8.69863317311662068238181935993909596         2.09855160792825121119993221859883690E-0022
   8.68434018510164113272535897040776967         2.62660517329216207316086572913549413E-0022
   8.66996148615504459718963338548919800         3.29045949633836267228723509797948210E-0022
   8.65549721818878476308156869573233942         4.12572551447757570038710470822366552E-0022
   8.64094752395934699617407739115316469         5.17751699756384592881300984136641261E-0022
   8.62631254706633939182862285571289449         6.50302656256719562202728867187394569E-0022
   8.61159243195107550483682523880347161         8.17480994019112725650172180013978378E-0022
   8.59678732389514877196899299198021349         1.02849757147015432751747071333842910E-0021
   8.58189736901899864129945398803535277         1.29505333075807408130368312844563287E-0021
   8.56692271428046842246041090438465734         1.63202233314810574337997231747318545E-0021
   8.55186350747335487205775664580850141         2.05832461420057912593818673189067500E-0021
   8.53671989722594952856385619639296847         2.59804223134429736730528057914020603E-0021
   8.52149203299957181108373062198714260         3.28184704096242690740856101027088778E-0021
   8.50618006508709389647236618895458736         4.14882825531626525545640648337981025E-0021
   8.49078414461145738936201592017824912         5.24883294881665568657754808150659312E-0021
   8.47530442352418179973936157431637472         6.64546503166517694779780736822135321E-0021
   8.45974105460386484279326020975870670         8.41992988339593471350219769759445055E-0021
   8.44409419145467457583451038257949529         1.06759655481494405061268662846677431E-0020
   8.42836398850483338716963783144268664         1.35461706382421300529100516498513778E-0020
   8.41255060100509385189111842674308494         1.72001283979652900595420614156305216E-0020
   8.39665418502720646962672641257285565         2.18548415967505733331519425002810297E-0020
   8.38067489746237929937081775615034355         2.77881416175251502661872403793507137E-0020
   8.36461289601972950660033094936838521         3.53559270722505525480913198299146350E-0020
   8.34846833922472683795811009181522087         4.50143351802092895748383082132173772E-0020
   8.33224138641762903886582673617733634         5.73482693810060656027908787853647932E-0020
   8.31593219775190922950829700902283977         7.31081204476810658267090096627959836E-0020
   8.29954093419267525471035814775580360         9.32570531963160368970657352239185220E-0020
   8.28306775751508102330668303469991917         1.19031922344690212148969720896937019E-0019
   8.26651283030272985268397177999926163         1.52021775248360742949563725828365596E-0019
   8.24987631594606983425386512601994783         1.94269055850896349283304725355731932E-0019
   8.23315837864078123569367463843160398         2.48400120592303624496902806335083268E-0019
   8.21635918338615595587061853590888487         3.17793613478746745618713161746472451E-0019
   8.19947889598346904844368881573123359         4.06797753953086038493212044598367205E-0019
   8.18251768303434233021555428233378770         5.21010836019524624180681614074235789E-0019
   8.16547571193910009038502440749228233         6.67643438556255987644660371862198158E-0019
   8.14835315089511691692855987329393537         8.55986287881402340486586062874870381E-0019
   8.13115016889515765641711640291181940         1.09801476129921378005726804533959573E-0018
   8.11386693572570952365224830160000313         1.40917015022250790917885080510690211E-0018
   8.09650362196530637758287624498726669         1.80936963031265547494437643276234045E-0018
   8.07906039898284518004143949899059034         2.32431221364005770339675413946399662E-0018
   8.06153743893589465391530517242185818         2.98716782116188915177717234294252576E-0018
   8.04393491476899615744629552815883259         3.84076235754354363098679175061354619E-0018
   8.02625300021195679142801805175008137         4.94040503819497441689565734609784856E-0018
   8.00849186977813475614734113930428505         6.35754747134825058514202339493688288E-0018
   7.99065169876271697499285016289221362         8.18452006777070971208864139410141339E-0018
   7.97273266324098900172944354652050546         1.05406640384954399068199447210361006E-0017
   7.95473494006659722851438558572448382         1.35802714750711431995666416866450362E-0017
   7.93665870686980341180612131733273027         1.75028681764588897295590034589090821E-0017
   7.91850414205573153339297804300257664         2.25665322741948201373828420199189298E-0017
   7.90027142480260701384452738240712114         2.91051470482622878273146256435080738E-0017
   7.88196073505998829576386023284301877         3.75507525338508754997657094899342802E-0017
   7.86357225354699081429433399658200363         4.84625056240632101818925329912582270E-0017
   7.84510616175050337240948616225802919         6.25642057372781919706458024392659482E-0017
   7.82656264192339693858977005041699658         8.07929230050015301895311486782981648E-0017
   7.80794187708272588456455651621500343         1.04362017547541385370145898409586462E-0016
   7.78924405100792168087245890600700496         1.34842812507016371952502907175775839E-0016
   7.77046934823897906806747685281525068         1.74270445830631834903049930716910441E-0016
   7.75161795407463472147271683373035482         2.25281061429468365387301121286264964E-0016
   7.73269005457053842745753306723766892         2.91289619398946146426816125481789480E-0016
   7.71368583653741678928784056908264919         3.76720349957753350814975065416411323E-0016
   7.69460548753922948067308228214635011         4.87305430946862009477453673222983878E-0016
   7.67544919589131806520688342120991639         6.30472072467975463018953991856570231E-0016
   7.65621715065854739997179780152396325         8.15844152655776275435376245861069003E-0016
   7.63690954165343964165174222661682360         1.05589226389139049143875803833228136E-0015
   7.61752655943430087356872527340600885         1.36677601347008964037823838584249625E-0015
   7.59806839530334037213330531083814154         1.76943534132654701918118673848013980E-0015
   7.57853524130478253127085860318622662         2.29100432781040777381868552896902751E-0015
   7.55892729022297146345820116379247359         2.96664257391892590143353483618311728E-0015
   7.53924473558046829607738692428137854         3.84190717326134518954594235978756876E-0015
   7.51948777163614118186559905471778491         4.97582440141626445857725759187016458E-0015
   7.49965659338324804231196020030684222         6.44486689872007331041041963368649069E-0015
   7.47975139654751206292381028031504011         8.34810237630134024825716325391210972E-0015
   7.45977237758518995935653661705800333         1.08138576724713451696997983676969826E-0014
   7.43971973368113303347238982101877309         1.40083423993375059262889806231048476E-0014
   7.41959366274684103846487934824747605         1.81468059733939790944334169216122655E-0014
   7.39939436341850887225631426582421195         2.35079689106357182911541120367522575E-0014
   7.37912203505506611844683680988057754         3.04526846722412243937116665298861427E-0014
   7.35877687773620945416388809988105243         3.94480659262897205425881952466426071E-0014
   7.33835909226042794423144618585134805         5.10986666323599258209055863013956211E-0014
   7.31786888014302124114858575717894103         6.61867716830439888016227480654474592E-0014
   7.29730644361411071043692563956563537         8.57244382170028549765658978445974257E-0014
   7.27667198561664350098635395964536203         1.11020694659397908314820717257991097E-0013
   7.25596570980438958009805087556044863         1.43768283082956304863461558556584285E-0013
   7.23518782053993175299326436919598907         1.86155589095155696792699090238730347E-0013
   7.21433852289264868662553508650349862         2.41011019774033766234731891116161886E-0013
   7.19341802263669095770311091302595990         3.11989164692589556765098203772910354E-0013
   7.17242652624895014489714020092340907         4.03810736138560519462089414442749598E-0013
   7.15136424090702098527988364198712846         5.22571696052549707946397280731165460E-0013
   7.13023137448715661510563803076283016         6.76141347856156974969707289300283317E-0013
   7.10902813556221691511531990737309131         8.74674767388002622345094651175132381E-0013
   7.08775473339960998061371263728985906         1.13127210749065438550869276184777262E-0012
   7.06641137795922673663623620347816541         1.46282646650092461675892490749189539E-0012
   7.04499827989136871858975418530368872         1.89111370994983024361559352318031065E-0012
   7.02351565053466903881938641064002800         2.44419257305590975712709012459974809E-0012
   7.00196370191400655962054792698259835         3.15820243203078113088896259792506127E-0012
   6.98034264673841329328248458032326758         4.07967043404586467070983424649068649E-0012
   6.95865269839897504981642195531032119         5.26847063637390564488050989555969470E-0012
   6.93689407096672535308808705706450192         6.80161721806951780074572251144849006E-0012
   6.91506697919053264614080024620775966         8.77812395928609383280954513153941963E-0012
   6.89317163849498080656156791846963383         1.13252258959956165570988063010548006E-0011
   6.87120826497824299280863359497390101         1.46063399614824585737523294318803223E-0011
   6.84917707540994884248476580731383995         1.88312440690410817178411426175216967E-0011
   6.82707828722904504360617477317421368         2.42690841975460732559189140668636746E-0011
   6.80491211854164929998235571597203322         3.12649838099411602481056222052244495E-0011
   6.78267878811889771188735414023683206         4.02612384015596713780058294662790845E-0011
   6.76037851539478559326793678976213355         5.18243414754463243943177541741018930E-0011
   6.73801152046400174679893074652342472         6.66794209747929338609474002756942911E-0011
   6.71557802407975621816056153563446126         8.57540849336089464511390300106212705E-0011
   6.69307824765160155097697854793898116         1.10234204034525080534764029611588082E-0010
   6.67051241324324756391930194202681746         1.41634824589240421394331596130530149E-0010
   6.64788074357036967154045880842843787         1.81890242705994293645076107821727863E-0010
   6.62518346199841077047279713948101562         2.33468322044894503396626975456948197E-0010
   6.60242079254037671268297341997401355         2.99515456982071174884033779299607999E-0010
   6.57959295985462538754190280938195428         3.84040236470729448183169846949384898E-0010
   6.55670018924264943453063930159849782         4.92145933510465570839350824122768925E-0010
   6.53374270664685260846591630004077464         6.30324532505467259585415928332677295E-0010
   6.51072073864831981919172511436317170         8.06828237403467537876557584176011120E-0010
   6.48763451246458086774573935150405401         1.03213843214027223042580738769936111E-0009
   6.46448425594736790107160642222392745         1.31955708215213992238713481974014391E-0009
   6.44127019758036660741012280065946450         1.68595180583197689707568267407228887E-0009
   6.41799256647696117456408664684501688         2.15269359527184211890397406504361135E-0009
   6.39465159237797303329317932092790438         2.74683577859008139227799140054034187E-0009
   6.37124750564939340815656557537410434         3.50259472213643937123789456852055542E-0009
   6.34778053728010969818202020244309138         4.46320749533591372349630254052192695E-0009
   6.32425091887962570980128603539472459         5.68325990385607995267241254692494285E-0009
   6.30065888267577576455204385224699210         7.23160071611697088187715611702226659E-0009
   6.27700466151243270410732831158729157         9.19498550763168710298429311070956469E-0009
   6.25328848884720981525345496429893193         1.16826274696630968198204128660435169E-0008
   6.22951059874915669749753103864416143         1.48318741530712205524595037432899459E-0008
   6.20567122589644909604540649669383593         1.88152801079457122983261399246182448E-0008
   6.18177060557407272295048121756981975         2.38494077340824280844989998675264677E-0008
   6.15780897367150108929311848954263915         3.02057647747494767533375253353068087E-0008
   6.13378656668036737130952370309789050         3.82243796357870158840231289851923867E-0008
   6.10970362169213033344782964727133153         4.83306285179690556886258886742623363E-0008
   6.08556037639573433138778554070783714         6.10560652878777249287378820002158323E-0008
   6.06135706907526341811887529811519158         7.70641709178040695053924043507319902E-0008
   6.03709393860758957622989096539549056         9.71821399218193989383577342570175181E-0008
   6.01277122446001509962095917833005125         1.22440063255640929892687443730219762E-0007
   5.98838916668790914790676133810867489         1.54119158573612909061285106454998205E-0007
   5.96394800593233849683720138233239691         1.93811048855695050634041871882624674E-0007
   5.93944798341769250811905799474851096         2.43490510104249408882317222745480824E-0007
   5.91488934094930234207921027553805970         3.05604610719545438451394578861280457E-0007
   5.89027232091105443666684672338699022         3.83181763965715230340383448627945251E-0007
   5.86559716626299827634865630003433558         4.79964927575374559764466878374711906E-0007
   5.84086412053894847450735679899413629         6.00574030485870404386648137806322867E-0007
   5.81607342784408119301003916647707522         7.50703708238175049893476618130695391E-0007
   5.79122533285252492266869627027727786         9.37363611075806368695428486775871079E-0007
   5.76632008080494564837096032992936672         1.16916994099530641914295184477358944E-0006
   5.74135791750612642271449425948094798         1.45669850828412586323550737476102921E-0006
   5.71633908932254137203366798578326223         1.81291151064898209244996506307577607E-0006
   5.69126384317992415876210084561582984         2.25367246912899783748654349384964152E-0006
   5.66613242656083092412936489189494023         2.79836634897794219533049797935616421E-0006
   5.64094508750219773524462081266848906         3.47064489910112422561125285904811462E-0006
   5.61570207459289256067419764890593887         4.29932071296335024338156420074635047E-0006
   5.59040363697126179867412905293062608         5.31943750336067155556450182098365029E-0006
   5.56505002432267138229242192573830139         6.57354865244973019824420014190885919E-0006
   5.53964148687704248560935737778107941         8.11324130868162968586596724109875935E-0006
   5.51417827540638185543740854580808460         1.00009492167060228207950434572356921E-0005
   5.48866064122230679285540434214603156         1.23121041474148716525837311805178636E-0005
   5.46308883617356480900437218884633041         1.51376833031285959427549304007406483E-0005
   5.43746311264354797962505567626615535         1.85872184623904706383495080102432447E-0005
   5.41178372354780202286942436511487769         2.27923419463313764671549101598978940E-0005
   5.38605092233153012497057210639431591         2.79109547678657892449054394058441915E-0005
   5.36026496296709153840723677099125036         3.41321135821949531306211273311683407E-0005
   5.33442609995149497725076764833802054         4.16817452846752637017586495107157180E-0005
   5.30853458830388683443371648233612631         5.08293112617605139326804767812639552E-0005
   5.28259068356303424573033365583765186         6.18955573151521879513389016593740235E-0005
   5.25659464178480302529011190800891107         7.52615000227375810554977028673380944E-0005
   5.23054671953963049761613566988381263         9.13788155874285291886604379486542850E-0005
   5.20444717390999325093036413279436855         1.10781812800566873340780683608569480E-0004
   5.17829626248786983691810002501082500         1.34101187269803023991947544336438495E-0004
   5.15209424337219844189377326913166147         1.62079769093507747321971404210056663E-0004
   5.12584137516632955447979873426650324         1.95590490152635416297539377774616498E-0004
   5.09953791697547365493964969302428918         2.35656809455379655745944859843889058E-0004
   5.07318412840414395135542285637052327         2.83475844684331536329953685950386934E-0004
   5.04678026955359418788905650461578775         3.40444464275059019859799665848385848E-0004
   5.02032660101925155041499977766133356         4.08188595840755294135640344163747812E-0004
   4.99382338388814469486051815213340297         4.88596002206820839771153282993099838E-0004
   4.96727087973632692363795703962617769         5.83852764196052742199886461119146473E-0004
   4.94066935062629453560117181385209756         6.96483687877288345520834278851224483E-0004
   4.91401905910440037500596794244847803         8.29396821332102755016419243912458329E-0004
   4.88732026819826260500177879136919338         9.85932219996908352348435130363356397E-0004
   4.86057324141416873122894061853956351         1.16991503803087740515778326407943689E-0003
   4.83377824273447490114280381359841322         1.38571294354351166719408694025887059E-0003
   4.80693553661500050473254610941129966         1.63829775540716024317106291724684738E-0003
   4.78004538798241810234892682842671239         1.93331107627846512010398017518318375E-0003
   4.75310806223163870540134077517661726         2.27713354792157346993803999581379422E-0003
   4.72612382522319243573039569011265571         2.67695717869523351722062083658825950E-0003
   4.69909294328060458950784778684755828         3.14085998715920888042927070039365170E-0003
   4.67201568318776713156108535457973835         3.67788196864000706697834853079998658E-0003
   4.64489231218630564606445027237733086         4.29810112235742464265709323521228177E-0003
   4.61772309797294176958453110696888805         5.01270797525548351872903377806949388E-0003
   4.59050830869685113251114880814089035         5.83407670594802463394729086313419239E-0003
   4.56324821295701683495008643571825789         6.77583061040784181454570039389466141E-0003
   4.53594307979957848319768741187973687         7.85289926396792424901158741133445618E-0003
   4.50859317871517681296126205725206072         9.08156432744297670583330553157548875E-0003
   4.48119877963629392553279920639624811         1.04794905263758326992933599474851103E-0002
   4.45376015293458916316677807805585799         1.20657379115593650293089963647430204E-0002
   4.42627756941823064995591487054300233         1.38607510986416223066448433779001309E-0002
   4.39875130032922252454145833811284976         1.58863208001126672428686101034311934E-0002
   4.37118161734072789103716845790222772         1.81655126225109831985783971638476661E-0002
   4.34356879255438751458837179932869749         2.07225578264324458979946215237014149E-0002
   4.31591309849763428802948594167915652         2.35827005609185024492037878028401955E-0002
   4.28821480812100349614514283645084752         2.67719960137830923128345128505063494E-0002
   4.26047419479543890408151696691005994         3.03170539945035252016033480246493961E-0002
   4.23269153230959469649567810895365513         3.42447227173670381949692405653925823E-0002
   4.20486709486713329407174003793094170         3.85817080116391618685249888762165694E-0002
   4.17700115708401907407326525143305078         4.33541238847352175309042184688180022E-0002
   4.14909399398580802164181128660264578         4.85869713347846730911755121385750684E-0002
   4.12114588100493333859166610327501553         5.43035435790945628781796479183352512E-0002
   4.09315709397798703649071788485070980         6.05247574591141011184367081662646614E-0002
   4.06512790914299754085703808344388947         6.72684127186655130504575914923937548E-0002
   4.03705860313670333334012521338312781         7.45483831401939613641602127163657414E-0002
   4.00894945299182265879486038900949329         8.23737461627259629005910634673793197E-0002
   3.98080073613431932419506352298474973         9.07478605812018654856924507529245791E-0002
   3.95261273038066461637211106667583610         9.96674052105160558815259992427290622E-0002
   3.92438571393509536560238180393060676        0.109121394941866124092348905371754084      
   3.89611996538686818210533612564319410        0.119090194356964965054381242502853685      
   3.86781576370750989255180603949639901        0.129544552908872726945717528382975901      
   3.83947338824806420371957753437062304        0.140444689515548264690242905439622309      
   3.81109311873633462047058345197104958        0.151739458109485988759140849123181612      
   3.78267523527412364526099335173756044        0.163365629087150897087930353366550558      
   3.75422001833446828643218662420259410        0.175247324527457679233095578619171963      
   3.72572774875887190256702595043913893        0.187295647303157193583512772541900763      
   3.69719870775453241023200976153624485        0.199408545582650879925438342018272155      
   3.66863317689156688246177426525329903        0.211470954494264429084965613866071496      
   3.64003143810023256537803752289774584        0.223355255681449131987418149966526378      
   3.61139377366814434037042962647031760        0.234922092905075238702727613330137791      
   3.58272046623748865930173389532128729        0.246021577556046505132579505578954847      
   3.55401179880223398023487383672685805        0.256494911766645965192745556702138098      
   3.52526805470533773121351905236756704        0.266176448634621418624036015620741295      
   3.49648951763594982966244998179018260        0.274896198839468888951711692466029697      
   3.46767647162661278500781601636220225        0.282482780645959325210547138732993254      
   3.43882920105045841215114375747065148        0.288766796050043376366283552586547947      
   3.40994799061840118346440169794921634        0.293584599817295415265108951021562518      
   3.38103312537632824700660404580689772        0.296782410690439691838018219813848618      
   3.35208489070228613869533945683925090        0.298220695509579056396720884255790443      
   3.32310357230366421619923977289000791        0.297778737921807684693395902226239235      
   3.29408945621437484234975915335823859        0.295359284395359215714246631017389569      
   3.26504282879203034590271491968047583        0.290893142143385638181140495949458713      
   3.23596397671511678751184768933260919        0.284343587142668245527812325353378858      
   3.20685318698016455880818964347784099        0.275710426613672546704993771958324444      
   3.17771074689891584251028573953384387        0.265033550064777002942674450481604507      
   3.14853694409548896152129303816057238        0.252395797258131252407583589996578606      
   3.11933206650353964499968775771637993        0.237924971156848129107334656015266837      
   3.09009640236341923942073789505371921        0.221794829911223914774473182956424511      
   3.06083024021932989267605095931244113        0.204224904949967640492678143658182424      
   3.03153386891647673928838125753336618        0.185479012787136423102667666847161343      
   3.00220757759821711484847895260431462        0.165862356519235146588815841350867126      
   2.97285165570320682781008349314683631        0.145717149156297913961556762799918505      
   2.94346639296254351680820670207443958        0.125416734549381056517208201123924958      
   2.91405207939690712169461551906226477        0.105358232007808041384364805366864197      
   2.88460900531369749651291083816810936         8.59537866000732686903911546345534396E-0002
   2.85513746130416919266380678418555852         6.76205670452034536613443523024794804E-0002
   2.82563773824056344053914385159122835         5.07697150647932681837537382629955449E-0002
   2.79611012727323735793081931252096932         3.57945117456804972312617842805201946E-0002
   2.76655491982779041354818891218016781         2.30580852084945236583367358640400944E-0002
   2.73697240760218817400458484132416826         1.28810368010242708589132752401296480E-0002
   2.70736288256388336266040603855924589         5.52940711871239931120839905568364153E-0003
   2.67772663694693425873676776559830603         1.20343537403788801735830841719558858E-0003
   2.64806396324912046513994785440922326         2.75831098364923263126922797090629538E-0005
   2.61837515422905607346283678733617320         2.04229339796501197608913558685188552E-0003
   2.58866050290330025465528758344429662         7.19793737274246933598102431754410971E-0003
   2.55892030254346530388066907299747397         1.53513597438397832699202133188163196E-0002
   2.52915484667332216810105229636490341         2.62653731363532271280520321024264971E-0002
   2.49936442906590348495830421577971798         3.96114679710694825836797010269799352E-0002
   2.46954934374060416154292543303715144         5.49759014224406151527045133878905534E-0002
   2.43970988496027952166674892099899098         7.18692081840598136498990715561696139E-0002
   2.40984634722834105027961466202809068         8.97390408709133415318914445515989925E-0002
   2.37995902528584976369385030536234540        0.107986103526879239403301866991764621      
   2.35004821410860723430382027389190759        0.125982793509514999534522326811754953      
   2.32011420890424429851095493755922641        0.143094021442242123455756241246537193      
   2.29015730510930747658753729718540466        0.158699543000222106183397518935288843      
   2.26017779838634313323510686326210522        0.172217017374999728024041448347848116      
   2.23017598462097940761563884625796253        0.183124912644971065137768428502329176      
   2.20015215991900594165567117819593872        0.190984314836761892189816479331704444      
   2.17010662060345143544528204238974931        0.195458671235566962935296328456657520      
   2.14003966321165905857526628481568910        0.196330514287189183770935436149116198      
   2.10995158449235974627702010498045900        0.193514273398577015726825729507929152      
   2.07984268140274340925051956747517620        0.187064389284348388209376072418101638      
   2.04971325110552808608636953164156849        0.177178098180512964598035948798887379      
   2.01956359096602706720820536269291253        0.164192447792995876089901307605494718      
   1.98939399854921401928175006282002402        0.148575337330078315418283916988033437      
   1.95920477161678613905656404767925985        0.130910632041314181071252247295671270      
   1.92899620812422536562597349743295782        0.111877677815899043754876732381276808      
   1.89876860621785768010982584024186134         9.22258212132904636736836639264292232E-0002
   1.86852226423191052178359729066666753         7.27448111068326011084505800845513294E-0002
   1.83825748068556834969596727951966874         5.42322055062247104741184075769023513E-0002
   1.80797455428002637883527789184265930         3.74591166913446811088954325103023238E-0002
   1.77767378389554251992331289522779387         2.31357859518339463017814237634375598E-0002
   1.74735546858848755193256041382878970         1.18785740288342205999825075094820501E-0002
   1.71701990758839355644056560914781424         4.17997527763373927162520232917370764E-0003
   1.68666740029500064295213469488034514         3.83206265109735811416428594986977673E-0004
   1.65629824627530199433701907044339671         6.62780426853438880636780424868460891E-0004
   1.62591274526058726154728813982692853         5.01226122214194343435930591148074307E-0003
   1.59551119714348433679489132545817237         1.32400931143427953886023139849243198E-0002
   1.56509390197499953438591373005916341         2.49740533336509657558313967604166577E-0002
   1.53466115996155620842374568505644874         3.96744626413162109258472889250954787E-0002
   1.50421327146203183660881389686033121         5.66558588017686620596874167159618597E-0002
   1.47375053698479359937766091000620000         7.51163936819278085106044804278626901E-0002
   1.44327325718473248363900999932647039         9.41737872210516665476904967543451121E-0002
   1.41278173286029594037901423543123873        0.112906283007191827891661500258302979      
   1.38227626495051912542216119510130574        0.130396724244031050229288632996820751      
   1.35175715453205475264828846987280847        0.145777626809621396865205872482942736      
   1.32122470281620158897985962410500116        0.158274985764486403199733745124196138      
   1.29067921114593162046705543301255476        0.167248526218131827328879236648993091      
   1.26012098099291591881135095920740349        0.172226206291075857570233221232573535      
   1.22955031395454923768107517378577922        0.172930999830757206576759350655069418      
   1.19896751175097336818498626832455954        0.169298323365601184061680153933956651      
   1.16837287622209928288214241358808948        0.161482912274761625416172204800533028      
   1.13776670932462809771830437842284650        0.149854475408015954089667704943147077      
   1.10714931312907088129077301022551195        0.134982039653363915906128012404524693      
   1.07652098981676734085494098136558509        0.117607505825102628970030588885423845      
   1.04588204167690341449692431174616161         9.86095412733151536650599052416438709E-0002
   1.01523277110352779890743487688047461         7.89594981187847830013551269196119894E-0002
  0.984573480592567442202560296898146963         5.96715351193565744804694516613434940E-0002
  0.953904472738842031247332171091716906         4.17495048779321962102089201579817507E-0002
  0.923226050233077502947887474157456631         2.61334202956818605768632657469728713E-0002
  0.892538515858918608987660966230129025         1.36484154285187961864885376146194576E-0002
  0.861842172489940563492388594085137271         4.95905494895333021049704073214330331E-0003
  0.831137323086659803117752983280417765         5.31621167107320520987204502561457789E-0004
  0.800424270693543889062262151203514006         6.06625637605568067836155318265576966E-0004
  0.769703318436020580516421422518582383         5.18327100541554434109145657323505424E-0003
  0.738974769517486109067436117789462198         1.40169540919085983239646222750480311E-0002
  0.708238927216312683586568832378943834         2.66301871273667264102119668487859295E-0002
  0.677496094882855255133869948256780109         4.23365601986135721100792151699270155E-0002
  0.646746575936457571422303351132169339         6.02766177298612753387565098228805799E-0002
  0.615990673862457550390301087279248110         7.94638195627571556481497736446313667E-0002
  0.585228692209192002438500819343461475         9.88381457380867814832363198378559312E-0002
  0.554460934585000730892848361977544973        0.117324421883909660380829413301925757      
  0.523687704655230040262384232912342996        0.133892120842581589429480065960999487      
  0.492909306139235681865877982453487361        0.147613258513766839201569879623796074      
  0.462126042807385266407027006724038665        0.157715059931028822625789637409953142      
  0.431338218478060173083197552440103387        0.163624325774359968732056320926199978      
  0.400546137014656984817654631687443786        0.165000868361662596463897431557713363      
  0.369750102322588479209904535019827946        0.161757986677515420223351016965868137      
  0.338950418346284204803158514064682378        0.154068678898609771477884449175836921      
  0.308147389066190672272018957421413690        0.142357106432387358199256056645497131      
  0.277341318495771190137289965578760073        0.127275677971560499385832485475786933      
  0.246532510678505374618322604349513850        0.109668964630525460894873244292116839      
  0.215721269684888363236521247297664868         9.05264370175142366775822821691504968E-0002
  0.184907899609429761786561274072611900         7.09266844314006653768916936677844927E-0002
  0.154092704567652354294499944610130752         5.19762937752310168701132193039087997E-0002
  0.123275988693090605584301492838145843         3.47468986386471381059581118599539723E-0002
   9.24580561342889860763443547495950053E-0002   2.02140357134566236785954577266162693E-0002
   6.16392110518001484432329442731732841E-0002   9.20135713230739526325053977290912123E-0003
   3.08197576151829857496984989692256334E-0002   2.33344746778615156866711446006763518E-0003
   6.00704543221772133721764985001508439E-0016   8.90686673041055376250670064307707352E-0031
  -3.08197576151817843465407667523240301E-0002   2.33344746778597051047523548251670350E-0003
  -6.16392110517989470578612875243762410E-0002   9.20135713230704342207731475733406889E-0003
  -9.24580561342877847206159620682588071E-0002   2.02140357134561210148673632974163955E-0002
 -0.123275988693089404270073260256577903         3.47468986386465131198902532201962669E-0002
 -0.154092704567651153033628358570812600         5.19762937752303049678904598937577243E-0002
 -0.184907899609428560590902294409464588         7.09266844313999068439435163816937892E-0002
 -0.215721269684887162117930190222511937         9.05264370175134743771443698711015341E-0002
 -0.246532510678504173588654025444894610        0.109668964630524737825655435917460531      
 -0.277341318495769989208397542798259369        0.127275677971559856240252534508547585      
 -0.308147389066189471455755374098634816        0.142357106432386831062938265298486190      
 -0.338950418346283004111375341932055055        0.154068678898609389802063513490309314      
 -0.369750102322587278654452117238378322        0.161757986677515205185070563851018628      
 -0.400546137014655784410381965888691542        0.165000868361662559805518330872960529      
 -0.431338218478058972835952173781238655        0.163624325774360112143051830779496749      
 -0.462126042807384066331654870957533072        0.157715059931029137697859265851979917      
 -0.492909306139234481974223349012293308        0.147613258513767307954692358512581112      
 -0.523687704655228840566289548011832783        0.133892120842582185373651073527799808      
 -0.554460934584999531404154141735355149        0.117324421883910350047832767024985953      
 -0.585228692209190803169045532918367835         9.88381457380875263366393618931966615E-0002
 -0.615990673862456351351921040030261700         7.94638195627579142592709318583606898E-0002
 -0.646746575936456372626832567798979711         6.02766177298620057027323143669975445E-0002
 -0.677496094882854056593140056162708080         4.23365601986142339700365645683758294E-0002
 -0.708238927216311485312408944657556981         2.66301871273672834591447714594849523E-0002
 -0.738974769517484911071672716636003462         1.40169540919090201629735581408046293E-0002
 -0.769703318436019382810878242467363678         5.18327100541580808848494569082957375E-0003
 -0.800424270693542691658760062432437315         6.06625637605659535137992087651706628E-0004
 -0.831137323086658606028109874943747227         5.31621167107234897769114155601112655E-0004
 -0.861842172489939366728419257675711898         4.95905494895307222855180696373923323E-0003
 -0.892538515858917412561176978972139151         1.36484154285183797634637874732546340E-0002
 -0.923226050233076306870697082430944676         2.61334202956813079683601364440040723E-0002
 -0.953904472738840835531240173889952788         4.17495048779315367258796006635822953E-0002
 -0.984573480592566246859367929319027964         5.96715351193558428423764565595344119E-0002
  -1.01523277110352660394893969365309743         7.89594981187840174406035312139890001E-0002
  -1.04588204167690221993492007079372585         9.86095412733143938646293427951558458E-0002
  -1.07652098981676614670121752740575990        0.117607505825101913967329863728776648      
  -1.10714931312906968755711615840942474        0.134982039653363282067965320324075789      
  -1.13776670932462690441649579801385083        0.149854475408015433265339078042363939      
  -1.16837287622209809002395951168144471        0.161482912274761243361826503057650092      
  -1.19896751175097217578220207360917706        0.169298323365600959211919157341399120      
  -1.22955031395454804574545822034918227        0.172930999830757149218701901801189210      
  -1.26012098099291472735466517038504679        0.172226206291075969452290787830718331      
  -1.29067921114593042950106000528264914        0.167248526218132101712606357912966725      
  -1.32122470281620039851630891102999879        0.158274985764486825339671355194158795      
  -1.35175715453205356269893186608866683        0.145777626809621944879884230794253497      
  -1.38227626495051793599874302035571458        0.130396724244031696307603122475481972      
  -1.41278173286029475149327361867192309        0.112906283007192539763575499252524605      
  -1.44327325718473129530268076284072666         9.41737872210524091373047299138103029E-0002
  -1.47375053698479241160247145361280821         7.51163936819285456834414135372366088E-0002
  -1.50421327146203064940648708215498295         5.66558588017693583746754545013890771E-0002
  -1.53466115996155502180599871971183450         3.96744626413168333057889159015960632E-0002
  -1.56509390197499834836445805218087009         2.49740533336514849976955417220089062E-0002
  -1.59551119714348315138143248799750671         1.32400931143431874461817251039718583E-0002
  -1.62591274526058607675352569505184250         5.01226122214219041990619313241473069E-0003
  -1.65629824627530081017464645446862795         6.62780426853529748154018154367185635E-0004
  -1.68666740029499945943283911225792378         3.83206265109666701403481138951694234E-0004
  -1.71701990758839237357602791751907138         4.17997527763351351432454225961336108E-0003
  -1.74735546858848636973445500863900946         1.18785740288338483906614389023398311E-0002
  -1.77767378389554133840330759450464182         2.31357859518334440765285180994417415E-0002
  -1.80797455428002519800503382103952883         3.74591166913440706621532677153684401E-0002
  -1.83825748068556716956713875642508757         5.42322055062240178692142754913044944E-0002
  -1.86852226423190934236783171038087427         7.27448111068318554393952952280234154E-0002
  -1.89876860621785650141876356022172668         9.22258212132896957403332005779615970E-0002
  -1.92899620812422418767124772260635285        0.111877677815898284714211417532317107      
  -1.95920477161678496184980071563002083        0.130910632041313461125200740049126555      
  -1.98939399854921284283456772904464103        0.148575337330077662593517945894529138      
  -2.01956359096602589153221508593007915        0.164192447792995315157775750707505259      
  -2.04971325110552691119317475927571528        0.177178098180512516173850498297315066      
  -2.07984268140274223515171602101513918        0.187064389284348068059940123849025665      
  -2.10995158449235857298419566561437661        0.193514273398576834304483720353172238      
  -2.14003966321165788610000087904330283        0.196330514287189145981307982904124863      
  -2.17010662060345026379914752773319991        0.195458671235567068135524951236391738      
  -2.20015215991900477085023122899020610        0.190984314836762134404515649428969321      
  -2.23017598462097823766244883952206725        0.183124912644971433471557941170774283      
  -2.26017779838634196414571376465220322        0.172217017375000207242733972426968214      
  -2.29015730510930630837347954703089532        0.158699543000222677430833798448898386      
  -2.32011420890424313118376233698301069        0.143094021442242765070000815453267698      
  -2.35004821410860606787501387101590284        0.125982793509515687925651319765882814      
  -2.37995902528584859817494228159938620        0.107986103526879949955244280424959811      
  -2.40984634722833988568210821846135357         8.97390408709140494925688366614383848E-0002
  -2.43970988496027835800213816485003933         7.18692081840604949770317079457807563E-0002
  -2.46954934374060299882269526422374060         5.49759014224412472868607002635431597E-0002
  -2.49936442906590232319393021356446695         3.96114679710700451251602111191245991E-0002
  -2.52915484667332100730400060609596200         2.62653731363537023997354791703008903E-0002
  -2.55892030254346414406239629294229561         1.53513597438401567539654005582626572E-0002
  -2.58866050290329909582724065171764421         7.19793737274272997802396816783798747E-0003
  -2.61837515422905491563645286892345273         2.04229339796515235604900316846077147E-0003
  -2.64806396324911930832665422828628876         2.75831098365086999314993506578383690E-0005
  -2.67772663694693310294798171194882603         1.20343537403778023698418197731050051E-0003
  -2.70736288256388220790753472609076216         5.52940711871217063797553252504343346E-0003
  -2.73697240760218702029902521468394015         1.28810368010239276813014682758580796E-0002
  -2.76655491982778926090132757947193293         2.30580852084940751340799672449712733E-0002
  -2.79611012727323620635403243292371691         3.57945117456799548707277163236486562E-0002
  -2.82563773824056229004379702308110736         5.07697150647926453932773528709665425E-0002
  -2.85513746130416804326125493136200199         6.76205670452027652646400340377791903E-0002
  -2.88460900531369634821449810018532258         8.59537866000725304451810202854671985E-0002
  -2.91405207939690597451167513766714838        0.105358232007807269509854486553405465      
  -2.94346639296254237075206090975206821        0.125416734549380267246130728343905609      
  -2.97285165570320568289204340137459740        0.145717149156297123128309338736620063      
  -3.00220757759821597107984444021580133        0.165862356519234369262848994104067181      
  -3.03153386891647559668044085919313883        0.185479012787135673273860080164120250      
  -3.06083024021932875124008175410274134        0.204224904949966930813040975132093933      
  -3.09009640236341809916800539517426352        0.221794829911223256358258918706359427      
  -3.11933206650353850594144579729828943        0.237924971156847531389546236828092218      
  -3.14853694409548782366878366219558074        0.252395797258130723059042304236073992      
  -3.17771074689891470587473909291985012        0.265033550064776547838246443171557465      
  -3.20685318698016342340082386018191390        0.275710426613672169940316068129191287      
  -3.23596397671511565334386878167253189        0.284343587142667949478906937369973133      
  -3.26504282879202921298531666772593040        0.290893142143385423600653905660218701      
  -3.29408945621437371069412299445271366        0.295359284395359081857685591410238963      
  -3.32310357230366308581653469129453252        0.297778737921807629468624547219837895      
  -3.35208489070228500959672187349901886        0.298220695509579076530107760711843448      
  -3.38103312537632711920321770824190339        0.296782410690439783050940089961792074      
  -3.40994799061840005696737757026996568        0.293584599817295572454993880230740280      
  -3.43882920105045728697159991052003730        0.288766796050043593786971275126784627      
  -3.46767647162661166115685751798463567        0.282482780645959596647423425370647381      
  -3.49648951763594870715116878722905578        0.274896198839469207887801171647043881      
  -3.52526805470533661005299389479213145        0.266176448634621778393983621992716735      
  -3.55401179880223286043617011788960530        0.256494911766646359122353423697496825      
  -3.58272046623748754087590357634689912        0.246021577556046926662270952272008870      
  -3.61139377366814322332851111877726541        0.234922092905075681493964688209043866      
  -3.64003143810023144973105557925363451        0.223355255681449590011690263359676118      
  -3.66863317689156576822073987096500544        0.211470954494264896695484683303665637      
  -3.69719870775453129740792002577593653        0.199408545582651351912115112102738253      
  -3.72572774875887079117086399770724789        0.187295647303157665212147596152498157      
  -3.75422001833446717647492148592881205        0.175247324527458146269996027930919182      
  -3.78267523527412253675357985802092425        0.163365629087151355811371131180167025      
  -3.81109311873633351342396212346019870        0.151739458109486435959214117046070510      
  -3.83947338824806309814467447428526526        0.140444689515548697658716299512207931      
  -3.86781576370750878845953282579109399        0.129544552908873143457530713987189423      
  -3.89611996538686707950658970331447770        0.119090194356965363342378305559246372      
  -3.92438571393509426450804437746854550        0.109121394941866502816771758975950819      
  -3.95261273038066351679304999266106173         9.96674052105164140956916934373845574E-0002
  -3.98080073613431822614213120283203703         9.07478605812022025991527567960345576E-0002
  -4.00894945299182156227889416185893885         8.23737461627262786409332751687536185E-0002
  -4.03705860313670223837194724913999206         7.45483831401942557384603046287297410E-0002
  -4.06512790914299644744745527596814059         6.72684127186657863072463763920361251E-0002
  -4.09315709397798594465052174529735355         6.05247574591143537108912258831839904E-0002
  -4.12114588100493224833163265358622738         5.43035435790947954291095780993126743E-0002
  -4.14909399398580693297270095315279173         4.85869713347848863602409533435920481E-0002
  -4.17700115708401798700582275882762477         4.33541238847354123843789247285332714E-0002
  -4.20486709486713220861669430296046171         3.85817080116393392518095779415748583E-0002
  -4.23269153230959361266374213470359889         3.42447227173671991079628132100755378E-0002
  -4.26047419479543782188338773702783641         3.03170539945036706769596573623937283E-0002
  -4.28821480812100241559150120957090029         2.67719960137832233970601082142103548E-0002
  -4.31591309849763320913099654600718597         2.35827005609186201864998720387797242E-0002
  -4.34356879255438643735568292738610032         2.07225578264325513167008646489277722E-0002
  -4.37118161734072681548091196143173682         1.81655126225110773000446024965247318E-0002
  -4.39875130032922145067224952314645908         1.58863208001127509925577599018380465E-0002
  -4.42627756941822957778435239263317981         1.38607510986416966272574195305767310E-0002
  -4.45376015293458809270344383767108654         1.20657379115594307957123205869705149E-0002
  -4.48119877963629285678825824448195310         1.04794905263758907350397952992260891E-0002
  -4.50859317871517574594606245095790781         9.08156432744302778105633312603933808E-0003
  -4.53594307979957741792236017045437941         7.85289926396796907949792786883225917E-0003
  -4.56324821295701577142514539657251691         6.77583061040788106179379740143266083E-0003
  -4.59050830869685007074709053308043412         5.83407670594805890603673238262272060E-0003
  -4.61772309797294070959183477859740495         5.01270797525551337184108761864654655E-0003
  -4.64489231218630458785357759067121249         4.29810112235745058310282481142463508E-0003
  -4.67201568318776607514248043363534523         3.67788196864002955360722726160559754E-0003
  -4.69909294328060353489193705180201334         3.14085998715922832730731946598708295E-0003
  -4.72612382522319138292758777423924958         2.67695717869525029648267780861914489E-0003
  -4.75310806223163765442202641715578900         2.27713354792158791473332774020272037E-0003
  -4.78004538798241705320347876979366341         1.93331107627847752756773274996188688E-0003
  -4.80693553661499945743131899218121305         1.63829775540717087736733259472869398E-0003
  -4.83377824273447385569613407807032549         1.38571294354352076198597799673559053E-0003
  -4.86057324141416768764714640127987388         1.16991503803088516697122599556477175E-0003
  -4.88732026819826156329515982337580841         9.85932219996914962804239941930290724E-0004
  -4.91401905910439933518480544749663844         8.29396821332108373412787235871754313E-0004
  -4.94066935062629349767572840702284102         6.96483687877293111154816668020197823E-0004
  -4.96727087973632588761847662601847904         5.83852764196056776521564086942521835E-0004
  -4.99382338388814366075722582576095570         4.88596002206824248368641839082509760E-0004
  -5.02032660101925051823810172053501558         4.08188595840758168552513690924646433E-0004
  -5.04678026955359315764873988601274665         3.40444464275061439249260216526038915E-0004
  -5.07318412840414292306185573229094353         2.83475844684333568952160932533130422E-0004
  -5.09953791697547262860298090583678023         2.35656809455381360316431908475906975E-0004
  -5.12584137516632853011015781254311625         1.95590490152636843195688421951924976E-0004
  -5.15209424337219741950127032767354304         1.62079769093508939669161110952064083E-0004
  -5.17829626248786881651282566506545399         1.34101187269804018609299703097160457E-0004
  -5.20444717390999223252238934246540427         1.10781812800567701596483864040403336E-0004
  -5.23054671953962948121551172473450147         9.13788155874292177446908939456987731E-0005
  -5.25659464178480201090687027186005965         7.52615000227381525232410346337280259E-0005
  -5.28259068356303323337448588176112839         6.18955573151526614651817388134358385E-0005
  -5.30853458830388582411525411384486916         5.08293112617609056501248718793483884E-0005
  -5.33442609995149396897966212077354635         4.16817452846755872380422407252556065E-0005
  -5.36026496296709053219343931310960146         3.41321135821952199352273788685895944E-0005
  -5.38605092233152912082401364215145859         2.79109547678660089267396141594710465E-0005
  -5.41178372354780102080001541565248653         2.27923419463315570745579614189817745E-0005
  -5.43746311264354697964268626209877825         1.85872184623906188995353312211546874E-0005
  -5.46308883617356381111891173225086785         1.51376833031287174716949058397234053E-0005
  -5.48866064122230579707670156975453171         1.23121041474149711248321958169077308E-0005
  -5.51417827540638086177529139140478790         1.00009492167061041232541473046541831E-0005
  -5.53964148687704149407363288530467257         8.11324130868169604403049162638131514E-0006
  -5.56505002432267039289287615249036063         6.57354865244978428404718646701342644E-0006
  -5.59040363697126081142052697299117566         5.31943750336071557856275020393140296E-0006
  -5.61570207459289157557628305675710868         4.29932071296338602767520389089998994E-0006
  -5.64094508750219675231211622702718103         3.47064489910115327458206827685390442E-0006
  -5.66613242656082994337197145975551437         2.79836634897796574600751693862454542E-0006
  -5.69126384317992318018949824650367953         2.25367246912901690610229781506637875E-0006
  -5.71633908932254039565551433622029968         1.81291151064899751253441419430019795E-0006
  -5.74135791750612544854042601766388789         1.45669850828413831740441622347114279E-0006
  -5.76632008080494467641059220062177364         1.16916994099531646557109662375843750E-0006
  -5.79122533285252395293162110991631612         9.37363611075814463120002184979007553E-0007
  -5.81607342784408022550582788849587758         7.50703708238181563867221369527858406E-0007
  -5.84086412053894750924555827936076956         6.00574030485875640391433285253019508E-0007
  -5.86559716626299731333879728300823148         4.79964927575378763702288364511523000E-0007
  -5.89027232091105347591843172749384216         3.83181763965718601838271495409017254E-0007
  -5.91488934094930138360172149976404680         3.05604610719548139347833600873172050E-0007
  -5.93944798341769155192195522495483460         2.43490510104251570204015359497274689E-0007
  -5.96394800593233754292992189789101024         1.93811048855696778321902177072225425E-0007
  -5.98838916668790819629871981876014078         1.54119158573614288662036969823391767E-0007
  -6.01277122446001415032154761126445822         1.22440063255642030396782253798369876E-0007
  -6.03709393860758862924847855255732673         9.71821399218202759144899954270162288E-0008
  -6.06135706907526247346480836373311092         7.70641709178047676565643816143006457E-0008
  -6.08556037639573338907038743905020410         6.10560652878782801734343765693407036E-0008
  -6.10970362169212939347640067062848609         4.83306285179694968527915014367510771E-0008
  -6.13378656668036643369334098999201813         3.82243796357873660746063167108591245E-0008
  -6.15780897367150015404143593316614845         3.02057647747497544717267780518212944E-0008
  -6.18177060557407179007252937445316617         2.38494077340826481278345458512581536E-0008
  -6.20567122589644816555039249560364281         1.88152801079458864880907202784795577E-0008
  -6.22951059874915576939463848971258742         1.48318741530713583226486535417190779E-0008
  -6.25328848884720888955184386838513766         1.16826274696632056911241537462056551E-0008
  -6.27700466151243178081613496987193762         9.19498550763177306457322897667634660E-0009
  -6.30065888267577484368038077606062274         7.23160071611703869840373788430888429E-0009
  -6.32425091887962479135824185628097240         5.68325990385613341082710251853833869E-0009
  -6.34778053728010878217665958245755024         4.46320749533595582977644389919712546E-0009
  -6.37124750564939249459792911761976441         3.50259472213647251039211427262818746E-0009
  -6.39465159237797212219028348032806731         2.74683577859010745409565843580472727E-0009
  -6.41799256647696026592592364115450478         2.15269359527186259955659146593165927E-0009
  -6.44127019758036570124566052171508031         1.68595180583199298002612441354510572E-0009
  -6.46448425594736699738978834743496932         1.31955708215215254291445957086871017E-0009
  -6.48763451246457996655548445558381364         1.03213843214028212702756186861399348E-0009
  -6.51072073864831892050192778130224468         8.06828237403475293173661915389356745E-0010
  -6.53374270664685171228544623532308964         6.30324532505473332839430840817831876E-0010
  -6.55670018924264854086834144466090349         4.92145933510470323775585870029150006E-0010
  -6.57959295985462449640659724631823127         3.84040236470733165477186772088142663E-0010
  -6.60242079254037582408345529648419381         2.99515456982074080398472285870798135E-0010
  -6.62518346199840988441783657406683708         2.33468322044896773037546013058341870E-0010
  -6.64788074357036878803880080583582658         1.81890242705996065532060948031482685E-0010
  -6.67051241324324668297966630693620612         1.41634824589241803898240650290436887E-0010
  -6.69307824765160067260805979890437074         1.10234204034526158624494728067692080E-0010
  -6.71557802407975534237102881927202766         8.57540849336097867007546576439832506E-0011
  -6.73801152046400087359742775195053797         6.66794209747935883965320987070935901E-0011
  -6.76037851539478472266308166328764684         5.18243414754468340024604968004936035E-0011
  -6.78267878811889684388773940030343889         4.02612384015600679519854667968172855E-0011
  -6.80491211854164843459654816835160000         3.12649838099414687113432740198166685E-0011
  -6.82707828722904418084271542641684901         2.42690841975463130732171477488002555E-0011
  -6.84917707540994798235216978845160034         1.88312440690412680818428330060631365E-0011
  -6.87120826497824213531539006547991265         1.46063399614826033357224845203727461E-0011
  -6.89317163849497995171613999047350402         1.13252258959957289565950493474552058E-0011
  -6.91506697919053179395162489896808065         8.77812395928618106928867296541333348E-0012
  -6.93689407096672450356357505369925984         6.80161721806958548103684589266100040E-0012
  -6.95865269839897420296495775978607297         5.26847063637395813324612602709008059E-0012
  -6.98034264673841244911242627470385154         4.07967043404590536252100817043963663E-0012
  -7.00196370191400571814022712893825518         3.15820243203081266644583944760311184E-0012
  -7.02351565053466820003710819121768169         2.44419257305593418861150713226858963E-0012
  -7.04499827989136788251379698695926414         1.89111370994984916537009258311730120E-0012
  -7.06641137795922590327485175837168898         1.46282646650093926688834492342666343E-0012
  -7.08775473339960914997512588584420077         1.13127210749066572507170420501664109E-0012
  -7.10902813556221608720772891709712691         8.74674767388011397044446373653556757E-0013
  -7.13023137448715578993721391533981700         6.76141347856163763183159733852289651E-0013
  -7.15136424090702016285877048062911768         5.22571696052554958103299031139604974E-0013
  -7.17242652624894932523145495799246466         4.03810736138564579114322490774078472E-0013
  -7.19341802263669014080094335792300801         3.11989164692592695187004982687102832E-0013
  -7.21433852289264787249494771382556060         2.41011019774036191984154757759497527E-0013
  -7.23518782053993094164229231916261640         1.86155589095157571350395088796387842E-0013
  -7.25596570980438877153470185471014009         1.43768283082957753221994603636695676E-0013
  -7.27667198561664269521860816180272039         1.11020694659399027195717518545186326E-0013
  -7.29730644361410990747273566708008946         8.57244382170037192043680572711182957E-0014
  -7.31786888014302044099587654243576040         6.61867716830446562463062120846269863E-0014
  -7.33835909226042714689811491305576682         5.10986666323604412287760061118041707E-0014
  -7.35877687773620865965780412711624191         3.94480659262901185045578872631137722E-0014
  -7.37912203505506532677584159144026796         3.04526846722415316444040399661748476E-0014
  -7.39939436341850808342822127482069993         2.35079689106359554891077040747231410E-0014
  -7.41959366274684025248747399949579645         1.81468059733941622000862648358246729E-0014
  -7.43971973368113225035342939419780500         1.40083423993376472683017093176552823E-0014
  -7.45977237758518917910375018014924125         1.08138576724714542698719180879072235E-0014
  -7.47975139654751128554489861331982837         8.34810237630142445951727335887543517E-0015
  -7.49965659338324726781459571924276681         6.44486689872013831011228002142545908E-0015
  -7.51948777163614041025742573589504156         4.97582440141631462982652062696746836E-0015
  -7.53924473558046752736602022885979972         3.84190717326138391590629346105709708E-0015
  -7.55892729022297069765122796262001308         2.96664257391895579464073426142762471E-0015
  -7.57853524130478176837583710191959453         2.29100432781043084969661230950016448E-0015
  -7.59806839530333961215776497534637447         1.76943534132656483351772235999790910E-0015
  -7.61752655943430011652016675545768496         1.36677601347010339385700181915666382E-0015
  -7.63690954165343888753763728985164421         1.05589226389140111066150116996176119E-0015
  -7.65621715065854664879958924770947542         8.15844152655784475474276849954460556E-0016
  -7.67544919589131731698398501678405495         6.30472072467981795703308708629643686E-0016
  -7.69460548753922873540687868504656509         4.87305430946866900664062578366103560E-0016
  -7.71368583653741604698568725586230333         3.76720349957757129152755197169051275E-0016
  -7.73269005457053768812675626047046271         2.91289619398949065554988865586048146E-0016
  -7.75161795407463398512061342970346227         2.25281061429470621064975255735901131E-0016
  -7.77046934823897833470131434951189613         1.74270445830633578226814108384375395E-0016
  -7.78924405100792095049947533137920134         1.34842812507017719555016067633945521E-0016
  -7.80794187708272515719196035674713054         1.04362017547542427289074579668733345E-0016
  -7.82656264192339621422474017998095055         8.07929230050023359389102376518727992E-0017
  -7.84510616175050265105917177126063795         6.25642057372788152252988761977164417E-0017
  -7.86357225354699009596585452140540409         4.84625056240636923917914530123483945E-0017
  -7.88196073505998758046430528557869128         3.75507525338512486788367431055637452E-0017
  -7.90027142480260630158095668088428082         2.91051470482625767053405161485981584E-0017
  -7.91850414205573082417242134111161408         2.25665322741950438205438716421232931E-0017
  -7.93665870686980270563557833564436873         1.75028681764590629818938966884125885E-0017
  -7.95473494006659652540082594240537406         1.35802714750712774319704986512607223E-0017
  -7.97273266324098830167980668854589679         1.05406640384955439403970649179232102E-0017
  -7.99065169876271627801404529755642379         8.18452006777079036740410018558207144E-0018
  -8.00849186977813406224624716602960764         6.35754747134831313713353110077146846E-0018
  -8.02625300021195610061148349419483015         4.94040503819502294611873368418411844E-0018
  -8.04393491476899546972113846662516918         3.84076235754358129485591727248442666E-0018
  -8.06153743893589396928831317656410335         2.98716782116191839405823521108295727E-0018
  -8.07906039898284449851936956082464591         2.32431221364008041603524026032068232E-0018
  -8.09650362196530569917245471220183073         1.80936963031267312309657349095168586E-0018
  -8.11386693572570884836017081117024088         1.40917015022252162783172026295934493E-0018
  -8.13115016889515698425004781501611539         1.09801476129922444870833335587521298E-0018
  -8.14835315089511624789313420553443265         8.55986287881410640878422926208286601E-0019
  -8.16547571193909942448784476941979087         6.67643438556262448409274559367866056E-0019
  -8.18251768303434166746319281027776948         5.21010836019529655370038102320451013E-0019
  -8.19947889598346838884268660793546349         4.06797753953089958293912599195787287E-0019
  -8.21635918338615529942748558797345927         3.17793613478749801025404597290879528E-0019
  -8.23315837864078058241488977906190406         2.48400120592306007315034699884305575E-0019
  -8.24987631594606918414587595308321859         1.94269055850898208520042674174941160E-0019
  -8.26651283030272920575319459688942900         1.52021775248362194410947330763688519E-0019
  -8.28306775751508037955950278701126011         1.19031922344691345875544507796717493E-0019
  -8.29954093419267461415312836026611306         9.32570531963169229266901505291887503E-0020
  -8.31593219775190859214733972298670330         7.31081204476817586623801799599378262E-0020
  -8.33224138641762840470743244693013824         5.73482693810066076776931314352706479E-0020
  -8.34846833922472620700853768668849680         4.50143351802097139406466822818273548E-0020
  -8.36461289601972887886580764591712604         3.53559270722508849614220369329270942E-0020
  -8.38067489746237867485753904069287766         2.77881416175254108085549236265596659E-0020
  -8.39665418502720584834085597904388902         2.18548415967507776692271779598698889E-0020
  -8.41255060100509323383878811586054759         1.72001283979654504148633192262243223E-0020
  -8.42836398850483277235694757018892323         1.35461706382422559739166325952802593E-0020
  -8.44409419145467396426752812399746542         1.06759655481495394512287842764562465E-0020
  -8.45974105460386423447802187306371882         8.41992988339601251294995947397583868E-0021
  -8.47530442352418119468187098532401607         6.64546503166523816163477383126645569E-0021
  -8.49078414461145678756824475204904496         5.24883294881670388338974002927424117E-0021
  -8.50618006508709329794825390325599019         4.14882825531630322954635116084871734E-0021
  -8.52149203299957121583518441007345551         3.28184704096245684807647197415512792E-0021
  -8.53671989722594893659675092110374022         2.59804223134432099086385004951320850E-0021
  -8.55186350747335428337793478348601421         2.05832461420059777871651955257189975E-0021
  -8.56692271428046783707368248721103119         1.63202233314812048213298530783396667E-0021
  -8.58189736901899805921159654668988269         1.29505333075808573601592776221348922E-0021
  -8.59678732389514819318575149861747103         1.02849757147016355048216908493878162E-0021
  -8.61159243195107492936391205035274714         8.17480994019120029843568423466560888E-0022
  -8.62631254706633881967171765749954548         6.50302656256725351305114106287097007E-0022
  -8.64094752395934642733882714084241096         5.17751699756389184776249883871486979E-0022
  -8.65549721818878419757358756759607223         4.12572551447761215217836858969171323E-0022
  -8.66996148615504403501450271499634075         3.29045949633839163214782609528222157E-0022
  -8.68434018510164057388862719913876030         2.62660517329218509972486803016586068E-0022
  -8.69863317311662012688900198082499951         2.09855160792826953524190374612988147E-0022
  -8.71284030913396129886537464380171840         1.67816897527252001673996580174732881E-0022
  -8.72696145293496725150471276860476981         1.34322089155862940935020930244089777E-0022
  -8.74099646514964960526042008533208201         1.07611682638529532929308700169859746E-0022
  -8.75494520725810396487170206779281639         8.62931130390604972728069228515064105E-0023
  -8.76880754159187705489719941501190031         6.92631205577032227430059165213889172E-0023
  -8.78258333133532545176981363807084735         5.56469833234264863802631390566751944E-0023
  -8.79627244052696589896258791347786626         4.47506429059229959119150089460067714E-0023
  -8.80987473406081719193857766010946226         3.60229618749019324008651189028532669E-0023
  -8.82339007768773361964084812537106726         2.90259488744194897677696073160112177E-0023
  -8.83681833801672994936206980640818887         2.34112530896877317847687013914163835E-0023
  -8.85015938251629794191664596149299886         1.89015950956143705424041950361044806E-0023
  -8.86341307951571438412189896136448417         1.52760870507646559118739693362360269E-0023
  -8.87657929820634062567856296528859728         1.23586193177445132108284825299852579E-0023
  -8.88965790864291360762467855563865784         1.00086663324602903045968245706353914E-0023
  -8.90264878174482836962095970032819179         8.11400243301795678674975988714092086E-0024
  -8.91555178929741202340980390566156305         6.58492661173326585098210911343382175E-0024
  -8.92836680395318917987434184306443695         5.34968019149940291189404272957765618E-0024
  -8.94109369923313881720827225044521076         4.35080826991083430811642212576350407E-0024
  -8.95373234952794257779170069012458073         3.54226834696287245910059201880240605E-0024
  -8.96628263009922448145279595664090836         2.88713092715478780400200811018054398E-0024
  -8.97874441708078204287979473437368777         2.35574947006631127720016078454685795E-0024
  -8.99111758747980878103272267070521907         1.92430273963591054535616483233031783E-0024
  -9.00340201917810810848915751804932539         1.57363284881475205597380047969476738E-0024
  -9.01559759093329858874343656901931333         1.28831827174995747360367014344001976E-0024
  -9.02770418238001054956390542361395939         1.05593370953245190843152635777636296E-0024
  -9.03972167403107404059811734473195084         8.66458661906181618616151652001449598E-0025
  -9.05164994727869812350132123658426936         7.11804437237548805441989824732328289E-0025
  -9.06348888439564148294912077651353432         5.85435567585617386046419108957757021E-0025
  -9.07523836853637434698084660005914198         4.82066531893346967265850403759922708E-0025
  -9.08689828373823170520595683640407999         3.97418601278945070986881109850213275E-0025
  -9.09846851492255781349166787005471437         3.28024721283017051290876408771566360E-0025
  -9.10994894789584197383601611707259779         2.71072806281953278311960356727961506E-0025
  -9.12133946935084557821666200162316765         2.24279774834651911793114705760081836E-0025
  -9.13263996686772040529196835115493951         1.85790207017643206801838989522317983E-0025
  -9.14385032891511815891721624520798702         1.54094739157035565015008213448453306E-0025
  -9.15497044485129123752526110162145985         1.27964293634911099341930957731461621E-0025
  -9.16600020492518472350747961164156702         1.06397023702568511218361791764823894E-0025
  -9.17693950027751958181751318793151121         8.85754766740297080563561226807152930E-0026
  -9.18778822294186705710707501150286216         7.38319761231734705224062459678200461E-0026
  -9.19854626584571425878995469882388948         6.16206206151273931686581521250425083E-0026
  -9.20921352281152092351732620147245024         5.14946135621884881079296581878825856E-0026
  -9.21978988855776734463453993931508238         4.30878922683570150583850728237530744E-0026
  -9.23027525869999345827675849491062704         3.61002270266145833091409908440284796E-0026
  -9.24066952975182907584807560124150005         3.02851235189897897016389370696513947E-0026
  -9.25097259912601525271613977554600686         2.54399918991732392322445641903697812E-0026
  -9.26118436513541678304178592653966149         2.13981503024546274312051925533787315E-0026
  -9.27130472699402581075075972726058555         1.80223142972788192258464669995332975E-0026
  -9.28133358481795654674229963675990120         1.51992910860802613378798518233744406E-0026
  -9.29127083962643108251711930551559921         1.28356513653610402479399535239494232E-0026
  -9.30111639334275629049520784544571397         1.08541952880142442499645078942368468E-0026
  -9.31087014879529180138183621844537496         9.19106402864123037049895241747784644E-0027
  -9.32053200971840904902822392923655120         7.79337670876749600546682087186358194E-0027
  -9.33010188075344137332148042982384572         6.61729523222077992985511284539158266E-0027
  -9.33957966744962517172668928388862065         5.62643798322341763376543899733541632E-0027
  -9.34896527626503209019234932899937123         4.79057820956823425776253563690275866E-0027
  -9.35825861456749224421882494062741381         4.08457493898474826199956486707324909E-0027
  -9.36745959063550846097798617178728742         3.48749401081821141340879995548066830E-0027
  -9.37656811365916153346083814192908772         2.98188469099395370702853801295315139E-0027
  -9.38558409374100647771864670386477814         2.55318373239165690179050788633467783E-0027
  -9.39450744189695978435186325250436326         2.18922393191614589602496463769421354E-0027
  -9.40333807005717765549003467763085223         1.87982845050732663518627288748716042E-0027
  -9.41207589106692521859485402761516390         1.61647558900086109462941170615142319E-0027
  -9.42072081868743670850756256376942425         1.39202150102997852501294145368152736E-0027
  -9.42927276759676660925105366702155920         1.20047059500026585404056316670465886E-0027
  -9.43773165339063174718625262999223287         1.03678522825088498778785069711547817E-0027
  -9.44609739258324432721165284776599124         8.96727806783538406433506013324430945E-0028
  -9.45436990260813590378427742825358119         7.76729637254181877652458115406976834E-0028
  -9.46254910181897227862980489581270878         6.73781885980869781399555028731428424E-0028
  -9.47063490949035931709914757670128408         5.85344824413126228377750568587455681E-0028
  -9.47862724581863967521840054815836486         5.09272215802683810215509877016270906E-0028
  -9.48652603192268042956878681983907005         4.43748251281699562662973230824217185E-0028
  -9.49433118984465160222300981159084068         3.87234897587075842911189229149859019E-0028
  -9.50204264255079557305428630900386965         3.38427891474555287410981578033306097E-0028
  -9.50966031393218737182427103089588641         2.96219922257789932345225527922195971E-0028
  -9.51718412880548584254609684324888768         2.59669795949629829656201403574195522E-0028
  -9.52461401291367567270884161371252647         2.27976582008411064923054371095873595E-0028
  -9.53194989292680028003989283050313563         2.00457914722456398598370625361420788E-0028
  -9.53919169644268554957191351951529581         1.76531762350569713069105012793881894E-0028
  -9.54633935198765441387141679316648718         1.55701093626882335935159343871920777E-0028
  -9.55339278901723226937633066265297562         1.37540967512206947469669473608908402E-0028
  -9.56035193791684322188037864994877512         1.21687651714236819798478497481924215E-0028
  -9.56721673000249715429261435438426622         1.07829441441211174405425674129509103E-0028
  -9.57398709752146760989102856767423370         9.56989045054110154350282295518289263E-0029
  -9.58066297365296048437979489683384940         8.50663242298768321338812694616746953E-0029
  -9.58724429250877352015043325187312256         7.57341492571160553893409945174778930E-0029
  -9.59373098913394659623794908919035010         6.75322906467561583493486240616893351E-0029
  -9.60012299950740280755384907624626645         6.03141326782419218635544692467033555E-0029
  -9.60642026054258032706883996181089518         5.39531454492444450190041919386621168E-0029
  -9.61262271008805504470898600162808619         4.83400054260608960705562905632408554E-0029
  -9.61873028692815397682013040391545661         4.33801451741429804099836538782118403E-0029
  -9.62474293078355944014647702427915706         3.89916660830529220379712098848284805E-0029
  -9.63066058231190398436037905634479963         3.51035584205472374172272221425441522E-0029
  -9.63648318310835607727159083306903968         3.16541818525454869163091059445026197E-0029
  -9.64221067570619653693550617410102520         2.85899669371253150283073174533254244E-0029
  -9.64784300357738570497123108593775476         2.58643042798113915661118290586400294E-0029
  -9.65338011113312135549171914262748492         2.34365932220629108993695385575921219E-0029
  -9.65882194372438733413963364353199934         2.12714262892105033956879643792588645E-0029
  -9.66416844764249292181409075872747574         1.93378892845972732760652419262959643E-0029
  -9.66941957011960291776498142903463474         1.76089599968300671041499827281360081E-0029
  -9.67457525932925843682316588292361392         1.60609910813247189117610630921256896E-0029
  -9.67963546438688841562648236262130502         1.46732648644555658268079642634147143E-0029
  -9.68460013535031182279321011213247657         1.34276096642479505982426948155268167E-0029
  -9.68946922322023056808637496554425785         1.23080687804849264230824811548094910E-0029
  -9.69424267994071310570408307939774535         1.13006146251217424922256913907082529E-0029
  -9.69892045839966872692291357207940812         1.03929015793010102664801165158106116E-0029
  -9.70350251242931253741329315963336122         9.57405210808294178723396127127287033E-0030
  -9.70798879680662111463771440418314430         8.83447146509367403912606327959035164E-0030
  -9.71237926725377884083464301088250046         8.16568699915919099520309012438216915E-0030
  -9.71667388043861490718298781414528809         7.56020865252257156376284756776798756E-0030
  -9.72087259397503098483407877555428073         7.01140773130519591322761701387259668E-0030
  -9.72497536642341955859021256560637032         6.51341144680788807377065212252269851E-0030
  -9.72898215729107291910098121018769022         6.06101108228084425280573377143742796E-0030
  -9.73289292703258280954079594084429205         5.64958194337567182108419379392841416E-0030
  -9.73670763705023072282325488557882199         5.27501350959853575133564200416174511E-0030
  -9.74042624969436884550027866372394739         4.93364842543446921076434904162189599E-0030
  -9.74404872826379164458625139369796140         4.62222915908781568608904354078486423E-0030
  -9.74757503700609809363975517504056225         4.33785131878216170920783211952227297E-0030
  -9.75100514111804453452787285459460432         4.07792275534540987801033742466789904E-0030
  -9.75433900674588817139045591922281846         3.84012769880993742639766817466397888E-0030
  -9.75757660098572119341421076185877236         3.62239527889784086953637711937895766E-0030
  -9.76071789188379552311894643148149203         3.42287186700864486451575589485698821E-0030
  -9.76376284843683818695084938793548878         3.23989675277988850763962043915516432E-0030
  -9.76671144059235730507020482623355830         3.07198073323274062674978505235024346E-0030
  -9.76956363924893869731356889860767082         2.91778724846170951045843754646809987E-0030
  -9.77231941625653310240301073233929386         2.77611574607049684355141989122356595E-0030
  -9.77497874441673400756768660323615183         2.64588699819494674473017227799176595E-0030
  -9.77754159748304608583568006417407913         2.52613013092676296650212802785423134E-0030
  -9.78000795016114423834674033076085875         2.41597115705872894665845293294045931E-0030
  -9.78237777810912323912927587700651840         2.31462282999743418882934386836630997E-0030
  -9.78465105793773797987771007774704890         2.22137566001772669824504948928507905E-0030
  -9.78682776721063431235907993606169589         2.13558995426470955782015058246765627E-0030
  -9.78890788444457048617055653740410351         2.05668875947275660061745161364627005E-0030
  -9.79089138910962917966238596175969170         1.98415160163428692184850457985559126E-0030
  -9.79277826162942012193359104474903089         1.91750893012934868699134874854400272E-0030
  -9.79456848338127330390063669190971265         1.85633718539139823230610320870500801E-0030
  -9.79626203669642277653214350089410584         1.80025441926804162618120518656814686E-0030
  -9.79785890486018103443563531730868516         1.74891640603852348296934870985615618E-0030
  -9.79935907211210398307522512449863321         1.70201318974526806988973752377879841E-0030
  -9.80076252364614648799207942867803508         1.65926602023395124712067513088017411E-0030
  -9.80206924561080850449245313118293523         1.62042463620426315120788798467715945E-0030
  -9.80327922510927178636105386188477804         1.58526485876318945946031719394932972E-0030
  -9.80439245019952717225047596439857994         1.55358646354089303816628886349153404E-0030
  -9.80540890989449244849043885696668985         1.52521130345997584093580655879685342E-0030
  -9.80632859416212078715357142497658421         1.49998165781499314110340309728523526E-0030
  -9.80715149392549975830750251403889953         1.47775878648419593931676193438427856E-0030
  -9.80787760106294091547604656835583769         1.45842167091523399510948070151386523E-0030
  -9.80850690840805995342531207959146039         1.44186592604979798477383546708142945E-0030
  -9.80903940974984743748360785836092974         1.42800286962196138686605035282618534E-0030
  -9.80947509983273010369707729544537610         1.41675873731944001178618380352600240E-0030
  -9.80981397435662272921605282449625126         1.40807403417012282235696435394648978E-0030
  -9.81005602997697057240019081383274653         1.40190301423858758782454618419057530E-0030
  -9.81020126430478238222352018341447562         1.39821328231658864809928591587156198E-0030
  -9.81024967590665397665361524559550042         1.39698551279306328452555237778205532E-0030
