   3.31661660691847350696509124258506726                                            Infinity
   3.31658387325153551357143422937156847         47.9870998234111327345769288562778659      
   3.31651840624072760434615853460548161         23.9936683156153860447233655287632567      
   3.31642020653218274586184314362244541         15.9959104381886155724453378730714814      
   3.31628927509509241663008205547223467         11.9970709697174973391359124504013677      
   3.31612561322169704157286980241388897         9.59779886635570484298130562320388341      
   3.31592922252727323813130603453136522         7.99831044718478422670182563193509145      
   3.31570010495011787413749492760124164         6.85584127783714617789779578287987276      
   3.31543826275152893760698178246783742         5.99900914140182242314030968339129990      
   3.31514369851578321864053424139927827         5.33260169539305880080675339335277224      
   3.31481641515011080365553874066314775         4.79949153453775931004722925673504797      
   3.31445641588466638219874383834338445         4.36332485567887597188389468542607143      
   3.31406370427249736662354059171346628         3.99986579022710944809941653487413601      
   3.31363828418950882494642589880158815         3.69233566009644539731071954034687281      
   3.31318015983442522722874735367609378         3.42874969538160870253157880234722634      
   3.31268933572874900586127738401897386         3.20031906496454056649079907675408048      
   3.31216581671671593016060993235077821         3.00045214564345097308187128133830120      
   3.31160960796524729571781439846743021         2.82410828451044489666573460964033589      
   3.31102071496389892897121866993372637         2.66736697386994358262140364670839047      
   3.31039914352480700750662551957817768         2.52713307618287113920955560527392851      
   3.30974489978263069661969413362366872         2.40093048152758858498312854249551917      
   3.30905799019449160270664074119161750         2.28675472007199286979008830437432740      
   3.30833842153991004408082893530937941         2.18296577114413747193854557606470774      
   3.30758620092073813984423099716225300         2.08820883515399844293600513925113222      
   3.30680133576108971747414604915141623         2.00135491253480181424081497666502866      
   3.30598383380726703981695885839761461         1.92145564373843518800099358045081850      
   3.30513370312768435221211428078187884         1.84770857077038238868401534549901561      
   3.30425095211278825050086636662081512         1.77943011838356408912036148633476261      
   3.30333558947497487070573773288736016         1.71603436501635792076127250240027849      
   3.30238762424850390119799363383411074         1.65701620595034095469462821164418563      
   3.30140706578940941820179592235780017         1.60193788383648600368362438848419547      
   3.30039392377540754551505447894208216         1.55041812621628991813374441623203779      
   3.29934820820580093935833738409621035         1.50212331975769250579192451211144568      
   3.29826992940138009929453581451974748         1.45676028917537594636277165501898796      
   3.29715909800432150619330504350721929         1.41407035045924872030123679192684363      
   3.29601572497808258824561871319267100         1.37382438354947715246825908076917331      
   3.29483982160729351606507941104807735         1.33581872623234698240654298477579562      
   3.29363139949764582794392421661539950         1.29987173389085198677713445485965806      
   3.29239047057577788636294897789439600         1.26582088245255993738518811110563194      
   3.29111704708915716688584932135587563         1.23352031703780868429111458125553475      
   3.28981114160595938059973948653879551         1.20283876831067459570615749615046613      
   3.28847276701494443129486169706534066         1.17365777375419124857887911302171821      
   3.28710193652532920860773862623004515         1.14587015304910999837090567992543931      
   3.28569866366665721838324927876243980         1.11937869619050956759324858853975521      
   3.28426296228866505154232398272222319         1.09409503049759685830106272008064574      
   3.28279484656114569277315685867840296         1.06993863868886924624626431234185086      
   3.28129433097380867039502379939151494         1.04683600503443117835640351111682569      
   3.27976143033613704877497034433141881         1.02471987051014422352385386706643995      
   3.27819615977724126470879656182432788         1.00352858105750986844618925431316643      
   3.27659853474570980920891484986812156        0.983205515648466098631853378885483572      
   3.27496857100945675617279112725849729        0.963698582982409838351610837217657318      
   3.27330628465556613943679990234466956        0.944959777395335821630093874692034432      
   3.27161169209013317975142887034004500        0.926944786010230070746986860101023692      
   3.26988481003810236324485869465528884        0.909612640361005113293386619375825991      
   3.26812565554310237297301816635253517        0.892925406724888197642543430760523726      
   3.26633424596727787518527370184714869        0.876847910236732128975046534164232903      
   3.26451059899111816196595482586984235        0.861347488562508402056006703676328165      
   3.26265473261328265194294358806837881        0.846393771501907615642119339912151153      
   3.26076666515042325078556547125740271        0.831958483390672155557802471954119000      
   3.25884641523700357324501196116489742        0.818015265597608169209871589223719849      
   3.25689400182511502852150025568970454        0.804539516771897584681284931161285158      
   3.25490944418428977077333329046277495        0.791508248803790500975915989288482601      
   3.25289276190131051661396304135526501        0.778899956724586621016744396435577859      
   3.25084397488001723147408162813614246        0.766694500997095837597719812031252648      
   3.24876310334111068673666778156724996        0.754873000841369318784941831643455767      
   3.24665016782195288958380044383425996        0.743417737407287350533022899422685636      
   3.24450518917636438752491634453301779        0.732312065749640344925319519089551973      
   3.24232818857441844960703402683659276        0.721540334686039552854286428391014073      
   3.24011918750223212633829268652498538        0.711087813726189721341601387027972257      
   3.23787820776175419038696002602782305        0.700940626355139154292319205406520923      
   3.23560527147054996014884881246931658        0.691085689035109440252975062189514131      
   3.23330040106158300830684665907391055        0.681510655362101221956465508208305893      
   3.23096361928299375753700741955397136        0.672203864876117229748190681669354204      
   3.22859494919787496554637519182798493        0.663154296078765310960165002885084628      
   3.22619441418404410165841296738928495        0.654351523260246054167660562797361689      
   3.22376203793381261719258713285448232        0.645785676780182450107026064979181075      
   3.22129784445375211191531602787647311        0.637447406484174563540969999814015778      
   3.21880185806445739887012528613699150        0.629327847971013309975105892644125987      
   3.21627410340030646992546443118774401        0.621418591454724960022338273835616158      
   3.21371460540921736440922786436167475        0.613711652991524665382856775530980978      
   3.21112338935240194322958866592910511        0.606199447864749471072307583168375070      
   3.20850048080411657091229523146027842        0.598874765941278763566464164833782429      
   3.20584590565140970801509838154306340        0.591730748831144450965361650556782086      
   3.20315969009386641641046991339555795        0.584760868698254636776181843890175641      
   3.20044186064334977995824230655133514        0.577958908584638000250556048758210892      
   3.19769244412373924312024315096579912        0.571318944123566005642507558247636246      
   3.19491146767066587009941653412706074        0.564835326528504749104249545427241347      
   3.19209895873124452711631680383390604        0.558502666755243487976258792192665263      
   3.18925494506380299046622751525836709        0.552315820743878984127261369478862585      
   3.18637945473760798303049967502729397        0.546269875655723185718548307011425771      
   3.18347251613258814194601831187963769        0.540360137027751325214330472182635631      
   3.18053415793905392016699463378801631        0.534582116774010405775372487182535299      
   3.17756440915741442468354227634182099        0.528931521969545441958199777919910953      
   3.17456329909789119419173010800848872        0.523404244357944273093582075477277092      
   3.17153085738022891904001043622248378        0.517996350528614464084026877561493347      
   3.16846711393340310630709995597340129        0.512704072714443617702292249307530965      
   3.16537209899532469289654110182567809        0.507523800164606812189763514276885520      
   3.16224584311254160956329330753131658        0.502452071051015705738283127950433020      
   3.15908837713993729881779674730331021        0.497485564870292050182712837445716080      
   3.15589973224042618968301513239462877        0.492621095306228538726173724357698273      
   3.15267993988464613230999876915621404        0.487855603520502878590461093554966169      
   3.14942903185064779548751405379767566        0.483186151841964176301277735585895962      
   3.14614704022358103011126058850937842        0.478609917827138638063383065004842215      
   3.14283399739537820170814185758313552        0.474124188666726092400318277136098940      
   3.13948993606443449514096960514808249        0.469726355914799495583380537022829859      
   3.13611488923528519464886541287749620        0.465413910519193892009231014435153996      
   3.13270889021827994240847519158454333        0.461184438133194964219589218384301802      
   3.12927197262925397883093308038102198        0.457035614690124400045095822775050515      
   3.12580417038919636783930029670391149        0.452965202223782472745423692709783348      
   3.12230551772391521040096150601415910        0.448971044918958843219971689771489209      
   3.11877604916369984961918598765076726        0.445051065377370883667788728662625351      
   3.11521579954298007071775296980998435        0.441203261085444007760846244020694981      
   3.11162480399998229928219969886532010        0.437425701071318886373808234642986188      
   3.10800309797638280115087680352488148        0.433716522739363533876880665492194374      
   3.10435071721695788737858802024159155        0.430073928871290847596653235961088945      
   3.10066769776923112772515007078308460        0.426496184783740403445265028704191739      
   3.09695407598311757615073313419884012        0.422981615632882703669609068379844932      
   3.09320988851056501182933264219596493        0.419528603857249666166314958516228949      
   3.08943517230519219922117875809481505        0.416135586750591498120966902447498160      
   3.08562996462192417077431058436612083        0.412801054157111347691794383683946132      
   3.08179430301662453585492759188215093        0.409523546281939034598165427992242985      
   3.07792822534572481953548068542329545        0.406301651610177140637391254831498137      
   3.07403176976585083489877942499627263        0.403134004928289903108221767848827229      
   3.07010497473344609254566992182268215        0.400019285442010528614622725732865413      
   3.06614787900439225102307953248476238        0.396956214985318311392827127415102238      
   3.06216052163362661191842939606613505        0.393943556315385651774316197029172387      
   3.05814294197475666339558380895824813        0.390980111488718873905389975935447889      
   3.05409517967967167597663612244229696        0.388064720314017598647163524197034406      
   3.05001727469815135440292399169340566        0.385196258877557130389492978927181051      
   3.04590926727747154943772211435128377        0.382373638137158505172960338285962848      
   3.04177119796200703350207778549515100        0.379595802581053023113020991537431263      
   3.03760310759283134406423337736265249        0.376861728948173625702547572184959759      
   3.03340503730731369873201994045373684        0.374170425006615638589191294652876142      
   3.02917702853871298602650723213419027        0.371520928387205339089898607351426738      
   3.02491912301576883584405732425732390        0.368912305469297586311667876877299354      
   3.02063136276228977364275123780151892        0.366343650316094345114411973488566694      
   3.01631379009673846241794051561143903        0.363814083656935239252141276027073214      
   3.01196644763181403656041798996050478        0.361322751914160107896650277630120163      
   3.00758937827403153171940394614627020        0.358868826272282671733658495860810521      
   3.00318262522329841482120514341211954        0.356451501787344538261778184489533893      
   2.99874623197248821842302444728306527        0.354069996534440534287288541881387935      
   2.99428024230701128360997787043971190        0.351723550791520340160425293207370063      
   2.98978470030438261567191333046899823        0.349411426257678162352306977601745152      
   2.98525965033378685682512113056942701        0.347132905304242223735463953513144514      
   2.98070513705564038027247977231113339        0.344887290257069641022550700573494924      
   2.97612120542115050992399193703172264        0.342673902708540227455987526786716817      
   2.97150790067187187012803404397998922        0.340492082857825304755689200235645700      
   2.96686526833925986979196842891510850        0.338341188878085100415474361984637458      
   2.96219335424422132529904960696597021        0.336220596309321086166283417042397932      
   2.95749220449666222665679500901807705        0.334129697475677997061467482355428583      
   2.95276186549503265134018573301695605        0.332067900926054551258846921719579680      
   2.94800238392586883032121395208259125        0.330034630896942339899008235958203514      
   2.94321380676333237080440039237900741        0.328029326796469226568279025666212602      
   2.93839618126874664021596745787432033        0.326051442708677120624979623457678731      
   2.93354955499013031602237085949704047        0.324100446917114385386099304983303814      
   2.92867397576172810598186472622504542        0.322175821446870612629563270419809344      
   2.92376949170353864346070185926072911        0.320277061624226226645554104332733899      
   2.91883615122083956247345176202446504        0.318403675653131548607133980029914054      
   2.91387400300370975713475406306460962        0.316555184207769717619455319151222202      
   2.90888309602654883023761367141588156        0.314731120040495379514050733027976511      
   2.90386347954759373570108619017550775        0.312931027604476458960179915150071161      
   2.89881520310843261965789749030393285        0.311154462690399755837418510218659318      
   2.89373831653351586498018963955191841        0.309400992076632675221330059457444166      
   2.88863286992966434406918631809102261        0.307670193192263225701379808359415308      
   2.88349891368557488476212416046967203        0.305961653792468609360183264814922563      
   2.87833649847132295423730187099226213        0.304274971645689377793157486790565924      
   2.87314567523786256582555619505671680        0.302609754232111334661760510673421558      
   2.86792649521652341366388262139482049        0.300965618452981212974876836619205879      
   2.86267900991850524015427876902575259        0.299342190350304725439443482311625909      
   2.85740327113436944121819950802362411        0.297739104836496954408080089171400313      
   2.85209933093352791436427470536498348        0.296156005433575284881817174031342858      
   2.84676724166372915461415280709882616        0.294592544021504255855357975111893484      
   2.84140705595054160335849599729502109        0.293048380595319873945145301492405759      
   2.83601882669683425524226514459403634        0.291523183030678156703924388695397061      
   2.83060260708225452820549489111228901        0.290016626857489005620734661256133218      
   2.82515845056270340183277078886090417        0.288528395041312001439088418630843186      
   2.81968641086980782919158107911807324        0.287058177772205414823591249781285411      
   2.81418654201039042736662527426541333        0.285605672260733678325550053122168779      
   2.80865889826593645192401987387017348        0.284170582540851813034309408951894980      
   2.80310353419205806056614806218859570        0.282752619279397884665683192403569506      
   2.79752050461795587126465482821159858        0.281351499591936516135889956996249104      
   2.79190986464587782018579135781529836        0.279966946864707841653981178292106710      
   2.78627166965057532474896250697361158        0.278598690582447083692410064634041016      
   2.78060597527875675718592841231405928        0.277246466161850199555823415297380175      
   2.77491283744853823399465556804672259        0.275910014790470807519238364641865161      
   2.76919231234889172670830373448892107        0.274589083270842890789544534303311770      
   2.76344445643909049942627258158867893        0.273283423869632616394688834709914518      
   2.75766932644815187858061575009065865        0.271992794171631019556779692947942871      
   2.75186697937427736043745977289166477        0.270716956938407314786280301273146361      
   2.74603747248429006185934077983500212        0.269455679971450224155087448892599553      
   2.74018086331306951988059285136548652        0.268208735979631981043480658681353244      
   2.73429720966298384567408803131965405        0.266975902450836593030283497935447762      
   2.72838656960331923851373909840943803        0.265756961527600548343719828190043728      
   2.72244900146970686536323197196630934        0.264551699886620443232392658651790273      
   2.71648456386354711174745483308667299        0.263359908621988008617870057139922911      
   2.71049331565143120958903542084663182        0.262181383132018738423816762699927920      
   2.70447531596456024771828625867451126        0.261015923009545783172522161313923844      
   2.69843062419816157079068952277576583        0.259863331935555984140061696719234536      
   2.69235930001090257237182862774611250        0.258723417576049898166983140717173498      
   2.68626140332430188797539211979245840        0.257595991482012413036598839371844784      
   2.68013699432213799386553688147610817        0.256480868992385089407222901379860814      
   2.67398613344985521746050171033104705        0.255377869139935698251905174754851071      
   2.66780888141396716519990878439003586        0.254286814559924562674195722288637984      
   2.66160529918145757376367911843974154        0.253207531401471269341196305212510426      
   2.65537544797917859055591859416098405        0.252139849241529096602798595649885081      
   2.64911938929324648939250326420292138        0.251083601001378122162976589129082099      
   2.64283718486843482735640613427797677        0.250038622865551430995044593633463845      
   2.63652889670756504881006226871358349        0.249004754203112151679368003587587249      
   2.63019458707089454257926459430413892        0.247981837491202213716991132789789523      
   2.62383431847550215834821894610234696        0.246969718240786746483479952111852668      
   2.61744815369467118833046345888944053        0.245968244924520938822746840795713216      
   2.61103615575726982030537411197315869        0.244977268906668952991231154086211671      
   2.60459838794712906813493483577601235        0.243996644375007143579925611255586069      
   2.59813491380241818590034684008272223        0.243026228274646376695585768279718995      
   2.59164579711501757182288748009883894        0.242065880243710682318996132534503916      
   2.58513110192988916815820379251450856        0.241115462550811808354952075799161065      
   2.57859089254444436327793956505074127        0.240174840034261483169725164061354935      
   2.57202523350790940217724720557578964        0.239243880042965338861815391034036571      
   2.56543418962068831167132650750712660        0.238322452378944504389074388232934974      
   2.55881782593372334656866142415838044        0.237410429241432850024238370375599513      
   2.55217620774785296313309292385908905        0.236507685172499756273746431030379553      
   2.54550940061316732617127065858908426        0.235614097004150095022405933153044171      
   2.53881747032836135610636830066476065        0.234729543806854851729065630714804276      
   2.53210048294008532242322674444432022        0.233853906839467488294863410554549760      
   2.52535850474229298989430569345614940        0.232987069500482749892724632995486435      
   2.51859160227558732401997721879335334        0.232128917280596158568135282225262314      
   2.51179984232656376214078444367719124        0.231279337716523914635121618260598898      
   2.50498329192715105670331434401837144        0.230438220346044346498615285542303288      
   2.49814201835394969718529551847259387        0.229605456664223413105449769049216689      
   2.49127608912756791720942943740148399        0.228780940080788073208127927681222254      
   2.48438557201195529339929689245184818        0.227964565878612594348197701654070635      
   2.47747053501373394255444990193092233        0.227156231173284084148599520301036324      
   2.47053104638152732374550294719704711        0.226355834873714689260517725222597076      
   2.46356717460528665195367588795890185        0.225563277643769025154099187966133207      
   2.45657898841561492990281399637984205        0.224778461864876474793239001024788602      
   2.44956655678308860475541802856013359        0.224001291599599027921977978302957739      
   2.44252994891757685636765888530959591        0.223231672556126326958138812997716766      
   2.43546923426755852382172697076698045        0.222469512053670542001920612727204441      
   2.42838448251943667697717560666290383        0.221714718988734617809674875779184927      
   2.42127576359685083980616057180754877        0.220967203802228321269385482173920303      
   2.41414314765998687230065378131638967        0.220226878447407370388493327984200945      
   2.40698670510488451776281806942970656        0.219493656358611746444755673816379217      
   2.39980650656274262231277176545861493        0.218767452420780081072282659571926055      
   2.39260262289922203347094602698921542        0.218048182939717770913672417193604284      
   2.38537512521374618469514449125047287        0.217335765613097205264576147296388849      
   2.37812408483879937277525349842165981        0.216630119502169198014523660905155750      
   2.37084957333922273501132170421301513        0.215931165004165395241667003571095853      
   2.36355166251150793312343010856237779        0.215238823825372085094762587120861708      
   2.35623042438308855086440715868930819        0.214553018954856468092345355339701759      
   2.34888593121162921232900841465183535        0.213873674638827054641648247191979019      
   2.34151825548431242797567607125366130        0.213200716355610443341363319862221977      
   2.33412746991712317539942018962694144        0.212534070791227299355793370597424102      
   2.32671364745413122191672058372650610        0.211873665815550897668165334625474228      
   2.31927686126677119604563571066015689        0.211219430459032122136431662788251486      
   2.31181718475312041498652240927878775        0.210571294889975318749752638852818526      
   2.30433469153717447523091769948177494        0.209929190392349891049054787775752080      
   2.29682945546812061344821087667188665        0.209293049344122998030210824603588059      
   2.28930155061960884482174059382843709        0.208662805196099170663153400572588038      
   2.28175105128902088602788730056285393        0.208038392451253103075735109632063955      
   2.27417803199673687007359608778080952        0.207419746644542299081269060126342722      
   2.26658256748539986022955845240419121        0.206806804323186664661344082766057170      
   2.25896473271917817031800353391157992        0.206199503027402532813844798764953238      
   2.25132460288302549863569976884996857        0.205597781271578989379614810490788451      
   2.24366225338193888281434644727244592        0.205001578525884737586812508958779714      
   2.23597775984021448294204112329507731        0.204410835198294095595116183458367978      
   2.22827119810070120029094301838106089        0.203825492617021065757367826212052669      
   2.22054264422405213901761424900465232        0.203245493013350747099197266916251850      
   2.21279217448797391822380969919008463        0.202670779504857684084081026614519986      
   2.20501986538647384178670243294796995        0.202101296079001055500691179305520872      
   2.19722579362910493338867449244943284        0.201536987577086907682691951009102087      
   2.18941003614020884419787254621407738        0.200977799678587926633405571226532179      
   2.18157267005815664067172392969315889        0.200423678885811524348424375005429783      
   2.17371377273458747997653095118131741        0.199874572508907286062783781127917607      
   2.16583342173364518053710971249382463        0.199330428651205087635937785096386330      
   2.15793169483121269525121391053657735        0.198791196194875446154044588886680070      
   2.15000867001414449492418393773982334        0.198256824786903912388462845068586280      
   2.14206442547949686949988688202468084        0.197727264825371551302872845164093860      
   2.13409903963375615468456353696068970        0.197202467446033786638113429194309256      
   2.12611259109206489158067406722766958        0.196682384509190108001269448798511674      
   2.11810515867744592696823433133082584        0.196166968586837354110416610325084236      
   2.11007682142002446189145984139099682        0.195656172950099494154915166948975288      
   2.10202765855624805622878373814291148        0.195149951556927030869397672842007850      
   2.09395774952810459694448877816990492        0.194648259040059344124173792800282321      
   2.08586717398233823774029097077823980        0.194151050695243482833037532016596759      
   2.07775601176966331784523396541243183        0.193658282469703095989963887330159170      
   2.06962434294397626770219837953099979        0.193169910950851370879042397270310527      
   2.06147224776156550932919877454989419        0.192685893355242018159252783094648660      
   2.05329980668031935915343273772420801        0.192206187517752509801637946609519280      
   2.04510710035893194113576131534114248        0.191730751880993936937946505484808860      
   2.03689420965610711802293767276148577        0.191259545484942010746662777851613736      
   2.02866121562976044858446113585769890        0.190792527956783880727460458971103385      
   2.02040819953621917871041650320190539        0.190329659500975591264913925120212449      
   2.01213524282942027426606351667006013        0.189870900889505139416916543691311820      
   2.00384242716010650361826844842970571        0.189416213452356234536815314170041621      
   1.99552983437502057776811871381771619        0.188965559068167993799136102171197496      
   1.98719754651609735604323206241184893        0.188518900155085937089772454132910831      
   1.97884564581965412532236404444929670        0.188076199661799770180164860206087365      
   1.97047421471557896078393090821498005        0.187637421058763566763734752859820668      
   1.96208333582651717618899966845688583        0.187202528329594077919198986561899851      
   1.95367309196705587172815260940864308        0.186771485962643012002224826053636581      
   1.94524356614290658748040976251432502        0.186344258942739238972537327881463430      
   1.93679484155008607055108974314289772        0.185920812743096980852080716908098960      
   1.92832700157409516397410655791951982        0.185501113317386154491030596083920861      
   1.91984012978909582548273742104349489        0.185085127091961134198234085861387316      
   1.91133430995708628427135406115116243        0.184672820958244300173069048589855998      
   1.90280962602707434388898727774892836        0.184264162265260834155130194203314094      
   1.89426616213424883942389143661058218        0.183859118812321316381402190947301846      
   1.88570400259914925715649199622080146        0.183457658841848767899103556715399778      
   1.87712323192683352487623485256468482        0.183059751032346869614350631028641633      
   1.86852393480604398107591109831936410        0.182665364491506174247230591080204463      
   1.85990619610837153125500453660449049        0.182274468749445209694801752039187031      
   1.85127010088741799958150179150011098        0.181887033752083452254073376507463035      
   1.84261573437795668417941594095135005        0.181503029854643225803482186869890202      
   1.83394318199509112432700408666122129        0.181122427815277658457423113352849951      
   1.82525252933341208786830699514286536        0.180745198788821901465072517249789362      
   1.81654386216615278715820472008473142        0.180371314320664886290647082927231468      
   1.80781726644434233187866577520951838        0.180000746340738964953567765137821584      
   1.79907282829595742708126879632346448        0.179633467157624845887646076997437497      
   1.79031063402507232482839453951228989        0.179269449452769302860070222433022095      
   1.78153077011100703782272233851313787        0.178908666274813197933205013997822950      
   1.77273332320747382343181861806313921        0.178551091034027421112549118466551666      
   1.76391838014172194653167556219688908        0.178196697496854409258162462528627653      
   1.75508602791368072961004539855818804        0.177845459780552965098135153159931196      
   1.74623635369510089858731981414748339        0.177497352347944153823040071993592760      
   1.73736944482869423282952459770932732        0.177152350002256109809858604701512477      
   1.72848538882727152784473654316155429        0.176810427882065639570963095932633386      
   1.71958427337287887917088278189289670        0.176471561456334559095119387196982211      
   1.71066618631593229597945187504872201        0.176135726519538754388305370404517258      
   1.70173121567435065293613102655455438        0.175802899186888003276079916356783041      
   1.69277944963268698887578451089339044        0.175473055889634644438474967466481284      
   1.68381097654125816086550468468700429        0.175146173370469226253710340680310794      
   1.67482588491527286224569860689831268        0.174822228679001313367879342660512663      
   1.66582426343395801325532016877165070        0.174501199167323673022251258917426517      
   1.65680620093968353286341957209725033        0.174183062485658106094852947683850286      
   1.64777178643708550044515883450055157        0.173867796578081229584181393879777882      
   1.63872110909218771595633358553118869        0.173555379678328557914747327705376397      
   1.62965425823152166727624759051710899        0.173245790305675270010013779507822600      
   1.62057132334124491340450704445569595        0.172939007260892087590441533680538338      
   1.61147239406625789221293656048000186        0.172635009622274727644005221572635782      
   1.60235756020931916146936778235423866        0.172333776741745428513906336402140526      
   1.59322691173015908186551452455613734        0.172035288241025084582513300206135303      
   1.58408053874459195079652513418137574        0.171739524007874559130092239341223187      
   1.57491853152362659565509322439423463        0.171446464192403778639034615703489398      
   1.56574098049257543541821189853838425        0.171156089203447244625541328659046557      
   1.55654797623016201931977391725517766        0.170868379705004631036742705665461075      
   1.54733960946762705141725080883205035        0.170583316612745166376858104094638616      
   1.53811597108783290987562753717516986        0.170300881090574530045276984229727458      
   1.52887715212436666980662587478089032        0.170021054547263021905663074793908347      
   1.51962324376064163851601893324189008        0.169743818633133792880897163527030593      
   1.51035433732899741202652123539898231        0.169469155236809952405724663789983456      
   1.50107052430979846175833312633379908        0.169197046482019395888518380701680672      
   1.49177189633053126026392507094987246        0.168927474724456221956099618599338499      
   1.48245854516489995492806633073426752        0.168660422548697635200937162084349679      
   1.47313056273192059855843350911978376        0.168395872765175255437501144912977325      
   1.46378804109501394580637736223756964        0.168133808407199779122727966259913467      
   1.45443107246109682437158094919015057        0.167874212728037962622517138878299058      
   1.44505974917967208995840850358430741        0.167617069198040920429437974852600635      
   1.43567416374191717396572220711326947        0.167362361501822754273341595620699277      
   1.42627440877977123290583319851299657        0.167110073535488551332799771316906973      
   1.41686057706502090856205352015764744        0.166860189403910811467171454720717183      
   1.40743276150838470790802715370055005        0.166612693418053384562089293011998351      
   1.39799105515859601182564069018267401        0.166367570092342019730250583760677077      
   1.38853555120148472167184738447320636        0.166124804142080648249124389312090280      
   1.37906634295905755275818222520908579        0.165884380480912541761643768215652988      
   1.36958352388857698382010007687657884        0.165646284218325506428809393578407107      
   1.36008718758163887156653378852540687        0.165410500657200292417647402444665265      
   1.35057742776324873941324428290593928        0.165177015291401416347001972046781761      
   1.34105433829089674951661991053946698        0.164945813803409612109679295440070740      
   1.33151801315363136723757764622421430        0.164716882061995142854599966130451574      
   1.32196854647113172717812389248723317        0.164490206119931223858607215791883800      
   1.31240603249277870994594760814568428        0.164265772211746822555816907684418148      
   1.30283056559672473881514307396181286        0.164043566751518118133942866327129312      
   1.29324224028896230546379371577755906        0.163823576330697918862623370941263935      
   1.28364115120239123398169190380369407        0.163605787715982350698831466434248445      
   1.27402739309588469235392241111531702        0.163390187847214145729087964003080337      
   1.26440106085335396063839912196679263        0.163176763835321873667231019743874235      
   1.25476224948281196506771550927768060        0.162965502960294473939463445806173544      
   1.24511105411543558731784922944777822        0.162756392669190459864555049631981142      
   1.23544757000462675819834979132413310        0.162549420574181180085410924732377955      
   1.22577189252507234503063552535603516        0.162344574450627535737456842504654250      
   1.21608411717180284199293189032738388        0.162141842235189564857917550620882554      
   1.20638433955924987272219739104391985        0.161941212023968318256307363469636860      
   1.19667265542030251447510592437382942        0.161742672070679463488313761853800116      
   1.18694916060536245316178510739742847        0.161546210784858065710504376369615975      
   1.17721395108139797857754895532433199        0.161351816730094006049475192875478137      
   1.16746712293099682916931005440125941        0.161159478622297509703518398423344545      
   1.15770877235141789568471100328538277        0.160969185327994267314749807126878311      
   1.14793899565364179306327726323125511        0.160780925862649644211825072715259948      
   1.13815788926142030994006355177887385        0.160594689389021482934622940900251101      
   1.12836554971032474514334342619299158        0.160410465215541015019125920855522805      
   1.11856207364679314057887662235881900        0.160228242794721408349544368724932293      
   1.10874755782717641990418093377006117        0.160048011721593486481692237504007130      
   1.09892209911678344240703482614996237        0.159869761732168166212743029161223386      
   1.08908579448892498151314347953891835        0.159693482701925169323617650025922691      
   1.07923874102395663735851442569439887        0.159519164644327573857065379940565917      
   1.06938103590832069287260929962974664        0.159346797709361779522522015828734243      
   1.05951277643358692282876534623620961        0.159176372182102470843440750439531641      
   1.04963405999549236532871411327587054        0.159007878481302170489219740806560575      
   1.03974498409298006519826511861160452        0.158841307158004983867181257930138560      
   1.02984564632723679878136910128565221        0.158676648894184144495238171183002749      
   1.01993614440072978962982865282578125        0.158513894501402977937727608784487130      
   1.01001657611624242459588347772647719        0.158353034919498910170082221031275851      
   1.00008703937590897984476315212630629        0.158194061215290154147103719907905653      
  0.990147632180248366314071939911925726        0.158036964581304716089036129772357917      
  0.980198452627196904156547889381472655        0.157881736334531370573723674763486972      
  0.970239598911140135712321975680642344        0.157728367915192260936081586046857948      
  0.960271169321943686566292379897975874        0.157576850885536788731996838252202269      
  0.950293262243983184255624011315888160        0.157427176928656463126591122949418109      
  0.940305976155173244201683992135785367        0.157279337847320388020396372811512000      
  0.930309409625995532449929942235934398        0.157133325562831071535188058465243744      
  0.920303661318525914810379434318922804        0.156989132113900249147668576810428535      
  0.910288829985460702000305847234358112        0.156846749655544418287471646926718519      
  0.900265014469142000399727938329270697        0.156706170457999788609554910008624196      
  0.890232313700582178039087696325938037        0.156567386905656358413357701395836791      
  0.880190826698487455447243337333304567        0.156430391496010833815432330078504367      
  0.870140652568280630996541581979534059        0.156295176838638113291833152145806696      
  0.860081890501122950390275516063050568        0.156161735654181066094508639237471335      
  0.850014639772935129946281306250021770        0.156030060773358338815347723430153795      
  0.839938999743417543338778732829431785        0.155900145135989930025365327483186299      
  0.829855069855069581468816830944821372        0.155771981790040278457680008999186901      
  0.819762949632208195141846818567891780        0.155645563890678615634272582673722721      
  0.809662738679985630239009853218723088        0.155520884699356339160780787122310278      
  0.799554536683406365076696920468528993        0.155397937582901168133474792508155756      
  0.789438443406343259656812236925302725        0.155276716012627847220697793564369174      
  0.779314558690552926517949870986427464        0.155157213563465171000006181196384933      
  0.769182982454690332905375769376436007        0.155039423913099105054502707948500555      
  0.759043814693322643985293950549610859        0.154923340841131785159860167931509319      
  0.748897155475942316836366212549548410        0.154808958228256180629659336486127879      
  0.738743104945979454958849228952186016        0.154696270055446212533232358622790673      
  0.728581763319813433049011299094042317        0.154585270403162122059474387440197017      
  0.718413230885783801793693205871412122        0.154475953450570888774270489765047214      
  0.708237608003200482446983544906289430        0.154368313474781502910437166643640457      
  0.698054995101353260957988452678398753        0.154262344850094900139502409133547441      
  0.687865492678520591425588809138334942        0.154158042047268371506299268749911071      
  0.677669201300977718662894654114459866        0.154055399632794265362231280946318343      
  0.667466221602004129660826669228178940        0.153954412268192802213142536604604028      
  0.657256654280890343746878071713683795        0.153855074709318827404903904229975309      
  0.647040600101944051241637078128040632        0.153757381805682330505978707730437726      
  0.636818159893495610422080160018579817        0.153661328499782564113181890344941885      
  0.626589434546902912606979566724783886        0.153566909826455598606380418678193047      
  0.616354525015555625186004970124639936        0.153474120912235153111742945450090689      
  0.606113532313878822420238530740143855        0.153382956974726546603037758441025008      
  0.595866557516336013847865133599491834        0.153293413321993616678065815695632698      
  0.585613701756431580134744935977955001        0.153205485351958457094229164557642405      
  0.575355066225712626215423648926813743        0.153119168551813828635067261895886645      
  0.565090752172770261575887082629946899        0.153034458497448101309902753014150861      
  0.554820860902240317535020365339546864        0.152951350852882589263048361781126949      
  0.544545493773803511387288841134481205        0.152869841369721143088829073461227675      
  0.534264752201185067274616908175700811        0.152789925886611867515428258986946993      
  0.523978737651153803660802922622118837        0.152711600328720835635701379801708706      
  0.513687551642520697287072710998154786        0.152634860707217674028015020946820112      
  0.503391295745136933492541153612949798        0.152559703118772896226231737513328331      
  0.493090071578891452788420672625739715        0.152486123745066865066513874398635844      
  0.482783980812708003579787230499307101        0.152414118852310267460976096990218335      
  0.472473125163541710933588568814535953        0.152343684790775988125664310817887179      
  0.462157606395375171296355845628128390        0.152274817994342271724139721789878801      
  0.451837526318214083069758514601156161        0.152207514980047065779337872007768929      
  0.441512986787082422956723184831556249        0.152141772347653439556566338136802048      
  0.431184089701017177995320261477344947        0.152077586779225976930690797646427574      
  0.420850937002062643202007349613225298        0.152014955038718044021904128018017677      
  0.410513630674264294750105664041417655        0.151953873971569835118121978235582512      
  0.400172272742662248613574983664401503        0.151894340504317103099124514820234994      
  0.389826965272284314610243979176208495        0.151836351644210483239170958738796910      
  0.379477810367138655782645986860514980        0.151779904478845321892034416037324033      
  0.369124910169206063058505459786375931        0.151724996175801924156303499667364748      
  0.358768366857431855136717362222370547        0.151671623982296137180419933171251015      
  0.348408282646717413548360646171988516        0.151619785224840188297295390178990914      
  0.338044759786911362845887624060896095        0.151569477308913699678486621939979522      
  0.327677900561800405877133493243086629        0.151520697718644803668799115717527365      
  0.317307807288099824104194441570108775        0.151473444016501285404813645867886326      
  0.306934582314443652930528635187836580        0.151427713842991681736149115490136907      
  0.296558328020374542002841927360893798        0.151383504916376267857236043040373211      
  0.286179146815333310457429298818832046        0.151340815032387865420910493972434613      
  0.275797141137648207083653815184182412        0.151299642063962408244166866066290379      
  0.265412413453523885380157235765437727        0.151259983960979204031835016629240236      
  0.255025066256030103482210301634164179        0.151221838750010832836665231505180834      
  0.244635202064090158941326141682785073        0.151185204534082625245193603803437632      
  0.234242923421469068340877136478149488        0.151150079492441665528688801273229511      
  0.223848332895761501733973945357973437        0.151116461880335267228305896153632241      
  0.213451533077379481892285207507454702        0.151084350028798870854139987738602820      
  0.203052626578539858356797648819234680        0.151053742344453315570017454799525676      
  0.192651716032251566283738940271942817        0.151024637309311438910411599614382273      
  0.182248904091302680081009638424495101        0.150997033480593960733638492559018874      
  0.171844293427247271832495873452254812        0.150970929490554609757285291030269454      
  0.161437986729392084509561114957860030        0.150946324046314453148445919752223287      
  0.151030086703783029970843321558597648        0.150923215929705391753578367368818792      
  0.140620696072191521753213048942220922        0.150901603997122785651436891376306973      
  0.130209917571100652658378635626962290        0.150881487179387176798346780950149149      
  0.119797853950691227141156389966292300        0.150862864481615077608847814789426358      
  0.109384607973827658506856750886477344        0.150845734983098796377197554419789538      
   9.89702824150437409265716742915593838E-0002  0.150830097837195272497153506684314725      
   8.85549800595283062803839938472271111E-0002  0.150815952271223896479594743326527593      
   7.81388037021107758396562067683111342E-0002  0.150803297586373291800644352285961495      
   6.77218561462466168005940310655262675E-0002  0.150792133157617037637754887207857149      
   5.73042402030027136822191602120083532E-0002  0.150782458433638313568456149023692975      
   4.68860586900426646027258951007639545E-0002  0.150774272936763449316870537775219527      
   3.64674144306120124489377531874810244E-0002  0.150767576262904364637404597359205208      
   2.60484102525234209542227335316421062E-0002  0.150762368081509886423951753449867252      
   1.56291489871418057007696477205968721E-0002  0.150758648135525932127213283616456690      
   5.20973346836943006257280501975842834E-0003  0.150756416241364550553082465402841728      
  -5.20973346836902389418163885337617360E-0003  0.150755672288881813102158750073823266      
  -1.56291489871413995363871995982115290E-0002  0.150756416241364550495081134623178988      
  -2.60484102525230147978576819328218826E-0002  0.150758648135525932011207759743563069      
  -3.64674144306116063045986974633271909E-0002  0.150762368081509886249936311511942166      
  -4.68860586900422584744213159106536076E-0002  0.150767576262904364405370649036810178      
  -5.73042402030023075739573799615085619E-0002  0.150774272936763449026806630366976502      
  -6.77218561462462107163831743458701494E-0002  0.150782458433638313220347964066855131      
  -7.81388037021103697835041607978263364E-0002  0.150792133157617037231585238753442594      
  -8.85549800595279002562983689151069869E-0002  0.150803297586373291336393184828063034      
  -9.89702824150433349385597642043673644E-0002  0.150815952271223895957239129385334593      
 -0.109384607973827252558925493417774886        0.150830097837195271916667644042304336      
 -0.119797853950690821237312327309780764        0.150845734983098795738552763010467277      
 -0.130209917571100246802627874853528885        0.150862864481615076912012533237917514      
 -0.140620696072191115949561222461279470        0.150881487179387176043286562764863756      
 -0.151030086703782624223295547584113543        0.150901603997122784838114400790822996      
 -0.161437986729391678822121957979450541        0.150923215929705390881953374833048340      
 -0.171844293427246866209169304711754425        0.150946324046314452218475297071847590      
 -0.182248904091302274525798996398375617        0.150970929490554608768923006153348460      
 -0.192651716032251160800646891159978821        0.150997033480593959686835604008601459      
 -0.203052626578539452949826147039804238        0.151024637309311437805116250565861825      
 -0.213451533077379076565435456199864780        0.151053742344453314406174866801405297      
 -0.223848332895761096491246356892200324        0.151084350028798869631692454075252584      
 -0.234242923421468663186271292972383712        0.151116461880335265947192774848538844      
 -0.244635202064089753878840755529170523        0.151150079492441664188846507731156247      
 -0.255025066256029698515843176033121313        0.151185204534082623846555603089829212      
 -0.265412413453523480513905225268959857        0.151221838750010831379162030261063761      
 -0.275797141137647802321512786248494776        0.151259983960979202515394154619785545      
 -0.286179146815332905803394090366803238        0.151299642063962406668712907361119294      
 -0.296558328020374137460906311354588322        0.151340815032387863786365017755663348      
 -0.306934582314443248504685277211597959        0.151383504916376266163517634048305239      
 -0.317307807288099419798434861424562154        0.151427713842991679983173354074424699      
 -0.327677900561800001695448025550449618        0.151473444016501283592493097681895835      
 -0.338044759786910958792265378881987226        0.151520697718644801797043321023549992      
 -0.348408282646717009626789469635320681        0.151569477308913697747202084534846185      
 -0.358768366857431451351183797165722230        0.151619785224840186306385565935552203      
 -0.369124910169205659412994706411218954        0.151671623982296135129785218193096130      
 -0.379477810367138252281141863399700051        0.151724996175801922045841218054058498      
 -0.389826965272283911256728882575286874        0.151779904478845319721638807257348588      
 -0.400172272742661845412029850276974900        0.151836351644210481008733164607289263      
 -0.410513630674263891704509930338903714        0.151894340504317100808532566078516013      
 -0.420850937002062240316338912909425969        0.151953873971569832767260780729376583      
 -0.431184089701016775273555440668206213        0.152014955038718041610655448471163302      
 -0.441512986787082020402836681150505589        0.152077586779225974458933249026780783      
 -0.451837526318213680687723372390406501        0.152141772347653437024175364610933423      
 -0.462157606395374769090143413126333830        0.152207514980047063186185733480953844      
 -0.472473125163541308907168458961188441        0.152274817994342269070095478027776681      
 -0.482783980812707601737127281756259109        0.152343684790775985410593805146201731      
 -0.493090071578891051133486909816240498        0.152414118852310264684741939568524984      
 -0.503391295745136532029297748778581681        0.152486123745066862228975425064454345      
 -0.513687551642520296019481944274055144        0.152559703118772893327245088192411105      
 -0.523978737651153402592825143130875510        0.152634860707217671067432977625515287      
 -0.534264752201184666410210494940304254        0.152711600328720832613373444057146035      
 -0.544545493773803110730410164010722226        0.152789925886611864431200609070680116      
 -0.554820860902239917089623745968243157        0.152869841369721139942544544931852374      
 -0.565090752172769861345924755409384911        0.152951350852882586054546427681276456      
 -0.575355066225712226204845722005790573        0.153034458497448098039019503587152596      
 -0.585613701756431180347499352269806100        0.153119168551813825301635383837242014      
 -0.595866557516335614287897631817487862        0.153205485351958453698077919796370710      
 -0.606113532313878423091492606454643033        0.153293413321993613219021019700394862      
 -0.616354525015555226092421836842378002        0.153382956974726543080921758045816614      
 -0.626589434546902513752498116990688856        0.153474120912235149526374596194165847      
 -0.636818159893495211810636926540492226        0.153566909826455594957575061654749972      
 -0.647040600101943652877166194924725093        0.153661328499782560400751328552967862      
 -0.657256654280889945633311235286514387        0.153757381805682326729731181923977520      
 -0.667466221602003731802093099756882248        0.153855074709318823564644068258948609      
 -0.677669201300977321062921056677297787        0.153954412268192798308671432241159309      
 -0.687865492678520194088299334957111376        0.154055399632794261393346312190567738      
 -0.698054995101352863887304660388670655        0.154158042047268367472794175608747100      
 -0.708237608003200085646824361853166437        0.154262344850094896041167240866095553      
 -0.718413230885783405267974889431326192        0.154368313474781498747058254466751556      
 -0.728581763319813036801647398022868036        0.154475953450570884545630419012082798      
 -0.738743104945979058993750544760094646        0.154585270403162117765351969166204512      
 -0.748897155475941921157440760902975463        0.154696270055446208173402600649008723      
 -0.759043814693322248596446922700719694        0.154808958228256176203893413876601186      
 -0.769182982454689937810509493620456278        0.154923340841131780667925392894428912      
 -0.779314558690552531720963774147250039        0.155039423913099100496162499154719308      
 -0.789438443406342865161602805869713381        0.155157213563465166375020032507387849      
 -0.799554536683405970887157663649452582        0.155276716012627842528821242161806042      
 -0.809662738679985236359031262247869428        0.155397937582901163374459386416866922      
 -0.819762949632207801575316329818173547        0.155520884699356334334374052118597239      
 -0.829855069855069188219618787182926260        0.155645563890678610740217988570432862      
 -0.839938999743417150410794344878927988        0.155771981790040273495716935298994116      
 -0.850014639772934737343388614685373571        0.155900145135989924995229028391260201      
 -0.860081890501122558116349352934923941        0.156030060773358333716769292217216462      
 -0.870140652568280239055453532571768407        0.156161735654181060927214971944042153      
 -0.880190826698487063842861701951928565        0.156295176838638108055546910618235205      
 -0.890232313700581786775277452120608601        0.156430391496010828509871904327185316      
 -0.900265014469141609480350701147507846        0.156567386905656353038237171265791613      
 -0.910288829985460311429219833508955608        0.156706170457999783164584006152419809      
 -0.920303661318525524591439422988909745        0.156846749655544412772355711069475734      
 -0.930309409625995142586987236701463317        0.156989132113900243562108521296450104      
 -0.940305976155172854698586382247322496        0.157133325562831065878880325075564525      
 -0.950293262243982795116215735398081496        0.157279337847320382293032890841442090      
 -0.960271169321943297794414086808573841        0.157427176928656457327859266534913078      
 -0.970239598911139747311810686904840972        0.157576850885536782861579382933652871      
 -0.980198452627196516131236961162062257        0.157728367915192254993656664558645251      
 -0.990147632180247978667791025415612682        0.157881736334531364558964732037397034      
  -1.00008703937590859258133816364658178        0.158036964581304710001611877142692555      
  -1.01001657611624203771913654892340799        0.158194061215290147986678088505863873      
  -1.01993614440072940314357810100309343        0.158353034919498903936314314355911688      
  -1.02984564632723641268942938970548075        0.158513894501402971630271654437276409      
  -1.03974498409297967950444681884728068        0.158676648894184138113743471752770447      
  -1.04963405999549198003682386760311955        0.158841307158004977411292141014813731      
  -1.05951277643358653794260583006312757        0.159007878481302163958575508157932749      
  -1.06938103590832030839597918396592924        0.159176372182102464237675626216884648      
  -1.07923874102395625329520833965959288        0.159346797709361772841265093946928467      
  -1.08908579448892459786695197291156381        0.159519164644327567099940570497827780      
  -1.09892209911678305918174433195599622        0.159693482701925162490243624796282710      
  -1.10874755782717603710357373091235256        0.159869761732168159302733166136217067      
  -1.11856207364679275820673079828760291        0.160048011721593479494654564467921457      
  -1.12836554971032436320343283961767151        0.160228242794721401285081505847539569      
  -1.13815788926141992843615779542155931        0.160410465215541007876835022285895678      
  -1.14793899565364141199914162662240369        0.160594689389021475714095635344897538      
  -1.15770877235141751506410643560191275        0.160780925862649636912647402983452168      
  -1.16746712293099644899599312734749937        0.160969185327994259936502168625678701      
  -1.17721395108139759885527182605617469        0.161159478622297502245775476584450325      
  -1.18694916060536207389429548149005495        0.161351816730093998511805899495617693      
  -1.19667265542030213566614701883336719        0.161546210784858058092471784845831956      
  -1.20638433955924949437550789736340381        0.161742672070679455789475041294546781      
  -1.21608411717180246411224593758737842        0.161941212023968310476213711662202329      
  -1.22577189252507196761968264337028929        0.162141842235189556996114125835221336      
  -1.23544757000462638126085487383062632        0.162344574450627527793482694113277809      
  -1.24511105411543521085753249734552338        0.162549420574181172058798922625505855      
  -1.25476224948281158908829247390964544        0.162756392669190451754831812406697970      
  -1.26440106085335358514358054844930237        0.162965502960294465746149267707869243      
  -1.27402739309588431734741428171430145        0.163176763835321865389839796337766985      
  -1.28364115120239085946719538135813805        0.163390187847214137367127116553131206      
  -1.29324224028896193144500510717052046        0.163605787715982342251801864966275557      
  -1.30283056559672436529575379363936489        0.163823576330697910330019255966550114      
  -1.31240603249277833692964414168414630        0.164043566751518109515251769202291779      
  -1.32196854647113135466858776020904474        0.164265772211746813850519569582770485      
  -1.33151801315363099523848536686281793        0.164490206119931215066177505260968472      
  -1.34105433829089637803164296495355037        0.164716882061995133974504795209857489      
  -1.35057742776324836844604907784340321        0.164945813803409603141378534313071422      
  -1.36008718758163850112078162043740983        0.165177015291401407289948362198737756      
  -1.36958352388857661389944709578201958        0.165410500657200283271286468300527396      
  -1.37906634295905718336627939860987816        0.165646284218325497192579352591035321      
  -1.38853555120148435281234046132070570        0.165884380480912532434975439376029351      
  -1.39799105515859564350217016489560312        0.166124804142080638831441100051851366      
  -1.40743276150838434012422823023479334        0.166367570092342010220968075216722937      
  -1.41686057706502054132155607612825396        0.166612693418053374960615623622249212      
  -1.42627440877977086621226174936875106        0.166860189403910801772906902119387738      
  -1.43567416374191680782269587036419265        0.167110073535488541545136732496947854      
  -1.44505974917967172436954096308242265        0.167362361501822744391664485330316841      
  -1.45443107246109645934048041946388657        0.167617069198040910453123122192011639      
  -1.46378804109501358133664655288013648        0.167874212728037952550932682062099048      
  -1.47313056273192023465366958923188795        0.168133808407199768955233745509645638      
  -1.48245854516489959159186089342150093        0.168395872765175245173448593443670692      
  -1.49177189633053089749986409787514066        0.168660422548697624839669195147961833      
  -1.50107052430979809956999695232513186        0.168927474724456211496950520547179957      
  -1.51035433732899705041748451311306916        0.169197046482019385330813690027019070      
  -1.51962324376064127748985059788370753        0.169469155236809941748781056111125036      
  -1.52887715212436630936688910887974635        0.169743818633133782124022332470250226      
  -1.53811597108783255002587973541753608        0.170021054547263011048155610734652289      
  -1.54733960946762669216104354295150915        0.170300881090574519086426250849538812      
  -1.55654797623016166066065290097984438        0.170583316612745155315944112710257531      
  -1.56574098049257507735971695259614624        0.170868379705004619873035987285526944      
  -1.57491853152362623820075824157614501        0.171156089203447233358302803722778595      
  -1.58408053874459159394987804446356285        0.171446464192403767267515461454642736      
  -1.59322691173015872563007726028055614        0.171739524007874547653533754789510766      
  -1.60235756020931880584865624346862470        0.172035288241025073000146768627169364      
  -1.61147239406625753721046057983735355        0.172333776741745416824952885325780767      
  -1.62057132334124455902377035317364502        0.172635009622274715847675680208434414      
  -1.62965425823152131352074778339750671        0.172939007260892075685936287727741894      
  -1.63872110909218736282956208654025826        0.173245790305675257996522623296129331      
  -1.64777178643708514795060086230994411        0.173555379678328545791449313611351050      
  -1.65680620093968318100455410568633997        0.173867796578081217350244678962495433      
  -1.66582426343395766203561991309142190        0.174183062485658093749434637481973063      
  -1.67482588491527251166862995859715872        0.174501199167323660564497248348515332      
  -1.68381097654125781093452769789879657        0.174822228679001300796924153961931425      
  -1.69277944963268663959435286308813677        0.175146173370469213568676958329601205      
  -1.70173121567435030430769198445200099        0.175473055889634631638474670017565263      
  -1.71066618631593194800744626059521912        0.175802899186887990360212105126784257      
  -1.71958427337287853185874493830187663        0.176135726519538741355657394944389485      
  -1.72848538882727118119589430101795211        0.176471561456334545944766367477479805      
  -1.73736944482869388684739924113827254        0.176810427882065626301967741175463836      
  -1.74623635369510055327532604704761214        0.177152350002256096421271028783767548      
  -1.75508602791368038497159131089988934        0.177497352347944140313897605351762803      
  -1.76391838014172160257016259638583574        0.177845459780552951467462151117965252      
  -1.77273332320747348015064153536942294        0.178196697496854395504970109972608142      
  -1.78153077011100669522526918556634644        0.178551091034027407235835230786607015      
  -1.79031063402507198291804661486285714        0.178908666274813183931953834215897761      
  -1.79907282829595708586140061707061385        0.179269449452769288733252214433067968      
  -1.80781726644434199135264504369614679        0.179633467157624831634217714772470080      
  -1.81654386216615244732939229065954173        0.180000746340738950572471317966112312      
  -1.82525252933341174874005684099009519        0.180371314320664871780810396387664116      
  -1.83394318199509078590266326669827718        0.180745198788821886825408789984106561      
  -1.84261573437795634646232456679469355        0.181122427815277643686830669480147350      
  -1.85127010088741766257499299449969782        0.181503029854643210900844243956275475      
  -1.85990619610837119496240443494711561        0.181887033752083437218257808991291049      
  -1.86852393480604364550053876420121641        0.182274468749445194524660850009698520      
  -1.87712323192683319002140227943344322        0.182665364491506158941600814304740949      
  -1.88570400259914892302550406608759834        0.183059751032346854172052358120873768      
  -1.89426616213424850602004588743215057        0.183457658841848752318940829334192303      
  -1.90280962602707401121557467088026141        0.183859118812321300662162452912941554      
  -1.91133430995708595233165774886899969        0.184264162265260818295584025414842729      
  -1.91984012978909549428003351414096214        0.184672820958244284171969893624180986      
  -1.92832700157409483351166389337223683        0.185085127091961118054317977131678731      
  -1.93679484155008574083216985184687757        0.185501113317386138203015871431547838      
  -1.94524356614290625850826683709598371        0.185920812743096964418667731499002946      
  -1.95367309196705554350603347210722641        0.186344258942739222392408160274412276      
  -1.96208333582651684872014373907964945        0.186771485962642995274042978304243070      
  -1.97047421471557863407157017216542021        0.187202528329594061041609078222622148      
  -1.97884564581965379936972302082876395        0.187637421058763549735362208732385034      
  -1.98719754651609703085352777219484057        0.188076199661799752999615591698878738      
  -1.99552983437502025334456064810118262        0.188518900155085919755632534071867385      
  -2.00384242716010617996405853675666545        0.188965559068167976309971432908608834      
  -2.01213524282941995138439609542785166        0.189416213452356216891171288831389787      
  -2.02040819953621885660447828409537392        0.189870900889505121613317700395899871      
  -2.02866121562976012725743117445763856        0.190329659500975573301863594006796429      
  -2.03689420965610679747798733712864696        0.190792527956783862603440401855074281      
  -2.04510710035893162137605425472610470        0.191259545484941992460132820335458455      
  -2.05329980668031904018212485134344479        0.191730751880993918487344161338615428      
  -2.06147224776156519114943818043831591        0.192206187517752491185378034233166017      
  -2.06962434294397595031712538347130492        0.192685893355241999375727033868036650      
  -2.07775601176966300125798102994155466        0.193169910950851351926619055592545824      
  -2.08586717398233792195398268427120827        0.193658282469703076866987302142967426      
  -2.09395774952810428196224182400141700        0.194151050695243463537827739601451935      
  -2.10202765855624774205370686392692715        0.194648259040059324655026090632740482      
  -2.11007682142002414852665382829865526        0.195149951556927011224582184280558858      
  -2.11810515867744561441679196348698572        0.195656172950099474332676396529343992      
  -2.12611259109206457984568010118638041        0.196166968586837334108972989424329375      
  -2.13409903963375584376909467125988675        0.196682384509190087818812871426469330      
  -2.14206442547949655940701172682041594        0.197202467446033766272808777662910715      
  -2.15000867001414418565696298452032087        0.197727264825371530752857505377835455      
  -2.15793169483121238681269950191641660        0.198256824786903891651846211171943375      
  -2.16583342173364487293034601208855400        0.198791196194875425228907556996523750      
  -2.17371377273458717320455391356278397        0.199330428651205066520332235839472505      
  -2.18157267005815633473756127042586835        0.199874572508907264754732050695265364      
  -2.18941003614020853910454371197285718        0.200423678885811502845918714426876651      
  -2.19722579362910462913919063121871889        0.200977799678587904934407593559943346      
  -2.20501986538647353838406636430298501        0.201536987577086885785132066129600056      
  -2.21279217448797361567101588466022810        0.202101296079001033402468015970690443      
  -2.22054264422405183731764876251936921        0.202670779504857661783060841471808716      
  -2.22827119810070089944678351679849871        0.203245493013350724593213340108725413      
  -2.23597775984021418295665681701381685        0.203825492617021043044219843228260474      
  -2.24366225338193858369069807092658975        0.204410835198294072672569602861313203      
  -2.25132460288302520037673955208789036        0.205001578525884714452597915617860945      
  -2.25896473271917787292667517225860505        0.205597781271578966031427253929067646      
  -2.26658256748539956370879707820951253        0.206199503027402509249343116222195887      
  -2.27417803199673657442632824124891717        0.206806804323186640878150206565668499      
  -2.28175105128902059125703090086976152        0.207419746644542275076967308921572629      
  -2.28930155061960855093020491032300203        0.208038392451253078847871463093656710      
  -2.29682945546812032043889650016249038        0.208662805196099146209234757066392743      
  -2.30433469153717418310671651360866933        0.209293049344122973347704241392506484      
  -2.31181718475312012375031756197236566        0.209929190392349866135386703265757326      
  -2.31927686126677090570030158568545008        0.210571294889975293602308076387620227      
  -2.32671364745413093246512277231417248        0.211219430459032096752553415481479847      
  -2.33412746991712288684441546219104315        0.211873665815550872045153130702995028      
  -2.34151825548431214032011234919649054        0.212534070791227273490903018705547973      
  -2.34888593121162892557572474225607894        0.213200716355610417231805833780117335      
  -2.35623042438308826501623367509782990        0.213873674638827028284588949368513312      
  -2.36355166251150764818318801984588321        0.214553018954856441484902958656187360      
  -2.37084957333922245098182325552589137        0.215238823825372058234008254261759373      
  -2.37812408483879908965930194624624738        0.215931165004165368124623383364583025      
  -2.38537512521374590249553407573005895        0.216630119502169170638163900974589501      
  -2.39260262289922175219046194435000864        0.217335765613097177625822882342035119      
  -2.39980650656274234195419014052098532        0.218048182939717743009396732201551743      
  -2.40698670510488423832890592820895484        0.218767452420780052899303027223805530      
  -2.41414314765998659379416902371331520        0.219493656358611717999836865349344837      
  -2.42127576359685056222985194438909327        0.220226878447407341668345296725556741      
  -2.42838448251943640033378267553312978        0.220967203802228292270662218948752885      
  -2.43546923426755824811398009452866280        0.221714718988734588528973235362359586      
  -2.44252994891757658159827918811668201        0.222469512053670512435779110483046104      
  -2.44956655678308833092711737326134880        0.223231672556126297103036390821594821      
  -2.45657898841561465701829495775369773        0.224001291599598997774332738948768686      
  -2.46356717460528638001563172604037104        0.224778461864876444349406909870946252      
  -2.47053104638152705275661758069617955        0.225563277643768994410372741240073405      
  -2.47747053501373367251739788174364553        0.226355834873714658213124583669934554      
  -2.48438557201195502431674337526323330        0.227156231173284052793701107250320896      
  -2.49127608912756764908403015938172394        0.227964565878612562681887764391516843      
  -2.49814201835394943001969676906596077        0.228780940080788041226431061011777189      
  -2.50498329192715079050015293982540523        0.229605456664223380804319899880812082      
  -2.51179984232656349690268770243038795        0.230438220346044313873934117289055611      
  -2.51859160227558705974956293342659725        0.231279337716523881682697033817993025      
  -2.52535850474229272659418210626815443        0.232128917280596125283699704225917933      
  -2.53210048294008506009599252135633256        0.232987069500482716271933340007878874      
  -2.53881747032836109475461250557277243        0.233853906839467454333292807838958290      
  -2.54550940061316706579757272781082162        0.234729543806854817422211474100711628      
  -2.55217620774785270374002264067601429        0.235614097004150060365681504550113715      
  -2.55881782593372308815877889345296958        0.236507685172499721262480664030910354      
  -2.56543418962068805424718213049566657        0.237410429241432814653673924349890688      
  -2.57202523350790914574138165463695113        0.238322452378944468654365669260195269      
  -2.57859089254444410783288375865016575        0.239243880042965302758026517950227191      
  -2.58513110192988891370647887022566330        0.240174840034261446691827877841552582      
  -2.59164579711501731836700477772039005        0.241115462550811771497823590425549698      
  -2.59813491380241793344280786485266169        0.242065880243710645077416925431820692      
  -2.60459838794712881667823124168279544        0.243026228274646339064237308327765874      
  -2.61103615575726956985198767516408069        0.243996644375007105553388022313128168      
  -2.61744815369467093888286605317650988        0.244977268906668914563980811882077948      
  -2.62383431847550190990887251856588935        0.245968244924520899989153900961033250      
  -2.63019458707089429515062114099437182        0.246969718240786707237805807041950341      
  -2.63652889670756480239456381045040702        0.247981837491202174053385794935134807      
  -2.64283718486843458195648469254921305        0.249004754203112111591867412680204104      
  -2.64911938929324624501058083716124395        0.250038622865551390477567845258117728      
  -2.65537544797917834719440713271977461        0.251083601001378081209323081947220172      
  -2.66160529918145733142498050246810702        0.252139849241529055206645094478474517      
  -2.66780888141396692388641479900722548        0.253207531401471227496093917049384599      
  -2.67398613344985497717459402230049766        0.254286814559924520373566782260490967      
  -2.68013699432213775460958701569935606        0.255377869139935655489040038843366799      
  -2.68626140332430164975176143590314397        0.256480868992385046175276642655366732      
  -2.69235930001090233518286829680431549        0.257595991482012369328587844332067171      
  -2.69843062419816133463874050406289448        0.258723417576049853975781602190849946      
  -2.70447531596456001260567927658898275        0.259863331935555939458397999650208775      
  -2.71049331565143097551809094190055962        0.261015923009545737992975157590578849      
  -2.71648456386354687872048304300380110        0.262181383132018692738811931037072048      
  -2.72244900146970663338253275288141071        0.263359908621987962419675543855159863      
  -2.72838656960331900758160200616940864        0.264551699886620396513115195005611093      
  -2.73429720966298361579279227288651945        0.265756961527600501095300519777954003      
  -2.74018086331306929105240726232154820        0.266975902450836545244493481430981417      
  -2.74603747248428983408652380199034853        0.268208735979631932711916621030359797      
  -2.75186697937427713372225943199426051        0.269455679971450175269167003851247904      
  -2.75766932644815165292526963363923976        0.270716956938407265337237217964174940      
  -2.76344445643909027483300781674866585        0.271992794171630969535658970881241147      
  -2.76919231234889150317933696611157403        0.273283423869632565792341619474008626      
  -2.77491283744853801153219293679175002        0.274589083270842839596622867883118455      
  -2.78060597527875653579216553287590239        0.275910014790470755726189764054559451      
  -2.78627166965057510442608444641161326        0.277246466161850147152885272961700643      
  -2.79190986464587760093597261398797165        0.278598690582447030669603863598126690      
  -2.79752050461795565309005930831521240        0.279966946864707788001106515140262026      
  -2.80310353419205784346892906140028345        0.281351499591936461842518364935050871      
  -2.80865889826593623590632005409578186        0.282752619279397829721151756691623199      
  -2.81418654201039021243057664299228808        0.284170582540851757427714166484392309      
  -2.81968641086980761533930496837301223        0.285605672260733622045739167610240782      
  -2.82515845056270318906637783427346394        0.287058177772205357859157953575950751      
  -2.83060260708225431652708501108366372        0.288528395041311943778363711831033880      
  -2.83601882669683404465392751957171086        0.290016626857488947251779758308682699      
  -2.84140705595054139386230904915340250        0.291523183030678097614522902240750378      
  -2.84676724166372894621218417862606110        0.293048380595319814122795152731869967      
  -2.85209933093352770705858123985615575        0.294592544021504195287263019469061543      
  -2.85740327113436923501082722898054515        0.296156005433575223554878530350437280      
  -2.86267900991850503504726285996353135        0.297739104836496892308887160137079551      
  -2.86792649521652320965924740575542787        0.299342190350304662554264653186614585      
  -2.87314567523786236292531511622972858        0.300965618452981149289649838776125732      
  -2.87833649847132275244345747244298436        0.302609754232111270162082435743504313      
  -2.88349891368557468407666806597484809        0.304274971645689312464274436562475969      
  -2.88863286992966414449409921208230845        0.305961653792468543186979621289500037      
  -2.89373831653351566651744124756732844        0.307670193192263158668367107598465618      
  -2.89881520310843242230944655954744296        0.309400992076632607312635452054214313      
  -2.90386347954759353946888047018501240        0.311154462690399687036772790361729229      
  -2.90888309602654863512358989483969001        0.312931027604476389250905099348164566      
  -2.91387400300370956314083792654667791        0.314731120040495308879047168607645259      
  -2.91883615122083936960155790719855008        0.316555184207769646041188301629192658      
  -2.92376949170353845171273385385364362        0.318403675653131476067619857393636969      
  -2.92867397576172791535971504526921634        0.320277061624226153126345845132606335      
  -2.93354955499013012652792086665254378        0.322175821446870538111735471380627727      
  -2.93839618126874645185108738686058094        0.324100446917114309850232612576497516      
  -2.94321380676333218357094932851634808        0.326051442708677044051144542535132242      
  -2.94800238392586864422103981394380897        0.328029326796469148936019086836117784      
  -2.95276186549503246637512525418911640        0.330034630896942261187322491878061876      
  -2.95749220449666204282867371997468896        0.332067900926054471446171740885550466      
  -2.96219335424422114260968181704974222        0.334129697475677916125657607274567309      
  -2.96686526833925968824315720843144527        0.336220596309321004084592251878400770      
  -2.97150790067187168972157120640141691        0.338341188878085017164533452861461714      
  -2.97612120542115033066165802131341202        0.340492082857825220311486869359206619      
  -2.98070513705564020215604402531770271        0.342673902708540141793846619394646617      
  -2.98525965033378667985634148961318235        0.344887290257069554117105401437856879      
  -2.98978470030438243985253640595980993        0.347132905304242135560635627291613418      
  -2.99428024230701110894173892864667199        0.349411426257678072881278984748847194      
  -2.99874623197248804490764739320810769        0.351723550791520249365616730407962494      
  -3.00318262522329824246040250377577680        0.354069996534440442140326853041766170      
  -3.00758937827403136051487685248572341        0.356451501787344444733470585204575734      
  -3.01196644763181386651385616184010562        0.358868826272282576793962150954589666      
  -3.01631379009673829353102224394585623        0.361322751914160011514641167827470445      
  -3.02063136276228960591714336829168688        0.363814083656935141395981686038539429      
  -3.02491912301576866928141524093934787        0.366343650316094245751316529763516286      
  -3.02917702853871282062847484104137333        0.368912305469297485407868058980812755      
  -3.03340503730731353450022965339189160        0.371520928387205236610605652329407218      
  -3.03760310759283118100030609579885626        0.374170425006615534498557408844439450      
  -3.04177119796200687160762288456010307        0.376861728948173519963625359697501912      
  -3.04590926727747138871433742695542045        0.379595802581052915687721002991689862      
  -3.05001727469815119485219579275693638        0.382373638137158396022006637437558943      
  -3.05409517967967151760013911323930972        0.385196258877557019472376618346710327      
  -3.05814294197475650619488110157504578        0.388064720314017485922093814309334589      
  -3.06216052163362645589507249797394819        0.390980111488718759329243424343736489      
  -3.06614787900439209617860833122699742        0.393943556315385535302582987141731927      
  -3.07010497473344593888161266981685381        0.396956214985318192979554996907914762      
  -3.07403176976585068241665272445076892        0.400019285442010408212358096273999525      
  -3.07792822534572466823678947336912561        0.403134004928289780667947967728211566      
  -3.08179430301662438574116512531982511        0.406301651610177016108463665626939559      
  -3.08562996462192402184695842552780707        0.409523546281938907928243375098086556      
  -3.08943517230519205148170675982191612        0.412801054157111218826769578365766386      
  -3.09320988851056486527919893343226552        0.416135586750591367004888229991653941      
  -3.09695407598311743079138410559936437        0.419528603857249532741309392936991956      
  -3.10066769776923098355802036043880099        0.422981615632882567875798478941595056      
  -3.10435071721695774440510049952011651        0.426496184783740265220678627115857515      
  -3.10800309797638265937244256302731241        0.430073928871290706877135395399298740      
  -3.11162480399998215870021803449934095        0.433716522739363390595993823492945267      
  -3.11521579954297993133361136897938059        0.437425701071318740462730571242004684      
  -3.11877604916369971143426011556148468        0.441203261085443859148263804180482996      
  -3.12230551772391507341661519209704391        0.445051065377370732279781633845755930      
  -3.12580417038919623205688552115426415        0.448971044918958688979894057335866861      
  -3.12927197262925384425178996081509904        0.452965202223782315573776853425725968      
  -3.13270889021827980903393196981313603        0.457035614690124239859394395990414730      
  -3.13611488923528506248023844179672317        0.461184438133194800934219570965191982      
  -3.13948993606443436417956333574751393        0.465413910519193725535301593334822551      
  -3.14283399739537807195524882607139219        0.469726355914799325828563525902365088      
  -3.14614704022358090156816140355731937        0.474124188666725919268681984569658869      
  -3.14942903185064766815547738389930738        0.478609917827138461455214405108553938      
  -3.15267993988464600619028133010744643        0.483186151841963996112894111034674309      
  -3.15589973224042606477686167488999429        0.487855603520502694714010935475304140      
  -3.15908837713993717512644004465078151        0.492621095306228351049424883039769627      
  -3.16224584311254148708795414348532728        0.497485564870291858588827951685163538      
  -3.16537209899532457163842825853848269        0.502452071051015510105581028529940704      
  -3.16846711393340298626741020206488287        0.507523800164606612391465637984286484      
  -3.17153085738022880021992851496853005        0.512704072714443413606252953239962054      
  -3.17456329909789107659242872564805464        0.517996350528614255552446448478208570      
  -3.17756440915741430830618209050279198        0.523404244357944059982701124735763860      
  -3.18053415793905380501272424203198497        0.528931521969545224117973598050988302      
  -3.18347251613258802801597424036571180        0.534582116774010183049123820297632179      
  -3.18637945473760787032580636729503947        0.540360137027751097438379001888651808      
  -3.18925494506380287898799732113000578        0.546269875655722952721815032905634999      
  -3.19209895873124441686564996843587200        0.552315820743878745730845854998734812      
  -3.19491146767066576107740118703102456        0.558502666755243243992987090788980248      
  -3.19769244412373913532795529544926804        0.564835326528504499338190404665947667      
  -3.20044186064334967339674580897793550        0.571318944123565749888454274212399908      
  -3.20315969009386631108081649271510478        0.577958908584637738293471091402668745      
  -3.20584590565140960391832759891151823        0.584760868698254368390601094808460903      
  -3.20850048080411646804943447997969886        0.591730748831144175914754784634376229      
  -3.21112338935240184160165316050769142        0.598874765941278481602547362579357178      
  -3.21371460540921726401722063169400803        0.606199447864749181934304376852463591      
  -3.21627410340030637077037629985531754        0.613711652991524368796702404599977691      
  -3.21880185806445730095293487682913346        0.621418591454724655699822447755289502      
  -3.22129784445375201523698974373175442        0.629327847971012997612948325865505656      
  -3.22376203793381252175407914992270768        0.637447406484174242819822486510494784      
  -3.22619441418404400746066522521416143        0.645785676780182120690394192043810769      
  -3.22859494919787487259031738415055879        0.654351523260245715700737408503374064      
  -3.23096361928299366582355698513692578        0.663154296078764963068568324302443415      
  -3.23330040106158291783690877264681565        0.672203864876116872036594143359399946      
  -3.23560527147054987092331637579491986        0.681510655362100854007113432817467057      
  -3.23787820776175410240671365908946925        0.691085689035109061624068972877209337      
  -3.24011918750223203960420071883525409        0.700940626355138764516263060314756365      
  -3.24232818857441836411995248886723521        0.711087813726189319923090853673603623      
  -3.24450518917636430328568895926628314        0.721540334686039139268225783482828916      
  -3.24665016782195280659325861843568924        0.732312065749639918614547754778698039      
  -3.24876310334111060499563059918002272        0.743417737407286910905828332856972514      
  -3.25084397488001715098335583979705631        0.754873000841368865212341906884448562      
  -3.25289276190131043737434305803243051        0.766694500997095369410479800131482294      
  -3.25490944418428969278560117521509892        0.778899956724586137502105279726354412      
  -3.25689400182511495178642571594824354        0.791508248803790001373997887567296991      
  -3.25884641523700349776335234113615541        0.804539516771897068181127905030416085      
  -3.26076666515042317655806574444865053        0.818015265597607634945070437792283551      
  -3.26265473261328257897033634993506685        0.831958483390671602601686107530856453      
  -3.26451059899111809024896028658517692        0.846393771501907043002418326702737269      
  -3.26633424596727780472459967919391101        0.861347488562507808668944417745888751      
  -3.26812565554310230376936007873720383        0.876847910236731513698779929992908876      
  -3.26988481003810229529889955424454158        0.892925406724887559249868334806389913      
  -3.27161169209013311306383927631970430        0.909612640361004450463609509832394107      
  -3.27330628465556607400823803430115959        0.926944786010229382056849866396189908      
  -3.27496857100945669200390273868287637        0.944959777395335105543621791969625147      
  -3.27659853474570974630033326178275587        0.963698582982409093208727752245322725      
  -3.27819615977724120306114265653227082        0.983205515648465322635591372514917260      
  -3.27976143033613698838885255928855063         1.00352858105750905964828175418661604      
  -3.28129433097380861127103812120151209         1.02471987051014337980847054942929121      
  -3.28279484656114563491188681721059053         1.04683600503443029742174092179036108      
  -3.28426296228866499494434064535237113         1.06993863868886832558365500963231711      
  -3.28569866366665716304911124473655704         1.09409503049759589517120375165933470      
  -3.28710193652532915453799202115123252         1.11937869619050855899907500162351037      
  -3.28847276701494437849004016750375092         1.14587015304910894102654336900425870      
  -3.28981114160595932906036419476475609         1.17365777375419013887399961358517175      
  -3.29111704708915711661242894019622896         1.20283876831067342966492019962413445      
  -3.29239047057577783735597968571210320         1.23352031703780745752471267217040122      
  -3.29363139949764578020388969241246062         1.26582088245255864503680477306400087      
  -3.29483982160729346959245082969181387         1.29987173389085062345785444599693607      
  -3.29601572497808254304085474076542322         1.33581872623234554212043699450393056      
  -3.29715909800432146225685183277949265         1.37382438354947562852444515970059272      
  -3.29826992940138005662682700054686803         1.41407035045924710521019911242570647      
  -3.29934820820580089795979407993852167         1.45676028917537423171354780901736980      
  -3.30039392377540750538608527150872732         1.50212331975769068210591248557591608      
  -3.30140706578940937934279686837413680         1.55041812621628797468976672087721237      
  -3.30238762424850386360934825593278892         1.60193788383648392830743369554676450      
  -3.30333558947497483438781701582310971         1.65701620595033873350412721993136052      
  -3.30425095211278821545402875360897624         1.71603436501635553785618413643193066      
  -3.30513370312768431843670566996071067         1.77943011838356152620168826258106119      
  -3.30598383380726700731331259941442264         1.84770857077037962458403176695576223      
  -3.30680133576108968624258293987252277         1.92145564373843219809823448066926017      
  -3.30758620092073810988505928050685462         2.00135491253479856972583939190968071      
  -3.30833842153991001539434429620731298         2.08820883515399490988156339994787849      
  -3.30905799019449157529312630366506900         2.18296577114413361011054621476500616      
  -3.30974489978263067047942045799285227         2.28675472007198863111097779595254078      
  -3.31039914352480698263985059979101636         2.40093048152758391152309525033954296      
  -3.31102071496389890537818793101955596         2.52713307618286596052719081992326397      
  -3.31160960796524727339876069411475172         2.66736697386993781219407698901131754      
  -3.31216581671671590911575354260908726         2.82410828451043842702428651608852285      
  -3.31268933572874898609082601312468390         3.00045214564344366906580819732091888      
  -3.31318015983442520873289612800258247         3.20031906496453225571898126495976966      
  -3.31363828418950880772535736493337557         3.42874969538159916164880821147476399      
  -3.31406370427249735067742471464455454         3.69233566009643433165268439407378795      
  -3.31445641588466636752773799979977344         3.99986579022709646078540841879627865      
  -3.31481641515011079025978773754953874         4.36332485567886051532146562836820033      
  -3.31514369851578320652017028436998923         4.79949153453774060696001807339073144      
  -3.31543826275152892676212449462193500         5.33260169539303570985340207054577903      
  -3.31570010495011786456825134330191032         5.99900914140179319783472596907526115      
  -3.31592922252727322983777059834952238         6.85584127783710800512777558342596787      
  -3.31612561322169703455512436819605446         7.99831044718473226820892931187062062      
  -3.31628927509509241088819588553266481         9.59779886635563002139735163365694849      
  -3.31642020653218274139587290805954537         11.9970709697173804286799037094674004      
  -3.31651840624072760115614831074249107         15.9959104381884077292411949804202158      
  -3.31658387325153551165741550132153796         23.9936683156149183936675702222109191      
  -3.31661660691847350632708290094012090         47.9870998234092621211224656510960492      
