   7.81023040490386001521350403924699791                                            Infinity
   7.81015332108288118701089236233396456         20.3777358593992753626282099309826065      
   7.80999915420170972366922394894830568         10.1889182099542874611938528309855000      
   7.80976790578191050266302495415419690         6.79266800743376608796464959545966438      
   7.80945957810581206864673266564201247         5.09455966722333302784365755544454093      
   7.80907417421648410779337307341136555         4.07570807258540382088590657652903258      
   7.80861169791770741392529527440980364         3.39648485142854317176464701262336915      
   7.80807215377393634673338487661501808         2.91133498727451985589679175919038668      
   7.80745554711025378245527862269424068         2.54748097200007406357191297345443132      
   7.80676188401231855745719885211552455         2.26449085675084306463849624661840085      
   7.80599117132630540523811843112039567         2.03810547230693437042217055617358626      
   7.80514341665883738744905367103763121         1.85288716561273435029999527274683950      
   7.80421862837691081959436379581600393         1.69854416804181495554231869599526517      
   7.80321681560781269215600997822971924         1.56795140907803957078379880532547176      
   7.80213798823903058795579410987904325         1.45601955270476843053887602216532906      
   7.80098215691815509664465657185733108         1.35901641923838380499857110714236497      
   7.79974933305277472728216259985101050         1.27414287397424505733003053192379498      
   7.79843952881036332004334765863412016         1.19925840219289656786955031694072859      
   7.79705275711815995816412282566078705         1.13269815916420796718457491620822532      
   7.79558903166304138131046080109557953         1.07314779383441898660384185331113975      
   7.79404836689138690163059108160916112         1.01955582540707231145797870005108269      
   7.79243077800893582382342832717694985        0.971071055186538437497624861324907732      
   7.79073628098063737063044028364576343        0.926997047918762349043630611331562297      
   7.78896489253049311523213006880208525        0.886758487564860161477254258155188701      
   7.78711663014139192210426145604680692        0.849875944131317823211754646044468116      
   7.78519151205493739796289426766078100        0.815946696460943301908323344644517190      
   7.78318955727126785450121938929024230        0.784629980533600164451974361092383802      
   7.78111078554886878469508850910697422        0.755635515922334783371582712795179433      
   7.77895521740437785452802173968653716        0.728714490866048764538492173408680261      
   7.77672287411238241206034606875381102        0.703652412499550509702534838303295248      
   7.77441377770520951584096837750342767        0.680263387037597450531528192853373457      
   7.77202795097270848473411783333592123        0.658385507020092352380408377918806351      
   7.76956541746202597130720307887579739        0.637877103448806236512604307315514278      
   7.76702620147737356099971907257420036        0.618613679353788942584711535476473140      
   7.76441032807978789936690595977450529        0.600485384495119877535401218785453414      
   7.76171782308688334976560723877841420        0.583394922972930915093253436785053779      
   7.75894871307259718392349600636056318        0.567255809569092973673651720213356159      
   7.75610302536692730790653549373979763        0.551990908844305578260752583205003761      
   7.75318078805566252607321270986118941        0.537531204904067805474636094582319089      
   7.75018202998010534567773106685563261        0.523814760431423698411640954849337399      
   7.74710678073678732485796864585693501        0.510785831864796620571642871232601141      
   7.74395507067717696681760254336203661        0.498394114061994926655052675038557535      
   7.74072693090738016308536579267764736        0.486594092869360398952389130822915741      
   7.73742239328783318880794095563882710        0.475344488030105977397387108905380696      
   7.73404149043298825310650290092543028        0.464607772059699033563459522109379534      
   7.73058425571099160760040180144245546        0.454349753271194216650555468372529631      
   7.72705072324335421627492526916693702        0.444539213188567025104971318158519760      
   7.72344092790461498994349507669602629        0.435147590247707571826077377209076091      
   7.71975490532199658862803836586687192        0.426148703034790766292079623913381738      
   7.71599269187505379525462489098391840        0.417518507413826284184551161250395144      
   7.71215432469531446413477996343212083        0.409234882798903155834653144268330135      
   7.70823984166591304777616663215511652        0.401277443570876772484964541110013737      
   7.70424928142121670563957952735336375        0.393627372253669524935077721992851353      
   7.70018268334644399853240598987174713        0.386267271576273841691456520869862089      
   7.69604008757727617240188688351437333        0.379181032972311020869146040258397181      
   7.69182153499946103536464911972107554        0.372353719425093301872089859057437856      
   7.68752706724840943188208369180685977        0.365771460865001273479326108409053821      
   7.68315672670878431806420619781721977        0.359421360577664210207018068386640770      
   7.67871055651408244215766070588482248        0.353291411294053329969722207531630543      
   7.67418860054620863434651166307032797        0.347370419813786441618211119215988210      
   7.66959090343504271006741164771097465        0.341647939166102655152142370849151494      
   7.66491751055799899111363439636614532        0.336114207443528624446840965170504400      
   7.66016846803957844887532198002960208        0.330760092554867925287993721460309119      
   7.65534382275091347413611154128037941        0.325577042239810999754942276515316974      
   7.65044362230930527791907991579839535        0.320557038769675919143079545391310309      
   7.64546791507775392794767302993761957        0.315692557829619725068154483852023799      
   7.64041675016448102535997047302735530        0.310976531138831046649698639516459120      
   7.63529017742244502638727337140410907        0.306402312418168638219530656406314775      
   7.63008824744884921378059492395751027        0.301963646360655817977560557599743494      
   7.62481101158464232284117697975764302        0.297654640300193254083584859629011637      
   7.61945852191401182698365213113778505        0.293469738308668265103267170651346259      
   7.61403083126386988783291824492880471        0.289403697482041261820020687848175628      
   7.60852799320333197492819044535208609        0.285451566202592110006493563130696465      
   7.60295006204318816018004357983715707        0.281608664187831628889881727720771266      
   7.59729709283536709229855542969225613        0.277870564157069362804016010019143143      
   7.59156914137239265648290665757647901        0.274233074964656375549000754757764249      
   7.58576626418683332473498700006478503        0.270692226064814580214397543927631497      
   7.57988851855074420223169780374099239        0.267244253186999284754502528922452509      
   7.57393596247510177526272795520061574        0.263885585113157358729374936832311624      
   7.56790865470923136631261285762576712        0.260612831459244702052743390288035396      
   7.56180665474022730193786364827572117        0.257422771373130328529953371290223120      
   7.55563002279236579916187562192981712        0.254312343069693160917754738616123725      
   7.54937881982651057618219011518530353        0.251278634131643868728745873249226378      
   7.54305310753951119325649220627016391        0.248318872511492530031587066385903780      
   7.53665294836359412970547678596285819        0.245430418176233300309234834454127406      
   7.53017840546574660304240714917185452        0.242610755341816454233451960606868609      
   7.52362954274709313631082253615065933        0.239857485249401853136012641612946250      
   7.51700642484226487978342331022708787        0.237168319439802230956366620476941426      
   7.51030911711876169324667398891954775        0.234541073486487564854191781206121696      
   7.50353768567630699516711444160808522        0.231973661151083930076476243443125390      
   7.49669219734619538510675752434037010        0.229464088928506158730025930213309281      
   7.48977271969063304582627653631229059        0.227010450951752473154666559866054787      
   7.48277932100207093158594744911929233        0.224610924228995510643476666265237354      
   7.47571207030253074922550817570527086        0.222263764187958184947841827109787331      
   7.46857103734292373867522950835169940        0.219967300504691472970963776156048243      
   7.46135629260236225962155906200336431        0.217719933195798197106916101394348162      
   7.45406790728746419112169990931855845        0.215520128954893201168453435078326810      
   7.44670595333165015103241888631632043        0.213366417715674614947756205857360821      
   7.43927050339443354218924508228818326        0.211257389425419702882900030173521131      
   7.43176163086070343234301610533274886        0.209191691014026792692652699695875939      
   7.42417940984000027493145763671967421        0.207168023544915060197104274717110709      
   7.41652391516578447783413985523924546        0.205185139535178162310630629198423368      
   7.40879522239469782732974182937813542        0.203241840433376259865594881171757548      
   7.40099340780581777454507124391072970        0.201336974244253143470598305088293098      
   7.39311854839990459175573115234162829        0.199469433290489274615091291791117192      
   7.38517072189864140596869713232146885        0.197638152102355016182501348013689056      
   7.37715000674386711728736657314484695        0.195842105426817815300094949147217863      
   7.36905648209680220962986614890973637        0.194080306348288595837835545427205584      
   7.36089022783726746144155313478636051        0.192351804513771487720720180192386081      
   7.35265132456289556411272041476198182        0.190655684455712093478174078331575400      
   7.34433985358833565588251311559238778        0.188991064006327114264888090992137534      
   7.33595589694445077907998609264817097        0.187357092797646242494891657178324813      
   7.32749953737750826862307529879932802        0.185752950841909306315326984805837140      
   7.31897085834836307976602169810504274        0.184177847187340908852820773413928673      
   7.31036994403163406315547315330818467        0.182631018644674121474088094148075926      
   7.30169687931487319532509693219577916        0.181111728580116768813250862244369363      
   7.29295174979772777282806245578239046        0.179619265770750840738027903667638630      
   7.28413464179109557827619996479970995        0.178152943318629717891455174494967064      
   7.27524564231627302662400522472832852        0.176712097620091139053021792123326860      
   7.26628483910409630010494253898743909        0.175296087387037927443926122218548545      
   7.25725232059407548029669751111831599        0.173904292717155025316102824726838853      
   7.24814817593352168586114650689002768        0.172536114210231812677870696667359392      
   7.23897249497666722457384093407862689        0.171190972127944326959992437720878778      
   7.22972536828377876832675059991438786        0.169868305594624057892856003313179347      
   7.22040688712026355985687084338496462        0.168567571836699561290645473042740151      
   7.21101714345576866002207219210076086        0.167288245458645215865110754566964402      
   7.20155622996327324451425828250036032        0.166029817753408950445143735263372726      
   7.19202424001817395896849702988565710        0.164791796045418527907105269266004079      
   7.18242126769736334149530086408137232        0.163573703064384748000105059333626436      
   7.17274740777830132173165358123794295        0.162375076348230420440642414511254541      
   7.16300275573807980557471332714512981        0.161195467673576799589792026681633207      
   7.15318740775248035483036274798751922        0.160034442512314946625790829325934629      
   7.14330146069502497107692774723582677        0.158891579512878729638414767544869910      
   7.13334501213601999311244489971288521        0.157766470004919377482850811752847285      
   7.12331816034159311742182372408907792        0.156658717526159120219142324099682946      
   7.11322100427272355116812303235061748        0.155567937370273891485972703470532815      
   7.10305364358426530727993978926590137        0.154493756154722716689973864130959975      
   7.09281617862396365127459365759692171        0.153435811407504615360201971997310358      
   7.08250871043146470952438000774317726        0.152393751171882928455536388217428178      
   7.07213134073731824874065796658267042        0.151367233628172238369477166252693558      
   7.06168417196197363651793740335183300        0.150355926731734754100815459042976916      
   7.05116730721476899284742893529929770        0.149359507866381438481331172370415983      
   7.04058085029291354257672341833156203        0.148377663512418490888621755531070452      
   7.02992490568046317885937130468150043        0.147410088928622282060851589053968100      
   7.01919957854728924770513703848473512        0.146456487847465665619820796007933457      
   7.00840497474804056380860865973387303        0.145516572182955946816465936632486617      
   6.99754120082109866790064733707123060        0.144590061750479842159403548678769271      
   6.98660836398752633593386499094299141        0.143676683998083670622836493285980806      
   6.97560657215000935047991984243561197        0.142776173748647923062551177723023527      
   6.96453593389179154478291897231730410        0.141888272952444395600078767436529065      
   6.95339655847560312997961314309257157        0.141012730449591369518782547176581053      
   6.94218855584258231606336156894291977        0.140149301741947990038931518251238437      
   6.93091203661119023723503235999225573        0.139297748774013146238597866200030565      
   6.91956711207611919235008736515210571        0.138457839722416883704882580411035913      
   6.90815389420719421123707743965684155        0.137629348793613782481123806963549023      
   6.89667249564826795772864511812356161        0.136812056029407891219509507543655662      
   6.88512302971610898031189563144515579        0.136005747119957803811145169780459635      
   6.87350561039928332137065351698483349        0.135210213223928371222353362713869567      
   6.86182035235702949605767008838466591        0.134425250795472427734902994129670485      
   6.85006737091812685190028610689702646        0.133650661417741841419161640688293090      
   6.83824678207975732030838348463896053        0.132886251642642233202688924557869146      
   6.82635870250636057121867910677981177        0.132131832836559902990792301342320314      
   6.81440324952848258217452224071409811        0.131387221031802906829034672502505114      
   6.80238054114161763320535386315131526        0.130652236783510894448565992197095263      
   6.79029069600504373893487093927911724        0.129926705031800286836536089582050299      
   6.77813383344065152941171059134055069        0.129210454968922690849948392253633820      
   6.76591007343176659122112755783694915        0.128503319911225151674985620543908499      
   6.75361953662196528050068273097295527        0.127805137175710970867143745004193342      
   6.74126234431388401954739023187185136        0.127115747961009402126784078591212749      
   6.72883861846802208876808480461301467        0.126434997232571610971380521651721530      
   6.71634848170153792578896964652262460        0.125762733611918878084073900160304562      
   6.70379205728703894360438650977194542        0.125098809269777167441036224937473988      
   6.69116946915136487970881437574397562        0.124443079822939895643844584072460620      
   6.67848084187436468821994958751551912        0.123795404234708052831801438494023295      
   6.66572630068766698706444839702780052        0.123155644718763761190445080242277256      
   6.65290597147344407236152181311421007        0.122523666646339936023941722222260376      
   6.64001998076316951220306179672430923        0.121899338456554956887111773411412862      
   6.62706845573636933209234661381633658        0.121282531569787181384491713564986999      
   6.61405152421936680436662089906203994        0.120673120303969759771455753430861378      
   6.60096931468402085399197208048814790        0.120070981793691551172559373279876069      
   6.58782195624645809318192864343889797        0.119475995911995017778672511290727252      
   6.57460957866579849735408664996161925        0.118888045194766796555916863964681287      
   6.56133231234287473500182835628272703        0.118307014767621232662668981311794297      
   6.54799028831894516412083006706443580        0.117732792275181517959177089891308353      
   6.53458363827440050789256491244738749        0.117165267812667223961742405653953546      
   6.52111249452746422238938941555737205        0.116604333859700962865391874069983170      
   6.50757699003288656912805991848837124        0.116049885216250663679362577773846616      
   6.49397725838063240536065553931594905        0.115501818940627523294499146415720034      
   6.48031343379456270505388772824055325        0.114960034289463094039647244036430929      
   6.46658565113110982356965206556105703        0.114424432659592209034878422794774544      
   6.45279404587794651912142508714796391        0.113894917531771532938551730264515958      
   6.43893875415264874414272702500370253        0.113371394416166466547447030279908688      
   6.42501991270135221976535980321863194        0.112853770799541936718817676097829504      
   6.41103765889740280666648782628948016        0.112341956094095275382832439693742350      
   6.39699213074000068560485643178132981        0.111835861587871939741140698469789896      
   6.38288346685283836102753874839597138        0.111335400396707256459761545463480807      
   6.36871180648273250118956550066674434        0.110840487417639691762925630162922676      
   6.35447728949824962828962343104487041        0.110351039283743362484579359208656670      
   6.34018005638832567218570586869614482        0.109866974320329615686925224996517854      
   6.32582024826087940131516296282606699        0.109388212502469521465770089007243537      
   6.31139800684141974450402861905430616        0.108914675413791049807702599930226747      
   6.29691347447164701741079563385053976        0.108446286206506542359904719086542966      
   6.28236679410804806740996931924131906        0.107982969562627847989500219608818139      
   6.26775810932048535078075245415881103        0.107524651656328171084167368462126127      
   6.25308756429077995612610009752848149        0.107071260117411287499948666606607562      
   6.23835530381128858800713106043661718        0.106622723995850318511421694800556002      
   6.22356147328347452483749307078864109        0.106178973727359721486227651894678733      
   6.20870621871647256514175028543658261        0.105739941099965560531087986250858389      
   6.19378968672564797634119422485781116        0.105305559221540464109191406893363423      
   6.17881202453114946028967183852041883        0.104875762488270962516977386846133427      
   6.16377337995645614984107667086571581        0.104450486554026128887339999906053041      
   6.14867390142691865078906040555359860        0.104029668300597625667939911659413000      
   6.13351373796829414357829183782083612        0.103613245808782386783936419634260970      
   6.11829303920527555924521798146203200        0.103201158330280246282445792055839209      
   6.10301195536001484410476697942659068        0.102793346260379859399094365071726545      
   6.08767063725064032775777417810959602        0.102389751111407253798887338244231158      
   6.07226923628976820905211056929118397        0.101990315486912299230336164043005007      
   6.05680790448300817468854622595843296        0.101594983056569294897767478988402661      
   6.04128679442746316522028978596229453        0.101203698531768747310270353436165367      
   6.02570605931022330325290789908670030        0.100816407641878248924294354161782219      
   6.01006585290685399870894527854171705        0.100433057111151171192083290434696679      
   5.99436632957987824607903601848355553        0.100053594636262656210302789597429704      
   5.97860764427725312863861958770555024         9.96779688644531305059574891402734171E-0002
   5.96278995253084054466654982038346231         9.93061293722602740008721874633177250E-0002
   5.94691341045487217075891173340237484         9.89380266448210581937143383561529527E-0002
   5.93097817474440867738823854351241434         9.85736120557261213567223627080109310E-0002
   5.91498440267379321191504927499816833         9.82128378474093762682688411057842453E-0002
   5.89893225209509916431520527981929966         9.78556571120563488390169799667897106E-0002
   5.88282188143657223094301127888619359         9.75020237730153250302778426738382898E-0002
   5.86665344970106679170626261835997137         9.71518925666959397473670360135941629E-0002
   5.85042711646447661608556476318857246         9.68052190249403759077180907643751224E-0002
   5.83414304187415991348622306758543955         9.64619594578528555755455104361019776E-0002
   5.81780138664735874346682001640340340         9.61220709370735988195948133226208637E-0002
   5.80140231206961280144426287144112100         9.57855112794839006432239171215510903E-0002
   5.78494597999316759553059643324451720         9.54522390313294327717797966885772428E-0002
   5.76843255283537703021223289405228998         9.51222134527493160378651758973900407E-0002
   5.75186219357710041263745296482875571         9.47953945026989313213194859238526959E-0002
   5.73523506576109389733307906400573247         9.44717428242548431838760111896505800E-0002
   5.71855133349039638522611181432992945         9.41512197302906011621681485810934950E-0002
   5.70181116142670989290085486533677615         9.38337871895125597897016991783429474E-0002
   5.68501471478877440807662960224564038         9.35194078128452204217916167554659197E-0002
   5.66816215935073724734560007884637563         9.32080448401559464224966721733638678E-0002
   5.65125366144051693226448898513185458         9.28996621273092387978894332084672160E-0002
   5.63428938793816159994806709449658092         9.25942241335410824589001516950499238E-0002
   5.61726950627420196436624089630630778         9.22916959091441844787565368629672463E-0002
   5.60019418442799884460034547515956876         9.19920430834552254611261520654669179E-0002
   5.58306359092608527636787161739891623         9.16952318531355339201231168721291894E-0002
   5.56587789484050322317831707916087097         9.14012289707368718363410805781684357E-0002
   5.54863726578713490353615141084095506         9.11100017335442877183028547386189045E-0002
   5.53134187392402875066002117424970796         9.08215179726882519717131255210418702E-0002
   5.51399188994972002124029728650202383         9.05357460425185385473601426294671379E-0002
   5.49658748510154606980987805597474936         9.02526548102325570731404724686477392E-0002
   5.47912883115395630535580971925477216         8.99722136457510713310015980720916585E-0002
   5.46161610041681684685177042426481460         8.96943924118344633547201556116534484E-0002
   5.44404946573370989444378311569976787         8.94191614544329179237829661788757760E-0002
   5.42642910048022783307367714815997775         8.91464915932641101226431378973393409E-0002
   5.40875517856226208537680716518709952         8.88763541126121792203751014356489706E-0002
   5.39102787441428673074236032568512610         8.86087207523419656876253825341568802E-0002
   5.37324736299763690747623882147662149         8.83435636991226749780006820949568531E-0002
   5.35541381979878201505799330117931917         8.80808555778553120203392448037488852E-0002
   5.33752742082759373353460378801888040         8.78205694432984044463343742512657127E-0002
   5.31958834261560887714505744610233351         8.75626787718867006538572071091159711E-0002
   5.30159676221428709932065660620639795         8.73071574537376911091564113894367110E-0002
   5.28355285719326346625680530509357068         8.70539797848409580404103539724842749E-0002
   5.26545680563859591630266772023438766         8.68031204594255100812411719763574789E-0002
   5.24730878615100762246556679473983769         8.65545545625004046874065905616697575E-0002
   5.22910897784412427537729554712638928         8.63082575625641024662625280623729609E-0002
   5.21085756034270630411964655076541470         8.60642053044781341120723059460487453E-0002
   5.19255471378087605235642635371655164         8.58223740025007926085545162355993609E-0002
   5.17420061880033992726901069801300966         8.55827402334766909136716085734458173E-0002
   5.15579545654860553884211279695784118         8.53452809301781486440807994882214117E-0002
   5.13733940867719384709588014990984050         8.51099733747944904847766846897042067E-0002
   5.11883265733984633490970492840152148         8.48767951925654543137854220776248754E-0002
   5.10027538519072722413222836896875513         8.46457243455550184967926525227458205E-0002
   5.08166777538262075272094037223052421         8.44167391265620656109708130543860086E-0002
   5.06301001156512353070352115170952438         8.41898181531644041341389014664297877E-0002
   5.04430227788283199280164181853028978         8.39649403618927705125563147282159798E-0002
   5.02554475897352496560633475010437304         8.37420850025315316208637044610722065E-0002
   5.00673763996634136724226199458299566         8.35212316325429020688229206399378372E-0002
   4.98788110647995305750625033234029984         8.33023601116115822048124361841973026E-0002
   4.96897534462073285651332447690561572         8.30854505963068111242930716476468117E-0002
   4.95002054098091774993115477820414032         8.28704835348589146172017798356109533E-0002
   4.93101688263676729893134222006139721         8.26574396620475108819118266697297496E-0002
   4.91196455714671727303329101280863102         8.24462999941986170915646424054443547E-0002
   4.89286375254952852406356720339041455         8.22370458242879776140412222861073966E-0002
   4.87371465736243111950060999428939057         8.20296587171480099488265659296694637E-0002
   4.85451746057926375352145041528826789         8.18241205047758373383249251661434068E-0002
   4.83527235166860845411369916680775988         8.16204132817399476203140596598297217E-0002
   4.81597952057192060466249139029720174         8.14185194006830862915395817152707775E-0002
   4.79663915770165429846832036170668873         8.12184214679190580262817809285155215E-0002
   4.77725145393938304469775419202391546         8.10201023391211751115176837486056931E-0002
   4.75781660063391584431490909960112455         8.08235451151001534927152020701989080E-0002
   4.73833478959940865458724923971582288         8.06287331376693174393368725090152488E-0002
   4.71880621311347126080479598649797982         8.04356499855950323022478532480857447E-0002
   4.69923106391526957389715851182211646         8.02442794706303415094178534113912546E-0002
   4.67960953520362337267794204762677582         8.00546056336298388922318104972362173E-0002
   4.65994182063509950949104990682780314         7.98666127407438607107778927084396894E-0002
   4.64022811432210059807816972980169016         7.96802852796901334088995373786046374E-0002
   4.62046861083094920253132307642586525         7.94956079561010632327408535024111529E-0002
   4.60066350517996754623875995780214976         7.93125656899449024421495884404643620E-0002
   4.58081299283755275977669575882316942         7.91311436120190739828841188817753420E-0002
   4.56091726972024768674341680627672722         7.89513270605139822175193211800035912E-0002
   4.54097653219080726657612215267335020         7.87731015776456816809160397427367845E-0002
   4.52099097705626051343452254073152894         7.85964529063558188770719655024828214E-0002
   4.50096080156596811027868255662193935         7.84213669870773039114431033676231900E-0002
   4.48088620340967563731186824267405010         7.82478299545642092981869793978239743E-0002
   4.46076738071556245400224949516641860         7.80758281347844326355022205786801501E-0002
   4.44060453204828625394020399480409004         7.79053480418736980431523026546788274E-0002
   4.42039785640702331183067678315242043         7.77363763751495083418057534068777880E-0002
   4.40014755322350444196256648614199185         7.75689000161836959601098965757223555E-0002
   4.37985382236004668753943517615953682         7.74029060259322555172682203479425900E-0002
   4.35951686410758076029797353945442357         7.72383816419211749799089017970826823E-0002
   4.33913687918367424988259595976719202         7.70753142754870152646258902252329639E-0002
   4.31871406873055062248629092826579583         7.69136915090710201830173579104749510E-0002
   4.29824863431310402830941043199315487         7.67535010935655697345170380545824002E-0002
   4.27774077791690993742944724792326304         7.65947309457118199729361512598530694E-0002
   4.25719070194623162371602096913384306         7.64373691455474020335178451771485056E-0002
   4.23659860922202251646627170718139438         7.62814039339030814355876889736851360E-0002
   4.21596470297992443947664434607195999         7.61268237099473064977597119716240341E-0002
   4.19528918686826175730763556573710974         7.59736170287776016434215812038271685E-0002
   4.17457226494603144853847020604901982         7.58217725990577875582993634327205032E-0002
   4.15381414168088912584887250746529073         7.56712792807000356128797608954664045E-0002
   4.13301502194713102280510094463558625         7.55221260825907887031280410809583861E-0002
   4.11217511102367196726722236991318325         7.53743021603596047152897724775568309E-0002
   4.09129461459201936137421161181593248         7.52277968141900022058637136529251437E-0002
   4.07037373873424318810287613813417808         7.50825994866714106266222572826801772E-0002
   4.04941268993094206443582150559275801         7.49386997606913495366823528296660024E-0002
   4.02841167505920536121269169069309063         7.47960873573669827482740738285701058E-0002
   4.00737090139057140977773864449414471         7.46547521340152142685532354351336389E-0002
   3.98629057658898181557539715449736292         7.45146840821605132444764639918453957E-0002
   3.96517090870873189888396394829959721         7.43758733255796749087226461782224007E-0002
   3.94401210619241728291570355705160040         7.42383101183827437786491764555211941E-0002
   3.92281437786887664954972739475645411         7.41019848431293440935057761562215194E-0002
   3.90157793295113068300181642678139416         7.39668880089796807032492248297239021E-0002
   3.88030298103431722177298132433117740         7.38330102498794913604501348926628977E-0002
   3.85898973209362263925597675971232648         7.37003423227782486296020513369880671E-0002
   3.83763839648220947341620812065786337         7.35688751058799264297986836314844658E-0002
   3.81624918492914032600048904341901776         7.34385995969256625809399348774699913E-0002
   3.79482230853729805176392641839029244         7.33095069115076646436188949189334405E-0002
   3.77335797878130225824182554533584282         7.31815882814137218414575546138077658E-0002
   3.75185640750542213662992154644300156         7.30548350530017009443114343834023965E-0002
   3.73031780692148564437245362505714386         7.29292386856034186834652682974936413E-0002
   3.70874238960678506009360592866807283         7.28047907499572975773199665276202813E-0002
   3.68713036850197893154364228114546599         7.26814829266692259793793815145236047E-0002
   3.66548195690899043726666153799358501         7.25593070047010567304784818643359501E-0002
   3.64379736848890218273229543816073733         7.24382548798861920146999273673640808E-0002
   3.62207681725984745170886122736138937         7.23183185534717148935162941740392904E-0002
   3.60032051759489793369046666363332784         7.21994901306865405352594882643892514E-0002
   3.57852868421994794822534494066768120         7.20817618193350723766341445538985328E-0002
   3.55670153221159518702727123505212996         7.19651259284158603589334866820454616E-0002
   3.53483927699501799478628065872415686         7.18495748667647699828685223066292609E-0002
   3.51294213434184920962906903844273842         7.17351011417221822311876898173623777E-0002
   3.49101032036804658421341281279169422         7.16216973578237554259756824467846413E-0002
   3.46904405153175980847469209900539435         7.15093562155142908258463304979768904E-0002
   3.44704354463119415507614130368065225         7.13980705098842542351008460259854306E-0002
   3.42500901680247076864778420217812438         7.12878331294285160999802741655727887E-0002
   3.40294068551748361993213486224349976         7.11786370548268825138338836106869423E-0002
   3.38083876858175314598766181116828268         7.10704753577459992505590435932346518E-0002
   3.35870348413227659763372011779413545         7.09633411996622204010274720691586336E-0002
   3.33653505063537511535315425803606441         7.08572278307050424071686080034427588E-0002
   3.31433368688453755490106343461398567         7.07521285885207132794978078116613601E-0002
   3.29209961199826108390030010966210932         7.06480368971556355525200512062444930E-0002
   3.26983304541788857073614156622336362         7.05449462659591900847808592795302293E-0002
   3.24753420690544278709423302679708634         7.04428502885056161523605947002855738E-0002
   3.22520331654145744551734891163366310         7.03417426415345914221212295939117473E-0002
   3.20284059472280509338775590598019247         7.02416170839101633296465525476240021E-0002
   3.18044626216052188477298731567904970         7.01424674555976911320294155050242484E-0002
   3.15802053987762925160365241819428870         7.00442876766584654627515457473498612E-0002
   3.13556364920695249568250685716512119         6.99470717462616795900133293292273462E-0002
   3.11307581178893632305440028092847772         6.98508137417134337759907257844089269E-0002
   3.09055724956945734229689508917543988         6.97555078175024611574642324922962358E-0002
   3.06800818479763354832131502916766304         6.96611482043622704227777206360028950E-0002
   3.04542884002363081330373417799861856         6.95677292083494072507017825037507753E-0002
   3.02281943809646640639495526660237141         6.94752452099375430079218223739821416E-0002
   3.00018020216180956388785105305733747         6.93836906631271055778407485524772354E-0002
   2.97751135565977913154955324778062794         6.92930600945701734183495958809976449E-0002
   2.95481312232273830085487004414842845         6.92033481027103600242251093020758139E-0002
   2.93208572617308646088599532971191156         6.91145493569374219047920783373264012E-0002
   2.90932939152104818769203986242673877         6.90266585967563289832570463365067973E-0002
   2.88654434296245939293016681221715354         6.89396706309705419843857466954505529E-0002
   2.86373080537655065363815081191618011         6.88535803368792469055593546732623066E-0002
   2.84088900392372774501600075645011994         6.87683826594883020662011682050050066E-0002
   2.81801916404334939812189176048542881         6.86840726107346585055123487712330394E-0002
   2.79512151145150230441504066017722390         6.86006452687240196516926403387642388E-0002
   2.77219627213877338910533195383308315         6.85180957769815112205554300350039547E-0002
   2.74924367236801937529645685105157515         6.84364193437151372207910597488958741E-0002
   2.72626393867213366093606687416974518         6.83556112410918027501147762851087800E-0002
   2.70325729785181053061296496575639770         6.82756668045256889640975888024795008E-0002
   2.68022397697330672426766103966209139         6.81965814319787701904783457795432447E-0002
   2.65716420336620038490870511117243834         6.81183505832732676489721642047639814E-0002
   2.63407820462114740745307929664842797         6.80409697794158386227248900417943270E-0002
   2.61096620858763521083457982936779610         6.79644346019333042152412221126982372E-0002
   2.58782844337173395554955154295118886         6.78887406922197230183882223590115039E-0002
   2.56466513733384522883454977576938038         6.78138837508946221154281869807951981E-0002
   2.54147651908644821969549810024577024         6.77398595371722008503787484406794317E-0002
   2.51826281749184340603268443331668249         6.76666638682413267136806583659677501E-0002
   2.49502426165989377613049269397960251         6.75942926186561465264575926290081555E-0002
   2.47176108094576360680510199850242200         6.75227417197371398537976975433831312E-0002
   2.44847350494765482052750018331007567         6.74520071589824452436330827268611820E-0002
   2.42516176350454094386305298180533781         6.73820849794892934740419688798594119E-0002
   2.40182608669389868959254421858855397         6.73129712793853855001926871048954537E-0002
   2.37846670482943718490305568906355803         6.72446622112700562246779531107630334E-0002
   2.35508384845882486806028773277924510         6.71771539816650685735870057591510484E-0002
   2.33167774836141407599693265576454063         6.71104428504748856472155663408392589E-0002
   2.30824863554596334527450288345796231         6.70445251304562719306520249803254781E-0002
   2.28479674124835744889858380668629831         6.69793971866970776973868075542037724E-0002
   2.26132229692932519148982749577226904         6.69150554361040638203071287858186241E-0002
   2.23782553427215498533512758170025389         6.68514963468996272206519139636232172E-0002
   2.21430668518040822986531741998614599         6.67887164381272901383575748968648219E-0002
   2.19076598177563051712741294631999422         6.67267122791658192983272683744755118E-0002
   2.16720365639506068584087818921251286         6.66654804892518438780649587450684265E-0002
   2.14361994158933774664862501201108187         6.66050177370108439543510062219073984E-0002
   2.12001507012020570119446910519063003         6.65453207399963838216785175152163675E-0002
   2.09638927495821627767955133240490580         6.64863862642374672344613563934438184E-0002
   2.07274278928042960557079704524413966         6.64282111237938942299703062604484705E-0002
   2.04907584646811285215482571903236835         6.63707921803195017409220476342393756E-0002
   2.02538868010443684365083902456675174         6.63141263426331727069699236866621785E-0002
   2.00168152397217069361590703991756620         6.62582105662975008443254325374443213E-0002
   1.97795461205137446139573952594936837         6.62030418532050006336414748911221918E-0002
   1.95420817851708986339347184498335557         6.61486172511717544393469924416854110E-0002
   1.93044245773702905994821300210731753         6.60949338535383909800410129718027958E-0002
   1.90665768426926154063409624337962432         6.60419887987782916305053052705173862E-0002
   1.88285409285989913080934046711476169         6.59897792701129232525225348336772208E-0002
   1.85903191844077914226337320834915239         6.59383024951341984251062126559765970E-0002
   1.83519139612714569082838295946034288         6.58875557454337660760474083108850945E-0002
   1.81133276121532920383975991096868847         6.58375363362391376069218775597551409E-0002
   1.78745624918042414034774965723442208         6.57882416260565556539145984885710032E-0002
   1.76356209567396494700028383574944789         6.57396690163205146380160852656022853E-0002
   1.73965053652160027253436488191856722         6.56918159510498442313110614159187135E-0002
   1.71572180772076546383056891176751158         6.56446799165102688021760870992733490E-0002
   1.69177614543835336650219102327822486         6.55982584408833578021663600244103470E-0002
   1.66781378600838345300729086564409643         6.55525490939417839221184854817065719E-0002
   1.64383496592966930128840299950588783         6.55075494867308076754190561271931503E-0002
   1.61983992186348444696095619725868905         6.54632572712559088633607317702938838E-0002
   1.59582889063122663208749825013803744         6.54196701401764871418799330148244735E-0002
   1.57180210921208047359064789956851943         6.53767858265055556415750640832316156E-0002
   1.54775981474067857437329303800374683         6.53346021033153532945537807313061559E-0002
   1.52370224450476110022992417526145256         6.52931167834488031931458236981044134E-0002
   1.49962963594283384564813418846717565         6.52523277192367459476196854659710529E-0002
   1.47554222664182481161422941771907407         6.52122328022208786235144758571284845E-0002
   1.45144025433473931855158308827918053         6.51728299628823314247831964398574802E-0002
   1.42732395689831367753481968853881766         6.51341171703758158473639151429952391E-0002
   1.40319357235066744293714816850674708         6.50960924322692795597585265398292284E-0002
   1.37904933884895426968216250569120159         6.50587537942890047733966288162741048E-0002
   1.35489149468701139828520017581001074         6.50220993400700883466710122697100647E-0002
   1.33072027829300779088289222884278942         6.49861271909122433232129830904476594E-0002
   1.30653592822709094146285287286989649         6.49508355055408630378775068079816451E-0002
   1.28233868317903238351854157751886800         6.49162224798732903336632626596605247E-0002
   1.25812878196587191836718659651553910         6.48822863467902358200209322331168555E-0002
   1.23390646352956058738128534793163790         6.48490253759122904683110520009534314E-0002
   1.20967196693460241139659415661445150         6.48164378733814791841544535911214590E-0002
   1.18542553136569492057168733362315937         6.47845221816478033196552609547362923E-0002
   1.16116739612536849798610332219265620         6.47532766792607213915381970353359622E-0002
   1.13689780063162456027580356097816597         6.47226997806655185546865499369235764E-0002
   1.11261698441557259861614768755046856         6.46927899360045166449412801411386236E-0002
   1.08832518711906610337383661502891723         6.46635456309230778508612272106309373E-0002
   1.06402264849233739576029275134546301         6.46349653863803563019744366648416850E-0002
   1.03970960839163138982973408518693251         6.46070477584647530713862737004305411E-0002
   1.01538630677683830817575592869701990         6.45797913382140312839562982530766808E-0002
  0.991052983709125374690560680339884582         6.45531947514400491981083169396168774E-0002
  0.966709879348567507761071950014781752         6.45272566585580702901827723278953935E-0002
  0.942357233951777037286034672922510526         6.45019757544206105155548473692341880E-0002
  0.917995287869532468907837331453383325         6.44773507681557840509938109276487545E-0002
  0.893624281544406318862196010404211545         6.44533804630101099383892418661697026E-0002
  0.869244455508392042858012637328765617         6.44300636361957431514697296145874764E-0002
  0.844856050380530082408661316252147816         6.44073991187420946949334688472743442E-0002
  0.820459306864533052044667061084960422         6.43853857753518064199342458477127657E-0002
  0.796054465746410090846220388889945906         6.43640225042610473015497060743818432E-0002
  0.771641767892090401742219058996135332         6.43433082371040989731234532525230873E-0002
  0.747221454245046002030544660420646502         6.43232419387821993496335709672286681E-0002
  0.722793765823913708582066678027498700         6.43038226073366141979060869981638444E-0002
  0.698358943720116381198420030491886672         6.42850492738259075259648637714030278E-0002
  0.673917229095483447600923795898763920         6.42669210022073826674854108865032473E-0002
  0.649468863179870733535098851423820082         6.42494368892226669305892927892462003E-0002
  0.625014087268779621482100382047472310         6.42325960642874136634625856051912237E-0002
  0.600553142720975561475007591950384024         6.42163976893850965628852058765658992E-0002
  0.576086270956105957524307415732569060         6.42008409589648720160916353670284900E-0002
  0.551613713452317453163071511776629349         6.41859250998434862218163184621087425E-0002
  0.527135711743872639628256266117732210         6.41716493711112047832727121785788625E-0002
  0.502652507418766210200253883557644089         6.41580130640417434045329105089610297E-0002
  0.478164342116340584228288837226918766         6.41450155020061792526698203387038230E-0002
  0.453671457524901024374487934409172458         6.41326560403908234714466977687398003E-0002
  0.429174095379330270614453983536885614         6.41209340665190362486361054660348797E-0002
  0.404672497458702714536942465484340240         6.41098489995769667485648417087459541E-0002
  0.380166905583898137489777674547875890         6.40994002905432011245523013818212865E-0002
  0.355657561615215036123449456037716549         6.40895874221223027228727894243198215E-0002
  0.331144707449983558887903885723787317         6.40804099086822294810599830977804844E-0002
  0.306628585020178077041880971289233095         6.40718672961956144091134113799410748E-0002
  0.282109436290029413737759669552961014         6.40639591621848959227889630592468036E-0002
  0.257587503253636754748245169924830012         6.40566851156712856739817970138823906E-0002
  0.233063027932579264404375461047552414         6.40500447971275623945618032368283373E-0002
  0.208536252373527430317233642847044279         6.40440378784346811372177665030136353E-0002
  0.184007418645854160458429241542806871         6.40386640628421881602232233854161396E-0002
  0.159476768839245656176855904143042571         6.40339230849324325628692469235802689E-0002
  0.134944545061312084731444267443190384         6.40298147105885666349297414956602037E-0002
  0.110410989435198074921607492735473391         6.40263387369663277372442808616718245E-0002
   8.58763440971930593988229117921425495E-0002   6.40234949924695953816315359541499241E-0002
   6.13408511943414872443064249743215845E-0002   6.40212833367297180271910050506362714E-0002
   3.68047528820529303990167136072079205E-0002   6.40197036605886049569189586909869134E-0002
   1.22682913217121075332739634135676348E-0002   6.40187558860855794437620811313737683E-0002
  -1.22682913217111510559073665287356005E-0002   6.40184399664479902590641821796939843E-0002
  -3.68047528820519739310901621851528362E-0002   6.40187558860855794191317991916223409E-0002
  -6.13408511943405307952598713083827804E-0002   6.40197036605886049076571793291970743E-0002
  -8.58763440971921029780961218377036977E-0002   6.40212833367297179532952971558723081E-0002
 -0.110410989435197118538639952943283471         6.40234949924695952830982524940710820E-0002
 -0.134944545061311128395675091595443286         6.40263387369663276140685584433159304E-0002
 -0.159476768839244699897723740193134767         6.40298147105885664871054997796685101E-0002
 -0.184007418645853204245372178459692711         6.40339230849324323903891878917325685E-0002
 -0.208536252373526474179689117465108237         6.40386640628421879630788304613115305E-0002
 -0.233063027932578308351780164922917401         6.40440378784346809153993035257000590E-0002
 -0.257587503253635798790034956199021558         6.40500447971275621480583132871504161E-0002
 -0.282109436290028457883369459824846262         6.40566851156712854027811010932841451E-0002
 -0.306628585020177121300744662496153428         6.40639591621848956268776586207328253E-0002
 -0.331144707449982603269454257032804583         6.40718672961956140884768707108659536E-0002
 -0.355657561615214080637118075747890284         6.40804099086822291356823515541033090E-0002
 -0.380166905583897182144994807004492385         6.40895874221223023527369835159265644E-0002
 -0.404672497458701759343136978006010428         6.40994002905432007296400067084844979E-0002
 -0.429174095379329315581053253356431124         6.41098489995769663288565107462569997E-0002
 -0.453671457524900069510917755629218504         6.41209340665190358041109552020102211E-0002
 -0.478164342116339629543973327791111621         6.41326560403908230020827071875684117E-0002
 -0.502652507418765255704615392238411485         6.41450155020061787584437277550682224E-0002
 -0.527135711743871685330715279521505273         6.41580130640417428854202107493302388E-0002
 -0.551613713452316499073046561367442720         6.41716493711112042392476536100364024E-0002
 -0.576086270956105003651214984874957633         6.41859250998434856528518998678436490E-0002
 -0.600553142720974607828262022972494294         6.42008409589648714221596026677823986E-0002
 -0.625014087268778668071113783325303674         6.42163976893850959439560486972930926E-0002
 -0.649468863179869780369281004487515242         6.42325960642874130195055336861534092E-0002
 -0.673917229095482494689682062561864179         6.42494368892226662615723122407266871E-0002
 -0.698358943720115428551159260004468560         6.42669210022073819733752002862898398E-0002
 -0.722793765823912756208189114254109072         6.42850492738259068067268501041512523E-0002
 -0.747221454245045049939449849043950922         6.43038226073366134535044214357157251E-0002
 -0.771641767892089449943303754747197340         6.43232419387821985800311244889244010E-0002
 -0.796054465746409139348878462806051424         6.43433082371040981782818121045054883E-0002
 -0.820459306864532100858289407795901338         6.43640225042610464814291670668551568E-0002
 -0.844856050380529131542635761295889381         6.43853857753518055744938114890789277E-0002
 -0.869244455508391092321723844497389655         6.44073991187420938241308423140308609E-0002
 -0.893624281544405368665025389121078989         6.44300636361957422552613095558318454E-0002
 -0.917995287869531519059162944182409610         6.44533804630101090167301170415154314E-0002
 -0.942357233951776087795231142610474920         6.44773507681557831038377546773177815E-0002
 -0.966709879348566558637510367567583993         6.45019757544206095428543119150500545E-0002
 -0.991052983709124425943608512133660172         6.45272566585580692918888829038601433E-0002
  -1.01538630677683735981477692412502945         6.45531947514400481741708657507131696E-0002
  -1.03970960839163044186408818424313469         6.45797913382140302343237382608944225E-0002
  -1.06402264849233644819933599224568725         6.46070477584647519960057122341746397E-0002
  -1.08832518711906515622692104187054114         6.46349653863803552007916288562343443E-0002
  -1.11261698441557165189262125801152068         6.46635456309230767238205692511782235E-0002
  -1.13689780063162361398501005405675605         6.46927899360045154919858023601864576E-0002
  -1.16116739612536755213738224598764917         6.47226997806655173757579096988836266E-0002
  -1.18542553136569397517437383315700096         6.47532766792607201865766714544162041E-0002
  -1.20967196693460146646001892169905496         6.47845221816478020885997394254647239E-0002
  -1.23390646352955964291477452107824427         6.48164378733814779269424301329050052E-0002
  -1.25812878196587097438006168088945325         6.48490253759122891848786174148658413E-0002
  -1.28233868317903144002011934493998734         6.48822863467902345103027660690620769E-0002
  -1.30653592822708999846244527185993430         6.49162224798732889975926249920082803E-0002
  -1.33072027829300684838980629272010194         6.49508355055408616753862298177228942E-0002
  -1.35489149468701045630873793083293579         6.49861271909122419342314624518668467E-0002
  -1.37904933884895332823162087925081434         6.50220993400700869311281983395201272E-0002
  -1.40319357235066650202181889736994090         6.50587537942890033312200176231079074E-0002
  -1.42732395689831273716398922714261338         6.50960924322692780908741505719287496E-0002
  -1.45144025433473837873453251707716903         6.51341171703758143516963339318856981E-0002
  -1.47554222664182387236023435158090081         6.51728299628823299022554869377394527E-0002
  -1.49962963594283290696646468513196539         6.52122328022208770740482226056654567E-0002
  -1.52370224450476016212984464384608271         6.52523277192367443711349705540935642E-0002
  -1.54775981474067763686406214756686894         6.52931167834488015895612165063948856E-0002
  -1.57180210921207953668151848773123361         6.53346021033153516637863274604698815E-0002
  -1.59582889063122569578771723176212151         6.53767858265055539835402770641005704E-0002
  -1.61983992186348351127976447318328100         6.54196701401764854564917797972802474E-0002
  -1.64383496592966836623503536534352561         6.54632572712559071505316239884345184E-0002
  -1.66781378600838251859097592063701259         6.55075494867308059350598381380068834E-0002
  -1.69177614543835243273215107921579969         6.55525490939417821541384227744512362E-0002
  -1.71572180772076453071601990196577701         6.55982584408833560064731273978334934E-0002
  -1.73965053652159934008451627026266703         6.56446799165102669786757566037416488E-0002
  -1.76356209567396401522433852579994618         6.56918159510498423799080900574587612E-0002
  -1.78745624918042320925490390139836056         6.57396690163205127586133024687865048E-0002
  -1.81133276121532827343920321973628905         6.57882416260565537464131933151130748E-0002
  -1.83519139612714476112929801070824609         6.58375363362391356712213856796087325E-0002
  -1.85903191844077821327493575671110083         6.58875557454337641120456987225673764E-0002
  -1.88285409285989820254071925342059685         6.59383024951341964326994741527649627E-0002
  -1.90665768426926061309445290416352202         6.59897792701129212316052622122528526E-0002
  -1.93044245773702813314670197918613352         6.60419887987782895809702852785527490E-0002
  -1.95420817851708893733924029510597923         6.60949338535383889017793099909130310E-0002
  -1.97795461205137353609792723051797908         6.61486172511717523322479339020840515E-0002
  -2.00168152397216976908364631478168078         6.62030418532049984975926364142409933E-0002
  -2.02538868010443591989325462989095414         6.62582105662974986792126228026949136E-0002
  -2.04907584646811192918103476923861097         6.63141263426331705126771690184331731E-0002
  -2.07274278928042868338990891902950162         6.63707921803194995173315763051369576E-0002
  -2.09638927495821535630066758283570799         6.64282111237938919769625325067015126E-0002
  -2.12001507012020478062668336987377687         6.64863862642374649519148641383051658E-0002
  -2.14361994158933682690102292334353151         6.65453207399963815094700437961015338E-0002
  -2.16720365639505976692253728470975129         6.66050177370108416123554243169188163E-0002
  -2.19076598177562959904740257902440704         6.66654804892518415061552609944593528E-0002
  -2.21430668518040731263269866895616362         6.67267122791658168963745486925107272E-0002
  -2.23782553427215406895895316258116088         6.67887164381272877062310109694371642E-0002
  -2.26132229692932427597914167144955366         6.68514963468996247582187491268843318E-0002
  -2.28479674124835653426242229802243046         6.69150554361040613274326535809796775E-0002
  -2.30824863554596243152189278011347582         6.69793971866970751739343409535571855E-0002
  -2.33167774836141316313689232710430372         6.70445251304562693764828952794319455E-0002
  -2.35508384845882395610182673886479411         6.71104428504748830621890917117147225E-0002
  -2.37846670482943627385517469173237802         6.71771539816650659575604744591772740E-0002
  -2.40182608669389777946423489262117942         6.72446622112700535775066033419311264E-0002
  -2.42516176350454003466329792618115278         6.73129712793853828217296865178755603E-0002
  -2.44847350494765391226527283255268897         6.73820849794892907641383937172709668E-0002
  -2.47176108094576269948936653411549097         6.74520071589824425021378965999965692E-0002
  -2.49502426165989286977020395597397938         6.75227417197371370805577298365137420E-0002
  -2.51826281749184250063678783182976001         6.75942926186561437213175165252750525E-0002
  -2.54147651908644731527292952725389442         6.76666638682413238764829684887294222E-0002
  -2.56466513733384432539423551689420471         6.77398595371721979809637381040571636E-0002
  -2.58782844337173305310040818936083781         6.78138837508946192136339250430209791E-0002
  -2.61096620858763430938551418977371263         6.78887406922197200840505296720453130E-0002
  -2.63407820462114650701298830939876338         6.79644346019333012481936475614400333E-0002
  -2.65716420336619948548647575644286636         6.80409697794158356227986861660718442E-0002
  -2.68022397697330582587217025174489943         6.81183505832732646159962623971293984E-0002
  -2.70325729785180963325307954544872959         6.81965814319787671242793310517608285E-0002
  -2.72626393867213276462064340126185821         6.82756668045256858644996741134321421E-0002
  -2.74924367236801848003434159691597157         6.83556112410917996169397764226928203E-0002
  -2.77219627213877249490536079411538351         6.84364193437151340538583647583125835E-0002
  -2.79512151145150141128603898758964242         6.85180957769815080196819781856903623E-0002
  -2.81801916404334850607267439770370811         6.86006452687240164166928906220373085E-0002
  -2.84088900392372685405537186911479461         6.86840726107346552361982529205480162E-0002
  -2.86373080537654976377490382173900949         6.87683826594882987623821422305519141E-0002
  -2.88654434296245850417308431019360471         6.88535803368792435670422499024435574E-0002
  -2.90932939152104730004989352215535633         6.89396706309705386109748203105974126E-0002
  -2.93208572617308557436754582082144357         6.90266585967563255747539314010027958E-0002
  -2.95481312232273741546886694583355016         6.91145493569374184609957533011120492E-0002
  -2.97751135565977824730473496244713001         6.92033481027103565449318669773099985E-0002
  -3.00018020216180868079294472007762141         6.92930600945701699033530118784483125E-0002
  -3.02281943809646552445867667618210742         6.93836906631271020269316491690054777E-0002
  -3.04542884002362993253478768515541351         6.94752452099375394208882519212713935E-0002
  -3.06800818479763266872839346782259295         6.95677292083494036273289700682140485E-0002
  -3.09055724956945646388867968635828776         6.96611482043622667628480462595783924E-0002
  -3.11307581178893544583956057109752576         6.97555078175024574607571927636126528E-0002
  -3.13556364920695161966970059664234846         6.98508137417134300422828988295677314E-0002
  -3.15802053987762837680152549971680880         6.99470717462616758190783391912097080E-0002
  -3.18044626216052101119017368306764182         7.00442876766584616543600261428100200E-0002
  -3.20284059472280422103287746892576141         7.01424674555976872859489729469799212E-0002
  -3.22520331654145657439901546060247101         7.02416170839101594456417288222964751E-0002
  -3.24753420690544191722104214805559505         7.03417426415345874999534635797044221E-0002
  -3.26983304541788770211667855698353473         7.04428502885056121917881835166193972E-0002
  -3.29209961199826021654313789334797734         7.05449462659591860855589187529770283E-0002
  -3.31433368688453668881476247625037365         7.06480368971556315144004756411156827E-0002
  -3.33653505063537425054626247976024863         7.07521285885207092022292290519181316E-0002
  -3.35870348413227573411477281449129851         7.08572278307050382904963537724958067E-0002
  -3.38083876858175228376518156623160929         7.09633411996622162446935235738199579E-0002
  -3.40294068551748275901463146345970871         7.10704753577459950543019923777702094E-0002
  -3.42500901680246990904375455773930571         7.11786370548268782773888876465985468E-0002
  -3.44704354463119329679406935832320812         7.12878331294285118230790131624073465E-0002
  -3.46904405153175895152304875027693788         7.13980705098842499174714759481331671E-0002
  -3.49101032036804572860065582744670064         7.15093562155142864672134372720732380E-0002
  -3.51294213434184835536364296896780855         7.16216973578237510260602348439759586E-0002
  -3.53483927699501714187661675999369504         7.17351011417221777897069914943317281E-0002
  -3.55670153221159433548178738111525279         7.18495748667647654995361629889049335E-0002
  -3.57852868421994709805244554166721126         7.19651259284158558334592924727325825E-0002
  -3.60032051759489708489854258285764463         7.20817618193350678087241273505807457E-0002
  -3.62207681725984660430628969843000980         7.21994901306865359246157942665452862E-0002
  -3.64379736848890133672743998234439244         7.23183185534717102398371514629055503E-0002
  -3.66548195690898959266787188166964486         7.24382548798861873176795925397506014E-0002
  -3.68713036850197808835925427338951666         7.25593070047010519898071857014679063E-0002
  -3.70874238960678421833194145898244008         7.26814829266692211947432736665341611E-0002
  -3.73031780692148480404182054123721364         7.28047907499572927484010591938626315E-0002
  -3.75185640750542129773861357258210773         7.29292386856034138099413788823696224E-0002
  -3.77335797878130142079812219996956906         7.30548350530016960258561271069227681E-0002
  -3.79482230853729721577609293278095374         7.31815882814137168777400810556036728E-0002
  -3.81624918492913949147677627998117702         7.33095069115076596343041334739302457E-0002
  -3.83763839648220864036485249152564147         7.34385995969256575256883291009124331E-0002
  -3.85898973209362180768520014544934483         7.35688751058799213282661794504664476E-0002
  -3.88030298103431639169099099278391716         7.37003423227782434814400331050894622E-0002
  -3.90157793295112985441680495207676869         7.38330102498794861653053602637312249E-0002
  -3.92281437786887582246987257644441980         7.39668880089796754607637584262577488E-0002
  -3.94401210619241645734916833939356646         7.41019848431293388033169220072169329E-0002
  -3.96517090870873107483889633970347085         7.42383101183827384403894091780297695E-0002
  -3.98629057658898099305993014709998554         7.43758733255796695220195408762405431E-0002
  -4.00737090139057058879999013389195416         7.45146840821605078089526248455088930E-0002
  -4.02841167505920454178076439582175922         7.46547521340152087838262229525267033E-0002
  -4.04941268993094124655780288875663279         7.47960873573669772139563307317771333E-0002
  -4.07037373873424237178683832518629571         7.49386997606913439523811285459923065E-0002
  -4.09129461459201854662821131248938793         7.50825994866714049919395310112483922E-0002
  -4.11217511102367115409930079830466854         7.52277968141899965203961159761134229E-0002
  -4.13301502194713021122328373984183881         7.53743021603595989786285054859838389E-0002
  -4.15381414168088831586116965437328792         7.55221260825907829148587969799385052E-0002
  -4.17457226494603064015287595628065773         7.56712792807000297725826390600536929E-0002
  -4.19528918686826095053212835874916354         7.58217725990577816655487858776341039E-0002
  -4.21596470297992363431918673041211700         7.59736170287775956977862064337001251E-0002
  -4.23659860922202171293481026190110335         7.61268237099473004988023471761437828E-0002
  -4.25719070194623082181848622535879845         7.62814039339030753828652005312951963E-0002
  -4.27774077791690913717375361058225083         7.64373691455473959265810674300559519E-0002
  -4.29824863431310322970345610170608419         7.65947309457118138113297935221362203E-0002
  -4.31871406873054982553795782339163670         7.67535010935655635177795898142140206E-0002
  -4.33913687918367345459974963861263578         7.69136915090710139106809921850711655E-0002
  -4.35951686410757996668846312264398250         7.70753142754870089362163650303016659E-0002
  -4.37985382236004589561109326916790485         7.72383816419211685949454596844810511E-0002
  -4.40014755322350365172320910198938750         7.74029060259322490752634859711559811E-0002
  -4.42039785640702252328810326526368776         7.75689000161836894605697722374498338E-0002
  -4.44060453204828546710219694003233788         7.77363763751495017842293125432474581E-0002
  -4.46076738071556166887657467698192079         7.79053480418736914270316812092217241E-0002
  -4.48088620340967485390627453451920636         7.80758281347844259603225062179607103E-0002
  -4.50096080156596732860090185543301394         7.82478299545642025634260985193582839E-0002
  -4.52099097705625973349226969062795835         7.84213669870772971165717058494126458E-0002
  -4.54097653219080648837709486881533784         7.85964529063558120215533071421470536E-0002
  -4.56091726972024691029529559889190542         7.87731015776456747642058623328476394E-0002
  -4.58081299283755198508714385740307228         7.89513270605139752390657301647963498E-0002
  -4.60066350517996677331542323546921631         7.91311436120190669421274585389476242E-0002
  -4.62046861083094843138182997447177329         7.93125656899448953385223145302605873E-0002
  -4.64022811432209982871013118239770649         7.94956079561010560656674033246339999E-0002
  -4.65994182063509874191205926590795288         7.96802852796901261777961971765907296E-0002
  -4.67960953520362260689557500794450643         7.98666127407438534150526623573830715E-0002
  -4.69923106391526880991897303618126380         8.00546056336298315312842654125404829E-0002
  -4.71880621311347049863833223115871496         8.02442794706303340826390036109743892E-0002
  -4.73833478959940789424002947997636239         8.04356499855950248090199995007528424E-0002
  -4.75781660063391508579443765555590677         8.06287331376693098790334594991481920E-0002
  -4.77725145393938228801151735449899088         8.08235451151001458647006685070885991E-0002
  -4.79663915770165354362378631837305236         8.10201023391211674151473093467698776E-0002
  -4.81597952057191985166711015196279333         8.12184214679190502609015301832992758E-0002
  -4.83527235166860770297490249388886903         8.14185194006830784564859443959190714E-0002
  -4.85451746057926300424665174446105450         8.16204132817399397149138879400448856E-0002
  -4.87371465736243037209720436532226247         8.18241205047758293618952673098976628E-0002
  -4.89286375254952777853893118615797015         8.20296587171480019006744964477276866E-0002
  -4.91196455714671652939478263448788824         8.22370458242879694934636684763266352E-0002
  -4.93101688263676655718630089251103885         8.24462999941986088978482071874535029E-0002
  -4.95002054098091701008690122552748009         8.26574396620475026143326076220488042E-0002
  -4.96897534462073211857716066319801212         8.28704835348589062750251843406456523E-0002
  -4.98788110647995232148545938962171119         8.30854505963068027067736280472845532E-0002
  -5.00673763996634063314410815091641437         8.33023601116115737111936008459349982E-0002
  -5.02554475897352423343806325790081928         8.35212316325428934983368808305837611E-0002
  -5.04430227788283126257047888304110346         8.37420850025315229727311769220842090E-0002
  -5.06301001156512280241667385970663317         8.39649403618927617859863398436588977E-0002
  -5.08166777538262002638559662087540348         8.41898181531643953283286329113561109E-0002
  -5.10027538519072649975555679487079230         8.44167391265620567251053028081598173E-0002
  -5.11883265733984561249885483686645651         8.46457243455550095300446311284373222E-0002
  -5.13733940867719312665798144437902142         8.48767951925654452653150740250989080E-0002
  -5.15579545654860482038427590863894243         8.51099733747944813537314187964031718E-0002
  -5.17420061880033921079832651570296057         8.53452809301781394295950141479026424E-0002
  -5.19255471378087533787996615381731060         8.55827402334766816148664517392640024E-0002
  -5.21085756034270559164446192749334087         8.58223740025007832245376399999282199E-0002
  -5.22910897784412356491041834291584587         8.60642053044781246419376155753021775E-0002
  -5.24730878615100691401400903084174713         8.63082575625640929090899253408137690E-0002
  -5.26545680563859520987342152751041657         8.65545545625003950422617112937758069E-0002
  -5.28355285719326276185684285500661562         8.68031204594255003471751174927453564E-0002
  -5.30159676221428639695693004200807457         8.70539797848409482164594164796657321E-0002
  -5.31958834261560817682449881421811923         8.73071574537376811943417929987940755E-0002
  -5.33752742082759303526412496963162637         8.75626787718866906471847323754258161E-0002
  -5.35541381979878131884448594401176700         8.78205694432983943467941960458673852E-0002
  -5.37324736299763621332657427177362200         8.80808555778553018269055433420398604E-0002
  -5.39102787441428603866338956039623026         8.83435636991226646896313569322927893E-0002
  -5.40875517856226139537536072435017334         8.86087207523419553032617373384335620E-0002
  -5.42642910048022714515656506748654290         8.88763541126121687389415213388391105E-0002
  -5.44404946573370920861779485936268440         8.91464915932640995430467592220387552E-0002
  -5.46161610041681616312367481788902289         8.94191614544329072449133383294770275E-0002
  -5.47912883115395562373235488311170507         8.96943924118344525754488949130963486E-0002
  -5.49658748510154539029779133838111941         8.99722136457510604501820333322352387E-0002
  -5.51399188994971934384628519742360640         9.02526548102325460896072820331533842E-0002
  -5.53134187392402807539076931911079606         9.05357460425185274599289826906709009E-0002
  -5.54863726578713423039832442454013514         9.08215179726882407791802494346139677E-0002
  -5.56587789484050255217855856029376069         9.11100017335442764194447230938475237E-0002
  -5.58306359092608460751280406268853753         9.14012289707368604299139617594560346E-0002
  -5.60019418442799817789657021409497018         9.16952318531355224048626778407353699E-0002
  -5.61726950627420129982033802599011549         9.19920430834552138357470390816657140E-0002
  -5.63428938793816093756659541470208710         9.22916959091441727419519458595900210E-0002
  -5.65125366144051627205398593357032110         9.25942241335410706093413880038498694E-0002
  -5.66816215935073658931258166664516068         9.28996621273092268342254603308484704E-0002
  -5.68501471478877375222759034963779543         9.32080448401559343433536492767566637E-0002
  -5.70181116142670923924226773756275627         9.35194078128452082257724245659819073E-0002
  -5.71855133349039573376442815775203649         9.38337871895125474753854539292943046E-0002
  -5.73523506576109324807472854243593588         9.41512197302905887281097036654927504E-0002
  -5.75186219357709976558884349607050186         9.44717428242548306286054461529020868E-0002
  -5.76843255283537638537975058665694639         9.47953945026989186433415824204886254E-0002
  -5.78494597999316695292060552348305330         9.51222134527493032356588802228688384E-0002
  -5.80140231206961216106310566049166639         9.54522390313294198437976684838346464E-0002
  -5.81780138664735810532081680775530139         9.57855112794838875878915638341499701E-0002
  -5.83414304187415927758167210466039236         9.61220709370735856353103099939621467E-0002
  -5.85042711646447598242874216717953197         9.64619594578528422606788043692167938E-0002
  -5.86665344970106616030342232628835186         9.68052190249403624606103906112865399E-0002
  -5.88282188143657160180038498187803952         9.71518925666959261663301848050962400E-0002
  -5.89893225209509853743900236160100795         9.75020237730153113135936742977592646E-0002
  -5.91498440267379258731145675061238063         9.78556571120563349849366585833595856E-0002
  -5.93097817474440805506342099825467560         9.82128378474093622750121829705833783E-0002
  -5.94691341045487155071901126197916284         9.85736120557261072224771398541055970E-0002
  -5.96278995253083992691768596629219685         9.89380266448210439166355635673937173E-0002
  -5.97860764427725251318688928283716349         9.93061293722602595790813799503512956E-0002
  -5.99436632957987763293051352294824464         9.96779688644531159375419203095650863E-0002
  -6.01006585290685338786968212071843886        0.100053594636262641493314708281470778      
  -6.02570605931022269472893281589703544        0.100433057111151156324539126928543136      
  -6.04128679442746255901760866336924543        0.100816407641878233904173902387092604      
  -6.05680790448300757081314203969075681        0.101203698531768732135515930528937469      
  -6.07226923628976760750994332579383899        0.101594983056569279566283061580600114      
  -6.08767063725063972855478085572087521        0.101990315486912283739986500481171114      
  -6.10301195536001424724686146978255217        0.102389751111407238147497035959958400      
  -6.11829303920527496473829103112877004        0.102793346260379843584446952289427691      
  -6.13351373796829355142821099015519740        0.103201158330280230302282752992601391      
  -6.14867390142691806100166994279288935        0.103613245808782370635956202314591295      
  -6.16377337995645556242219755644700052        0.104029668300597609349796907434347496      
  -6.17881202453114887524510165962996219        0.104450486554026112396643493731329006      
  -6.19378968672564739367670713521123106        0.104875762488270945851290477337854716      
  -6.20870621871647198486309694829028342        0.105305559221540447266029895141744334      
  -6.22356147328347394695040060218309265        0.105739941099965543507919232333136578      
  -6.23835530381128801251730297267202581        0.106178973727359704280469397987066039      
  -6.25308756429077938303921624287343145        0.106622723995850301120440853746057311      
  -6.26775810932048478010246896879241348        0.107071260117411269921060074750597520      
  -6.28236679410804749914591856742942846        0.107524651656328153314632501520635208      
  -6.29691347447164645156658615235659947        0.107982969562627830026525870285445301      
  -6.31139800684141918108524506178535078        0.108446286206506524200641635102676071      
  -6.32582024826087884032736604571444083        0.108914675413791031449244081079705226      
  -6.34018005638832511363443231481748580        0.109388212502469502905150541790623669      
  -6.35447728949824907218038591597288080        0.109866974320329596921118673331574269      
  -6.36871180648273194752785259806531856        0.110351039283743343510497909652550184      
  -6.38288346685283780981881487584918231        0.110840487417639672577417890017438295      
  -6.39699213074000013685456179686183436        0.111335400396707237059610992067756861      
  -6.41103765889740226038003837286586665        0.111835861587871920123063997914855109      
  -6.42501991270135167594814715800224516        0.112341956094095255543477713119801650      
  -6.43893875415264820280011844433546208        0.112853770799541916654762711658409541      
  -6.45279404587794598025876340402570732        0.113371394416166446255197438776518748      
  -6.46658565113110928719225563690794070        0.113894917531771512414539042371202310      
  -6.48031343379456217116705038241501053        0.114424432659592188275458125703642785      
  -6.49397725838063187396964652386374918        0.114960034289463073041096755262673379      
  -6.50757699003288604023812384813726619        0.115501818940627502053015722403677242      
  -6.52111249452746369600574622045487346        0.116049885216250642191061154843921934      
  -6.53458363827439998402040978664215457        0.116604333859700941126302839139554144      
  -6.54799028831894464276533341723181560        0.117165267812667201967809294053520706      
  -6.56133231234287421616813575069492561        0.117732792275181495706254207479696266      
  -6.57460957866579798104731876770301752        0.118307014767621210146518947970974705      
  -6.58782195624645757940718122386701989        0.118888045194766773772208075425397005      
  -6.60096931468402034275431587294076642        0.119475995911994994722976516104215788      
  -6.61405152421936629567110161281093597        0.120070981793691527840348161608263740      
  -6.62706845573636882594398486826817247        0.120673120303969736158098954178831123      
  -6.64001998076316900860685307186915382        0.121282531569787157485253696217710967      
  -6.65290597147344357132243640022216503        0.121899338456554932697148650778044759      
  -6.66572630068766648858743134959422809        0.122523666646339911538298250110040936      
  -6.67848084187436419230992067245536497        0.123155644718763736404051449903028014      
  -6.69116946915136438637066802483565066        0.123795404234708027739469957491960400      
  -6.70379205728703845284299177135127035        0.124443079822939870240266241019301146      
  -6.71634848170153743760917013742727397        0.125098809269777141720777133327130419      
  -6.72883861846802160317469866237798823        0.125762733611918852041571616310446407      
  -6.74126234431388353654521006717639022        0.126434997232571584600940231522441410      
  -6.75361953662196480009447558033941661        0.127115747961009375422574648001263057      
  -6.76591007343176611341563483658207875        0.127805137175710943823193627501983149      
  -6.77813383344065105421164804677962461        0.128503319911225124285178616912857903      
  -6.79029069600504326634492860418342502        0.129210454968922663108019255338706617      
  -6.80238054114161716323019600945942435        0.129926705031800258736065967815388551      
  -6.81440324952848211481878733349738045        0.130652236783510865982977704874680184      
  -6.82635870250636010648697975846265603        0.131387221031802877991587809519597818      
  -6.83824678207975685820530640947416009        0.132131832836559873774578139731970855      
  -6.85006737091812639243039207569675139        0.132886251642642203600625153792804401      
  -6.86182035235702903922549388350750352        0.133650661417741811423986888300719120      
  -6.87350561039928286718070388757931726        0.134425250795472397339171142774557597      
  -6.88512302971610852876865524895022649        0.135210213223928340418427649347657054      
  -6.89667249564826750883657053202641433        0.136005747119957772591192057147231699      
  -6.90815389420719376500059903350857766        0.136812056029407859575492317652996278      
  -6.91956711207611874877360931284164050        0.137629348793613750404796105706671975      
  -6.93091203661118979632293258227889617        0.138457839722416851187781301892440937      
  -6.94218855584258187781999169024805533        0.139297748774013113272036164758776393      
  -6.95339655847560269440929844855090183        0.140149301741947956613991335506689139      
  -6.96453593389179111188995836508801142        0.141012730449591335626306880755771536      
  -6.97560657215000892026858580127393376        0.141888272952444361230663627321511862      
  -6.98660836398752590840840352803256948        0.142776173748647888206537215393916416      
  -6.99754120082109824306527795611769521        0.143676683998083635270300288025946943      
  -7.00840497474804014166752431432003442        0.144590061750479806300148534547598411      
  -7.01919957854728882826250409068783639        0.145516572182955910440012952702355427      
  -7.02992490568046276211932948395289144        0.146456487847465628715398241484558361      
  -7.04058085029291312854338578063925197        0.147410088928622244617385163874726110      
  -7.05116730721476858152488182253375297        0.148377663512418452894723765934402149      
  -7.06168417196197322791024040299542341        0.149359507866381399925289379763285766      
  -7.07213134073731784285184387164319111        0.150355926731734714970581449250301992      
  -7.08250871043146430635845477695180090        0.151367233628172198652654214909027886      
  -7.09281617862396325083553637587100761        0.152393751171882888139366796650933594      
  -7.10305364358426490957170262843703209        0.153435811407504574431553846452805800      
  -7.11322100427272315619463121215826128        0.154493756154722675135327309575764909      
  -7.12331816034159272518697547344024988        0.155567937370273849291405401516475220      
  -7.13334501213601960362011141820820447        0.156658717526159077370314462749001601      
  -7.14330146069502458433095316696233972        0.157766470004919333964989332726075488      
  -7.15318740775247997083456409557866620        0.158891579512878685436296894865715618      
  -7.16300275573807942433288048610823649        0.160034442512314901723726840611449859      
  -7.17274740777830094324754925454959396        0.161195467673576753971607226204490394      
  -7.18242126769736296577266053705105920        0.162375076348230374089658264552695812      
  -7.19202424001817358601102893328803961        0.163573703064384700899119423617519297      
  -7.20155622996327287432564335597653232        0.164791796045418480038371719342231115      
  -7.21101714345576829260596404782885679        0.166029817753408901790349867577015765      
  -7.22040688712026319521689573002048471        0.167288245458645166405355462591601724      
  -7.22972536828377840646650736680058729        0.168567571836699511006415115253325368      
  -7.23897249497666686549690099572732630        0.169868305594624006763999403906426133      
  -7.24814817593352132957105380773319479        0.171190972127944274965694652837074516      
  -7.25725232059407512679696849053076039        0.172536114210231759796625474403278445      
  -7.26628483910409594939906609658098225        0.173904292717154971525683682428981465      
  -7.27524564231627267871544268591776490        0.175296087387037872721355959380909380      
  -7.28413464179109523316838504664092817        0.176712097620091083374540951653286918      
  -7.29295174979772743052440123308297279        0.178152943318629661232487859120735889      
  -7.30169687931487285582896780389841509        0.179619265770750783073146847803773110      
  -7.31036994403163372647022680914723837        0.181111728580116710116140152667496885      
  -7.31897085834836274589498108553659874        0.182631018644674061717504025318336963      
  -7.32749953737750793756953559020503939        0.184177847187340848008550615159759515      
  -7.33595589694445045084721465281323978        0.185752950841909244354145531316594054      
  -7.34433985358833533047374946945799594        0.187357092797646179386515416761637496      
  -7.35265132456289524153117621545248431        0.188991064006327049977926965785503251      
  -7.36089022783726714169041213191156696        0.190655684455712027980080372038725017      
  -7.36905648209680189271228415714258745        0.192351804513771420977734759865137596      
  -7.37715000674386680320647144107479617        0.194080306348288527814930970245487828      
  -7.38517072189864109472758871158388396        0.195842105426817745960915364967186396      
  -7.39311854839990428335748126702350279        0.197638152102354945489298931049696380      
  -7.40099340780581746899272366023302031        0.199469433290489202528659008053757881      
  -7.40879522239469752462631222565502206        0.201336974244253069950198733987138056      
  -7.41652391516578417798261579211459650        0.203241840433376184868884831862923776      
  -7.42417940983999997793479852768103667        0.205185139535178085793581256653100153      
  -7.43176163086070313820415318750312628        0.207168023544914982113916378929176296      
  -7.43927050339443325091108138749591173        0.209191691014026712995666865736411638      
  -7.44670595333164986261782921244331611        0.211257389425419621522501238716643978      
  -7.45406790728746390557353079192722191        0.213366417715674531872272513099464881      
  -7.46135629260236197694262874624242480        0.215520128954893116324048287377315971      
  -7.46857103734292345886832792114127293        0.217719933195798110437473813160669162      
  -7.47571207030253047229339689820140676        0.219967300504691384417967659191116861      
  -7.48277932100207065753135968945828283        0.222263764187958094450244415326964707      
  -7.48977271969063277465191710263501058        0.224610924228995418137561431114987571      
  -7.49669219734619511681530279809691279        0.227010450951752378573900458339375973      
  -7.50353768567630672976121235114295666        0.229464088928506062004902068475907534      
  -7.51030911711876143072894398333768257        0.231973661151083831134345874349918479      
  -7.51700642484226462015645633354094768        0.234541073486487463619084782478040151      
  -7.52362954274709287957718100170865549        0.237168319439802127348799521419210539      
  -7.53017840546574634920462491436836885        0.239857485249401747072783179046608159      
  -7.53665294836359387876605912723008811        0.242610755341816345627419048190528180      
  -7.54305310753951094521791579435206159        0.245430418176233189069082722678692228      
  -7.54937881982651033104690299069383022        0.248318872511492416061572351971027906      
  -7.55563002279236555693229717118377139        0.251278634131643751928425885025813276      
  -7.56180665474022706261638457942237694        0.254312343069693041181695680618684881      
  -7.56790865470923112990159517704554170        0.257422771373130205747416440855261999      
  -7.57393596247510154176450494419502907        0.260612831459244576107346907349813670      
  -7.57988851855074397164857399550411698        0.263885585113157229498730317915692122      
  -7.58576626418683309706923815693843552        0.267244253186999152109821712798008056      
  -7.59156914137239243173677974858935463        0.270692226064814444020069222359292133      
  -7.59729709283536687047426860838326641        0.274233074964656235662132477614344713      
  -7.60295006204318794127978616236314205        0.277870564157069219073938915072230495      
  -7.60852799320333175895412288888014570        0.281608664187831481157614286914865211      
  -7.61403083126386967478717212631346478        0.285451566202591958104160333451357395      
  -7.61945852191401161686833012588318783        0.289403697482041105570221599730825155      
  -7.62481101158464211565835284126499340        0.293469738308668104318392372755267557      
  -7.63008824744884900953231346305796630        0.297654640300193088565069557145868014      
  -7.63529017742244482507555043617732034        0.301963646360655647515073622070017016      
  -7.64041675016448082698679292890586472        0.306402312418168462590090036622395917      
  -7.64546791507775373251499874009729583        0.310976531138830865616705751882313236      
  -7.65044362230930508542883772183511555        0.315692557829619538380338790609500124      
  -7.65534382275091328459020124417314373        0.320557038769675726533343421715201227      
  -7.66016846803957826227561432139026300        0.325577042239810800939095000636373837      
  -7.66491751055799880746197103997594402        0.330760092554867719963361969778935325      
  -7.66959090343504252936560516134406413        0.336114207443528412290741526143994447      
  -7.67418860054620845659634550060445608        0.341647939166102435820200870981005643      
  -7.67871055651408226736088918969936843        0.347370419813786214742508338633894147      
  -7.68315672670878414622255450147873724        0.353291411294053095156747000052460190      
  -7.68752706724840926299724782304231007        0.359421360577663967035402930277501095      
  -7.69182153499946086943829590367891796        0.365771460865001021497337987751420505      
  -7.69604008757727600943565394631366983        0.372353719425093040594844775362370767      
  -7.70018268334644383852790174243945857        0.379181032972310749775511385262092939      
  -7.70424928142121654859838314954998174        0.386267271576273560220599407449963999      
  -7.70823984166591289369982805718879335        0.393627372253669232482611282573335903      
  -7.71215432469531431302481986256145632        0.401277443570876468398636459415750796      
  -7.71599269187505364711253465850954911        0.409234882798902839409511702214949518      
  -7.71975490532199644345528010441201233        0.417518507413825954657513410733708418      
  -7.72344092790461484774150158277610276        0.426148703034790422835813599857335271      
  -7.72705072324335407704510001904846648        0.435147590247707213542095118902525665      
  -7.73058425571099147134411893729130346        0.444539213188566651015811321111392105      
  -7.73404149043298811982510721724458030        0.454349753271193825690911375792447811      
  -7.73742239328783305850274788599579965        0.464607772059698624570085540713497073      
  -7.74072693090738003575766139672170454        0.475344488030105549097578737150083334      
  -7.74395507067717684246864349413129305        0.486594092869359949950798976685649523      
  -7.74710678073678720348898221737550075        0.498394114061994455418553708834317777      
  -7.75018202998010522728991512202091508        0.510785831864796125411893225277257180      
  -7.75318078805566241066773568862146922        0.523814760431423177464932541913841705      
  -7.75610302536692719548453640156219918        0.537531204904067256678520244789845838      
  -7.75894871307259707448608440298952713        0.551990908844304999326824875960972690      
  -7.76171782308688324331386322728479898        0.567255809569092362055739034566112453      
  -7.76441032807978779590188017589539381        0.583394922972930267950070812135149890      
  -7.76702620147737346052243267434355913        0.600485384495119191686523586479418044      
  -7.76956541746202587381864773654605590        0.618613679353788214458421269200763908      
  -7.77202795097270839023525571959058620        0.637877103448805462083810312398240204      
  -7.77441377770520942433273215796082712        0.658385507020091527096359524119079558      
  -7.77672287411238232354363889276206278        0.680263387037596569222426820686360927      
  -7.77895521740437776900371723140982818        0.703652412499549566473344302104140229      
  -7.78111078554886870216403075890324307        0.728714490866047752637155200957686274      
  -7.78318955727126777496422294538034735        0.755635515922333695027424714809027511      
  -7.78519151205493732142074412808923893        0.784629980533598990676114565247698013      
  -7.78711663014139184855771306093417873        0.815946696460942032245249426178600937      
  -7.78896489253049304468190929288908742        0.849875944131316445427529143090775180      
  -7.79073628098063730307724342912917910        0.886758487564858661164660757414588121      
  -7.79243077800893575926792211683740387        0.926997047918760709117250500642217220      
  -7.79404836689138684007341265223083758        0.971071055186536637541311090617007416      
  -7.79558903166304132275221769717793798         1.01955582540707032687181995441486215      
  -7.79705275711815990260539299342234374         1.07314779383441678747487349167284838      
  -7.79843952881036326748467944030835276         1.13269815916420551677093685085694566      
  -7.79974933305277467772407472827444253         1.19925840219289382053443276616931692      
  -7.80098215691815505008763816534984239         1.27414287397424195567749070241108309      
  -7.80213798823903054440030466741647962         1.35901641923838027582690800766920119      
  -7.80321681560781265160247937490881501         1.45601955270476437900024001267631567      
  -7.80421862837691078204319227861169081         1.56795140907803487174890441814255791      
  -7.80514341665883735290061185485276338         1.69854416804180944047565798165941668      
  -7.80599117132630537369274729512792812         1.85288716561272778666627636278520676      
  -7.80676188401231852891520973639318854         2.03810547230692642815076121242214257      
  -7.80745554711025375691695322515174101         2.26449085675083325905845772537186129      
  -7.80807215377393632419897525021378909         2.54748097200006165303741960504256265      
  -7.80861169791770739439502382467534871         2.91133498727450364581893008929783930      
  -7.80907417421648409126743255623820388         3.39648485142852110757556723964167747      
  -7.80945957810581205512528618539125620         4.07570807258537204787857737710698697      
  -7.80976790578191049214620596204377881         5.09455966722328338178460178872921317      
  -7.80999915420170971615713624173586572         6.79266800743367782728772223538637282      
  -7.81015332108288118250361008129242075         10.1889182099540888730373600567347577      
  -7.81023040490386001371107166943279926         20.3777358593984810060821722639353248      
