   9.81024967590665397665361524559557438         5.47847198210594382595154566348696538E-0011
   9.81020126430478238599785193480758503         5.48194040155102411431783268102212966E-0011
   9.81005602997697057994881706548826813         5.49235857653631333866722310278920411E-0011
   9.80981397435662274053889907452058163         5.50976533550666061998977106366762866E-0011
   9.80947509983273011879403179191724706         5.53422565483869370645486391012344214E-0011
   9.80903940974984745635452160043434837         5.56583105458548103682324431230126942E-0011
   9.80850690840805997606999881896628908         5.60470015712735715141640244639044518E-0011
   9.80787760106294094189428281111598639         5.65097941339494956368280792001976502E-0011
   9.80715149392549978849902752285812723         5.70484400274688960735661074760768630E-0011
   9.80632859416212082111808722169186334         5.76649891406502428916574856136360785E-0011
   9.80540890989449248622761022551913984         5.83618021718997385680142637039939448E-0011
   9.80439245019952721375993045414190364         5.91415653547640246408019035829097088E-0011
   9.80327922510927183164238179126120869         6.00073073201840234025224431487938038E-0011
   9.80206924561080855354520759176662008         6.09624182400039639788051868290813223E-0011
   9.80076252364614654081577628958584481         6.20106714168910036234817939904147945E-0011
   9.79935907211210403966934303716834176         6.31562475082049022753557116529932467E-0011
   9.79785890486018109479961572064446291         6.44037615957781463009771466141801112E-0011
   9.79626203669642284066539062677929835         6.57582933403051880819990403960837118E-0011
   9.79456848338127337180251757108682500         6.72254204884055394899297020137938364E-0011
   9.79277826162942019360343551306688357         6.88112560327640556797911387679213679E-0011
   9.79089138910962925509948666678767112         7.05224893614465989262348105561977501E-0011
   9.78890788444457056537416894541343767         7.23664317719684367324012006731102292E-0011
   9.78682776721063439532842233937371380         7.43510667694345831977764431705783508E-0011
   9.78465105793773806661196360244830489         7.64851056166112958531633721563604711E-0011
   9.78237777810912332962758449103075997         7.87780486577262553604625300480955189E-0011
   9.78000795016114433260821085233771140         8.12402529978050693295378183120796009E-0011
   9.77754159748304618385938217064438832         8.38830071861902126093566342103702202E-0011
   9.77497874441673410935265284023389705         8.67186136274060129533750508939923646E-0011
   9.77231941625653320794823652333996881         8.97604795256870977758311646455632219E-0011
   9.76956363924893880661801255484304927         9.30232172623559182657567289096168990E-0011
   9.76671144059235741813278755697274420         9.65227552090325349615225556587006295E-0011
   9.76376284843683830377045531113213956         1.00276460095756916377106410830896551E-0010
   9.76071789188379564369442258478712724         1.04303272183046612357593597117242705E-0010
   9.75757660098572131774436711400205063         1.08623854632446354240971189622038962E-0010
   9.75433900674588829947406538175465795         1.13260758633222753065458002028527043E-0010
   9.75100514111804466636367129399905575         1.18238606025745478542213341821865299E-0010
   9.74757503700609822922644142521129279         1.23584291367296299080029965257572928E-0010
   9.74404872826379178392248726878023995         1.29327205616410394291609842130458015E-0010
   9.74042624969436898858468897132200193         1.35499483870607733367694565017747077E-0010
   9.73670763705023086965442744032843184         1.42136279883170724295251316079978287E-0010
   9.73289292703258296011728157835048243         1.49276070411608285296686392837210366E-0010
   9.72898215729107307342129380132740605         1.56960992818308968142794187613772370E-0010
   9.72497536642341971665282903119596579         1.65237219757948306233996662071869525E-0010
   9.72087259397503114663743910138170138         1.74155375252515010604211983894907115E-0010
   9.71667388043861507272549506636677912         1.83770996980208195142667523461563135E-0010
   9.71237926725377901011466335178369324         1.94145050196712140335424432460771629E-0010
   9.70798879680662128765357710830438706         2.05344499375311517447787056649511654E-0010
   9.70350251242931271416329063025908907         2.17442944406008078019419141426554086E-0010
   9.69892045839966890740530135809145061         2.30521329044652150796728664084366961E-0010
   9.69424267994071328991707989249233898         2.44668730264087377846757509106983113E-0010
   9.68946922322023075602816269781265416         2.59983238245190016122237806223862758E-0010
   9.68460013535031201446193385400492693         2.76572937973268863101966343147461022E-0010
   9.67963546438688861102025042117427276         2.94557004793710324960114528568746831E-0010
   9.67457525932925863594004980055001655         3.14066927851795765799482780149905978E-0010
   9.66941957011960312060301600247694060         3.35247877120112688197928045780945157E-0010
   9.66416844764249312837127405847347487         3.58260231731226031994557478643549152E-0010
   9.65882194372438754441392703357303276         3.83281289615537263730780246790863720E-0010
   9.65338011113312156948104730057895525         4.10507181031340507277885202505273933E-0010
   9.64784300357738592267348202352173167         4.40155011507980229018123615728896642E-0010
   9.64221067570619675834853125799071001         4.72465263051655778211729211434197927E-0010
   9.63648318310835630239320480609490728         5.07704486241532883051401046764304997E-0010
   9.63066058231190421318836005906220967         5.46168320133920724112429352558674841E-0010
   9.62474293078355967267856661689720648         5.88184881765776054819554867758053262E-0010
   9.61873028692815421305403358858686697         6.34118572587330963578672836918711493E-0010
   9.61262271008805528464237124509991015         6.84374355450531723640653882796532800E-0010
   9.60642026054258057069933921843580633         7.39402562941950253856205127681767170E-0010
   9.60012299950740305487905781135421531         7.99704305997980533338286986372858969E-0010
   9.59373098913394684725542630282034435         8.65837561016172796572285386153550701E-0010
   9.58724429250877377485770150286492049         9.38424024239409348604629426213503122E-0010
   9.58066297365296074277434032727929679         1.01815683422239022933123326528717606E-0009
   9.57398709752146787197030092772802866         1.10580927690227701884245242660705800E-0009
   9.56721673000249742005402702743390215         1.20224460342756814970291144537236516E-0009
   9.56035193791684349132130867814338925         1.30842710872662001663015924805397482E-0009
   9.55339278901723254249411877279089352         1.42543463913518696081502882658855096E-0009
   9.54633935198765469066336742294117358         1.55447272061262957702990364268107549E-0009
   9.53919169644268583003529484411946675         1.69689052557379257705151680446515889E-0009
   9.53194989292680056417193678959076235         1.85419892662368545958396614424127589E-0009
   9.52461401291367596050674393871848136         2.02809092005073553856756128560048434E-0009
   9.51718412880548613400701708506593812         2.22046474143770057912185779153152966E-0009
   9.50966031393218766694533258790877601         2.43345004090595792084131699798739858E-0009
   9.50204264255079587183257645548022500         2.66943753714371517080110156215349304E-0009
   9.49433118984465190465557972642859086         2.93111262842873314677535178093456898E-0009
   9.48652603192268073565265161567012468         3.22149350642882693506888815557232641E-0009
   9.47862724581863998495053930080824248         3.54397439589752581936667235806866110E-0009
   9.47063490949035963047650335500442284         3.90237463191219518070534403318203560E-0009
   9.46254910181897259564928479178312969         4.30099438767536649789635397378634137E-0009
   9.45436990260813622444275258761065433         4.74467798201000341491422305056479737E-0009
   9.44609739258324465150595850081495672         5.23888582870103032466208591848399174E-0009
   9.43773165339063207511318812285920230         5.78977624226806900910772422552800195E-0009
   9.42927276759676694080738249324267873         6.40429848947029840900572690037183193E-0009
   9.42072081868743704369001239623388178         7.09029867614480394097900669557634978E-0009
   9.41207589106692555740011675086174619         7.85664028865888111277806007957854568E-0009
   9.40333807005717799791476642049769599         8.71334147267552990812854360861426445E-0009
   9.39450744189696013039268442113162441         9.67173143410255041430554922589729881E-0009
   9.38558409374100682737214201504985105         1.07446286937811372740859181002414485E-0008
   9.37656811365916188672355665683407854         1.19465443252927397887486089157368970E-0008
   9.36745959063550881784644132999838568         1.32939137618360318321947412004485638E-0008
   9.35825861456749260468949459456582940         1.48053612821993545788988002469440278E-0008
   9.34896527626503245426167577868351938         1.65020018874850733927740727938844781E-0008
   9.33957966744962553939107931204717133         1.84077859709894012191481219814996416E-0008
   9.33010188075344174457730533735934465         2.05498929767872886837275690047724277E-0008
   9.32053200971840942387181957103919651         2.29591811533800983143178367404380937E-0008
   9.31087014879529217980950303955666597         2.56707015547705325532332280435901554E-0008
   9.30111639334275667250321091757155768         2.87242856426806152416124028456224844E-0008
   9.29127083962643146810168836388854159         3.21652172234644951582014818291901652E-0008
   9.28133358481795693589962911735012448         3.60450010381630448020066171349831653E-0008
   9.27130472699402620347700880433528611         4.04222421446146939784767927016429910E-0008
   9.26118436513541717933307855057044794         4.53636523216043265579916663795699783E-0008
   9.25097259912601565256856471146395005         5.09452021269001881313369700898357385E-0008
   9.24066952975182947925768646703943446         5.72534399998236708125677531846218125E-0008
   9.23027525869999386523957380059235673         6.43870029676283417547910589927484287E-0008
   9.21978988855776775514654312619107568         7.24583471541053054266045483148019315E-0008
   9.20921352281152133757446568180165333         8.15957304680334112180392186478189629E-0008
   9.19854626584571467638814389580125976         9.19454846480561677494002019535428711E-0008
   9.18778822294186747824219239959223628         1.03674619350589657495885517984844434E-0007
   9.17693950027752000648540233354339178         1.16973807292984451354940282234699908E-0007
   9.16600020492518515170394921415545040         1.32060806725024112931065021378828636E-0007
   9.15497044485129166924608503475227846         1.49184385834814221684725904479394178E-0007
   9.14385032891511859415813359871626833         1.68628823256697630279461317033533324E-0007
   9.13263996686772084404868347290026915         1.90719069817869387868996921928461559E-0007
   9.12133946935084602048484453996054650         2.15826669241125222353617162660395769E-0007
   9.10994894789584241961130106359126186         2.44376549946820989507016199274048182E-0007
   9.09846851492255826276965560265900440         2.76854816633616685626123966237761866E-0007
   9.08689828373823215798221316273593715         3.13817689268116106015452286119948092E-0007
   9.07523836853637480325090280126179360         3.55901758823457724557029648733744691E-0007
   9.06348888439564194270847365133594911         4.03835753969372017388278920157476513E-0007
   9.05164994727869858674543314582593048         4.58454041378281638550443878782329946E-0007
   9.03972167403107450732241625602753109         5.20712114881721770947856109947750460E-0007
   9.02770418238001101976378495655742376         5.91704365965471146765418060080663175E-0007
   9.01559759093329906241425604062704222         6.72684470684482460500465711046870011E-0007
   9.00340201917810858562624198856178248         7.65088776751183687117500919521688404E-0007
   8.99111758747980926163136298972671075         8.70563130141880812893536070878509237E-0007
   8.97874441708078252693524758734978894         9.90993644024194561470177889333244747E-0007
   8.96628263009922496896028391167305077         1.12854198520452848778712120626951087E-0006
   8.95373234952794306874641224512138324         1.28568583583601025655264329720654008E-0006
   8.94109369923313931160536188061006160         1.46526528217396305431422788104460448E-0006
   8.92836680395318967770893004871886407         1.67053598924677814108098326534108747E-0006
   8.91555178929741252467697726040393368         1.90523014214172549550794408688880698E-0006
   8.90264878174482887431577089952723555         2.17362627311186330782313895802276704E-0006
   8.88965790864291411574214646526137911         2.48062925104460408579599226189543978E-0006
   8.87657929820634113721367267106204833         2.83186188839882460096626429426811223E-0006
   8.86341307951571489906960181827094753         3.23376982319508673339905573543034194E-0006
   8.85015938251629846027185964359807512         3.69374156301228055371072943335649066E-0006
   8.83681833801673047111967835702130167         4.22024583750974829106439032218526943E-0006
   8.82339007768773414479570200753788749         4.82298869941535760896891229119550375E-0006
   8.80987473406081772048549380743576489         5.51309314523507610139807252362762536E-0006
   8.79627244052696643089634978128430199         6.30330440059191819870065974723446641E-0006
   8.78258333133532598708517125487812674         7.20822443596584488806346026191696530E-0006
   8.76880754159187759358886943435589900         8.24457975200901102915604836368406241E-0006
   8.75494520725810450693436782036906671         9.43152700535371064282391181294529839E-0006
   8.74099646514965015068873163146916106         1.07910016422029777659149129716422973E-0005
   8.72696145293496780029328695106603083         1.23481153747828920158056265604882140E-0005
   8.71284030913396185100879514091489248         1.41316090822258634877315484557768699E-0005
   8.69863317311662068238181935993909596         1.61743685504176911657764263913719707E-0005
   8.68434018510164113272535897040776967         1.85140113930136641779221323786784447E-0005
   8.66996148615504459718963338548919800         2.11935545268684415043383722561741459E-0005
   8.65549721818878476308156869573233942         2.42621727185490768949199908990918091E-0005
   8.64094752395934699617407739115316469         2.77760599837006902814712010776562403E-0005
   8.62631254706633939182862285571289449         3.17994070172533850052478559745523692E-0005
   8.61159243195107550483682523880347161         3.64055093692374426740891271117587380E-0005
   8.59678732389514877196899299198021349         4.16780227675485756184775973797348998E-0005
   8.58189736901899864129945398803535277         4.77123838341574842453063749309403004E-0005
   8.56692271428046842246041090438465734         5.46174164530011913506270347430247717E-0005
   8.55186350747335487205775664580850141         6.25171462329892442253718483652424072E-0005
   8.53671989722594952856385619639296847         7.15528478734522526948614888550359027E-0005
   8.52149203299957181108373062198714260         8.18853527850282666343454960987831117E-0005
   8.50618006508709389647236618895458736         9.36976470466667897416707026494305033E-0005
   8.49078414461145738936201592017824912         1.07197792685762574225979608207267439E-0004
   8.47530442352418179973936157431637472         1.22622208345523020445355306843008300E-0004
   8.45974105460386484279326020975870670         1.40239348638060043289036082204380039E-0004
   8.44409419145467457583451038257949529         1.60353824853127004632305920964272848E-0004
   8.42836398850483338716963783144268664         1.83311013172467150121040130001059995E-0004
   8.41255060100509385189111842674308494         2.09502200090232389171121994805762524E-0004
   8.39665418502720646962672641257285565         2.39370318311195004604177160217938826E-0004
   8.38067489746237929937081775615034355         2.73416329927365511776635086162287140E-0004
   8.36461289601972950660033094936838521         3.12206317081366201433247382644423439E-0004
   8.34846833922472683795811009181522087         3.56379343514704808939052679654826031E-0004
   8.33224138641762903886582673617733634         4.06656153253591775574966399879762215E-0004
   8.31593219775190922950829700902283977         4.63848775063490070103894205331257327E-0004
   8.29954093419267525471035814775580360         5.28871103039336839818014275138904323E-0004
   8.28306775751508102330668303469991917         6.02750524595322089841953044760658231E-0004
   8.26651283030272985268397177999926163         6.86640666948047250993300184052451381E-0004
   8.24987631594606983425386512601994783         7.81835331686424190824609683687539553E-0004
   8.23315837864078123569367463843160398         8.89783683889374956263067897893480701E-0004
   8.21635918338615595587061853590888487         1.01210675714617247549441625551086393E-0003
   8.19947889598346904844368881573123359         1.15061532836921621971092231957416297E-0003
   8.18251768303434233021555428233378770         1.30732920603585875958547587050989920E-0003
   8.16547571193910009038502440749228233         1.48449796198014123595563522852371623E-0003
   8.14835315089511691692855987329393537         1.68462311955772207488369968540068464E-0003
   8.13115016889515765641711640291181940         1.91048178936563026514959524587759038E-0003
   8.11386693572570952365224830160000313         2.16515171711097014007197888638928071E-0003
   8.09650362196530637758287624498726669         2.45203767605374462742562130019634897E-0003
   8.07906039898284518004143949899059034         2.77489909803738823774408349610100022E-0003
   8.06153743893589465391530517242185818         3.13787879179105457004883868284792688E-0003
   8.04393491476899615744629552815883259         3.54553254426560208524487603033990328E-0003
   8.02625300021195679142801805175008137         4.00285933959587407989996359947955200E-0003
   8.00849186977813475614734113930428505         4.51533186025431089913214630571221302E-0003
   7.99065169876271697499285016289221362         5.08892685553704633098826723855640957E-0003
   7.97273266324098900172944354652050546         5.73015487327308453404343504703862376E-0003
   7.95473494006659722851438558572448382         6.44608875128859487077750202328708140E-0003
   7.93665870686980341180612131733273027         7.24439015560739714104798380948584760E-0003
   7.91850414205573153339297804300257664         8.13333333279274778591909026996177062E-0003
   7.90027142480260701384452738240712114         9.12182511471571438170026946875547216E-0003
   7.88196073505998829576386023284301877         1.02194200762353918781349963013648560E-0002
   7.86357225354699081429433399658200363         1.14363296011173230199755751434851134E-0002
   7.84510616175050337240948616225802919         1.27834234608585222992271187024173604E-0002
   7.82656264192339693858977005041699658         1.42722223574136277518321782580637838E-0002
   7.80794187708272588456455651621500343         1.59148797273207292449141565397354538E-0002
   7.78924405100792168087245890600700496         1.77241509553988890392282154415583344E-0002
   7.77046934823897906806747685281525068         1.97133480059051783968631499210236589E-0002
   7.75161795407463472147271683373035482         2.18962773536275359562421698758829174E-0002
   7.73269005457053842745753306723766892         2.42871589937022388264958207594196057E-0002
   7.71368583653741678928784056908264919         2.69005242348987060586511294163540519E-0002
   7.69460548753922948067308228214635011         2.97510899457130396160175749107385038E-0002
   7.67544919589131806520688342120991639         3.28536069359308682102674020691900172E-0002
   7.65621715065854739997179780152396325         3.62226802294523229471645831870439653E-0002
   7.63690954165343964165174222661682360         3.98725591291197621393543514706674241E-0002
   7.61752655943430087356872527340600885         4.38168952037954383284836988070956467E-0002
   7.59806839530334037213330531083814154         4.80684666552444323218576919986106907E-0002
   7.57853524130478253127085860318622662         5.26388679609059177662204092033075829E-0002
   7.55892729022297146345820116379247359         5.75381642515594105259103233916113032E-0002
   7.53924473558046829607738692428137854         6.27745105826277650264321670681804558E-0002
   7.51948777163614118186559905471778491         6.83537371054330085919740498253613922E-0002
   7.49965659338324804231196020030684222         7.42789021490342757017004470067515121E-0002
   7.47975139654751206292381028031504011         8.05498163902474665987199386229302474E-0002
   7.45977237758518995935653661705800333         8.71625426210492465312828790785199525E-0002
   7.43971973368113303347238982101877309         9.41088771157768475002131352621522129E-0002
   7.41959366274684103846487934824747605        0.101375820246182139722065517961034275      
   7.39939436341850887225631426582421195        0.108945045773983907605336100074961026      
   7.37912203505506611844683680988057754        0.116792380143048057801787724701940415      
   7.35877687773620945416388809988105243        0.124887305061961366546796914252934322      
   7.33835909226042794423144618585134805        0.133192498667007173337773978105419082      
   7.31786888014302124114858575717894103        0.141663432528149513578764109582587615      
   7.29730644361411071043692563956563537        0.150248043636959985138662743029182160      
   7.27667198561664350098635395964536203        0.158886502213160639891272465665838489      
   7.25596570980438958009805087556044863        0.167511097590728712134339484529173596      
   7.23518782053993175299326436919598907        0.176046265488578646882587902376900939      
   7.21433852289264868662553508650349862        0.184408780517493007212864651406757175      
   7.19341802263669095770311091302595990        0.192508137698715946543689397158382982      
   7.17242652624895014489714020092340907        0.200247145939753242557645032363663462      
   7.15136424090702098527988364198712846        0.207522754697638970687420863843423330      
   7.13023137448715661510563803076283016        0.214227132331483344773523062991213498      
   7.10902813556221691511531990737309131        0.220249010787074274080698725813504188      
   7.08775473339960998061371263728985906        0.225475306166883232681444365693551381      
   7.06641137795922673663623620347816541        0.229793018345234611976905184838211059      
   7.04499827989136871858975418530368872        0.233091405052038839613537241237922937      
   7.02351565053466903881938641064002800        0.235264416775774906419946779805244459      
   7.00196370191400655962054792698259835        0.236213368488869236715217809600012622      
   6.98034264673841329328248458032326758        0.235849812702878123495726204468359299      
   6.95865269839897504981642195531032119        0.234098565917950098337918514267197639      
   6.93689407096672535308808705706450192        0.230900827424297297414562805331778062      
   6.91506697919053264614080024620775966        0.226217316014503549558539217097455862      
   6.89317163849498080656156791846963383        0.220031336937442425139635479535633017      
   6.87120826497824299280863359497390101        0.212351678921017935912317995068915174      
   6.84917707540994884248476580731383995        0.203215229950844555189025636311389124      
   6.82707828722904504360617477317421368        0.192689191428836075695397768143175552      
   6.80491211854164929998235571597203322        0.180872764120409539883784702351168369      
   6.78267878811889771188735414023683206        0.167898176736094098774342005605948974      
   6.76037851539478559326793678976213355        0.153930929889606986941920802173994543      
   6.73801152046400174679893074652342472        0.139169135300721825139195471680644565      
   6.71557802407975621816056153563446126        0.123841843156951831930356774522219414      
   6.69307824765160155097697854793898116        0.108206270069935548180977484689542971      
   6.67051241324324756391930194202681746         9.25438664285214910875094224356224166E-0002
   6.64788074357036967154045880842843787         7.71551952818471487077439259119364725E-0002
   6.62518346199841077047279713948101562         6.23536349977464192181661647591882455E-0002
   6.60242079254037671268297341997401355         4.84579642900784696471191546590515919E-0002
   6.57959295985462538754190280938195428         3.57839398413829494711973953884769138E-0002
   6.55670018924264943453063930159849782         2.46350322708364590610047227989207490E-0002
   6.53374270664685260846591630004077464         1.52925437578527885205330698823829189E-0002
   6.51072073864831981919172511436317170         8.00538791856876985282286063033198027E-0003
   6.48763451246458086774573935150405401         2.97986680983618231814841641158591366E-0003
   6.46448425594736790107160642222392745         3.69828102743930455101864618238408520E-0004
   6.44127019758036660741012280065946450         2.67624155748722869456300516723490347E-0004
   6.41799256647696117456408664684501688         2.69632041927212847534024209591483536E-0003
   6.39465159237797303329317932092790438         7.60360984179863395587850769299571543E-0003
   6.37124750564939340815656557537410434         1.48578794747852277861631188438183302E-0002
   6.34778053728010969818202020244309138         2.42468425012646309260338340266258766E-0002
   6.32425091887962570980128603539472459         3.54790913587377556104915788752316272E-0002
   6.30065888267577576455204385224699210         4.81888443715765135320324927521283740E-0002
   6.27700466151243270410732831158729157         6.19440494450222729105649438216026865E-0002
   6.25328848884720981525345496429893193         7.62578754331835677402458904840406757E-0002
   6.22951059874915669749753103864416143         9.06034679273751297151512236108276770E-0002
   6.20567122589644909604540649669383593        0.104431676303222275622434085502751007      
   6.18177060557407272295048121756981975        0.117191279562245055246491587391522995      
   6.15780897367150108929311848954263915        0.128351058136495045710706041505742020      
   6.13378656668036737130952370309789050        0.137422887203182705149253437608224295      
   6.10970362169213033344782964727133153        0.143984875129570624612836203877646899      
   6.08556037639573433138778554070783714        0.147703450044706913514237431954035853      
   6.06135706907526341811887529811519158        0.148353219863018673768905489013402889      
   6.03709393860758957622989096539549056        0.145833407317725982590628822522264861      
   6.01277122446001509962095917833005125        0.140179701124111863343555886076078140      
   5.98838916668790914790676133810867489        0.131570474297818066834957862306716732      
   5.96394800593233849683720138233239691        0.120326504622795687455714000686440151      
   5.93944798341769250811905799474851096        0.106903589909316526495153430141474689      
   5.91488934094930234207921027553805970         9.18777768286433843586021090945207661E-0002
   5.89027232091105443666684672338699022         7.59233063302080459846601702562688935E-0002
   5.86559716626299827634865630003433558         5.97838050883693851004635052418256964E-0002
   5.84086412053894847450735679899413629         4.42377000022193557459516643168310989E-0002
   5.81607342784408119301003916647707522         3.00592757638305086132861333117317700E-0002
   5.79122533285252492266869627027727786         1.79772046156443006059532495122529613E-0002
   5.76632008080494564837096032992936672         8.63272125275361523607662008775503665E-0003
   5.74135791750612642271449425948094798         2.53986284472430310024744246598245932E-0003
   5.71633908932254137203366798578326223         5.03149105003132010248087124466643495E-0005
   5.69126384317992415876210084561582984         1.32537343096516177762541082457083462E-0003
   5.66613242656083092412936489189494023         6.31733444117253074287043558279334003E-0003
   5.64094508750219773524462081266848906         1.47622463295750055809341169253367016E-0002
   5.61570207459289256067419764890593887         2.61854108167832698915006491980583473E-0002
   5.59040363697126179867412905293062608         3.99203129623195793943121200686191186E-0002
   5.56505002432267138229242192573830139         5.51408293890130983368269216975960109E-0002
   5.53964148687704248560935737778107941         7.09056517388543561053905591486549056E-0002
   5.51417827540638185543740854580808460         8.62129259443460250897947888645131509E-0002
   5.48866064122230679285540434214603156        0.100062213550037056522280159159783426      
   5.46308883617356480900437218884633041        0.111520101061622044773559970081785624      
   5.43746311264354797962505567626615535        0.119785189837142719307754832801514569      
   5.41178372354780202286942436511487769        0.124247859929785373978601295761963325      
   5.38605092233153012497057210639431591        0.124540172665436471396113532082441513      
   5.36026496296709153840723677099125036        0.120571596971216905886448035166904075      
   5.33442609995149497725076764833802054        0.112546928475036291409688725730619273      
   5.30853458830388683443371648233612631        0.100963805061637525445988999227793731      
   5.28259068356303424573033365583765186         8.65885639995034239242256859871518042E-0002
   5.25659464178480302529011190800891107         7.04107588137948189324794308441104999E-0002
   5.23054671953963049761613566988381263         5.35783547007002649567141904819520683E-0002
   5.20444717390999325093036413279436855         3.73173216952533241565893097252898693E-0002
   5.17829626248786983691810002501082500         2.28409017451817948786947382036267444E-0002
   5.15209424337219844189377326913166147         1.12550913189948788176347548777447047E-0002
   5.12584137516632955447979873426650324         3.46771526235234995471106580053006032E-0003
   5.09953791697547365493964969302428918         1.08752291411941752127149652281879996E-0004
   5.07318412840414395135542285637052327         1.46922537409722905491596872874911005E-0003
   5.04678026955359418788905650461578775         7.46495675011085158487328527418521057E-0003
   5.02032660101925155041499977766133356         1.76298300943529217192575991138239323E-0002
   4.99382338388814469486051815213340297         3.11409861570662463493998643724833826E-0002
   4.96727087973632692363795703962617769         4.68757497691521715773275756875833701E-0002
   4.94066935062629453560117181385209756         6.34972473274326644398051753639172478E-0002
   4.91401905910440037500596794244847803         7.95628690844791962783179031473549002E-0002
   4.88732026819826260500177879136919338         9.36472275419131174779784253499710482E-0002
   4.86057324141416873122894061853956351        0.104469329474306550736355237794191994      
   4.83377824273447490114280381359841322        0.111012554970910937039509494795438270      
   4.80693553661500050473254610941129966        0.112625908162143289625723313108326154      
   4.78004538798241810234892682842671239        0.109095976888317473182845988786251644      
   4.75310806223163870540134077517661726        0.100681118341278679685581777994491011      
   4.72612382522319243573039569011265571         8.81024684575265273137152032389219752E-0002
   4.69909294328060458950784778684755828         7.24902346802019157088279556113407176E-0002
   4.67201568318776713156108535457973835         5.52880515179698852646739640745137874E-0002
   4.64489231218630564606445027237733086         3.81225526744510704975867673029543247E-0002
   4.61772309797294176958453110696888805         2.26492931226046554342137981964073683E-0002
   4.59050830869685113251114880814089035         1.03892878923102410957694997548182390E-0002
   4.56324821295701683495008643571825789         2.57231696613554973458696548088683090E-0003
   4.53594307979957848319768741187973687         3.46947533735819796226120978099514353E-0006
   4.50859317871517681296126205725206072         2.96799825616188787439015409785012597E-0003
   4.48119877963629392553279920639624811         1.11864351652814152036262300136518910E-0002
   4.45376015293458916316677807805585799         2.38272775910354305207966836635179430E-0002
   4.42627756941823064995591487054300233         3.95787854773914085377481670844129981E-0002
   4.39875130032922252454145833811284976         5.67750776777366614044942508628199769E-0002
   4.37118161734072789103716845790222772         7.35654546566087434885482307584565470E-0002
   4.34356879255438751458837179932869749         8.81104195209727867307892566593171674E-0002
   4.31591309849763428802948594167915652         9.87839096096547289486947907351865905E-0002
   4.28821480812100349614514283645084752        0.104359360827069384444430158259871679      
   4.26047419479543890408151696691005994        0.104157787147963721619033945962488227      
   4.23269153230959469649567810895365513         9.81391904390531630398114938680692806E-0002
   4.20486709486713329407174003793094170         8.69241452776307206990719858216309179E-0002
   4.17700115708401907407326525143305078         7.17398496353847706660385516493393612E-0002
   4.14909399398580802164181128660264578         5.42935412086324522584535947952450190E-0002
   4.12114588100493333859166610327501553         3.65849914423825030774976879937819706E-0002
   4.09315709397798703649071788485070980         2.06777413753220558870971901997456854E-0002
   4.06512790914299754085703808344388947         8.45479231989621150813893125215038981E-0003
   4.03705860313670333334012521338312781         1.38772201399133481037400444402014918E-0003
   4.00894945299182265879486038900949329         3.48057591567849051135234728355706403E-0004
   3.98080073613431932419506352298474973         5.48598029619385214096883879147917168E-0003
   3.95261273038066461637211106667583610         1.61942907355108207687160493363394996E-0002
   3.92438571393509536560238180393060676         3.11657116240514797932329688803959813E-0002
   3.89611996538686818210533612564319410         4.85401367820796206564864940996565306E-0002
   3.86781576370750989255180603949639901         6.61267351500331267286640445019455668E-0002
   3.83947338824806420371957753437062304         8.16754059698680492450831470112288214E-0002
   3.81109311873633462047058345197104958         9.31644166658785005793483977892579868E-0002
   3.78267523527412364526099335173756044         9.90673374552078814261346138989403020E-0002
   3.75422001833446828643218662420259410         9.85633690686778121522424288575049368E-0002
   3.72572774875887190256702595043913893         9.16610091662988433635589601104902988E-0002
   3.69719870775453241023200976153624485         7.92152306394339795120756568464416369E-0002
   3.66863317689156688246177426525329903         6.28318235354254037492192233244712387E-0002
   3.64003143810023256537803752289774584         4.46676236516606693933719313375924043E-0002
   3.61139377366814434037042962647031760         2.71500192064092274485984952868690064E-0002
   3.58272046623748865930173389532128729         1.26513169537914965587784508010894163E-0002
   3.55401179880223398023487383672685805         3.16139629120965981224646016005660952E-0003
   3.52526805470533773121351905236756704         4.21512525541967820591489214777289434E-0006
   3.49648951763594982966244998179018260         3.63951546839180450480165987527688075E-0003
   3.46767647162661278500781601636220225         1.35807475786838795665284519480643269E-0002
   3.43882920105045841215114375747065148         2.84449318449827303368181981610435723E-0002
   3.40994799061840118346440169794921634         4.61318518622950596335697792730691946E-0002
   3.38103312537632824700660404580689772         6.41111339400439012514089856466463855E-0002
   3.35208489070228613869533945683925090         7.97791650667126240083256326132503025E-0002
   3.32310357230366421619923977289000791         9.08360175052082827853290498904664090E-0002
   3.29408945621437484234975915335823859         9.56276031174480469389260923253042362E-0002
   3.26504282879203034590271491968047583         9.34012831914773454124443894203848217E-0002
   3.23596397671511678751184768933260919         8.44340778325293043059984303214584587E-0002
   3.20685318698016455880818964347784099         7.00102089297369943344461219605814462E-0002
   3.17771074689891584251028573953384387         5.22466296322227667949122991341743808E-0002
   3.14853694409548896152129303816057238         3.37882931213034558120523288525735916E-0002
   3.11933206650353964499968775771637993         1.74156819465639543373151725888989108E-0002
   3.09009640236341923942073789505371921         5.62220942541953816154775994319056240E-0003
   3.06083024021932989267605095931244113         2.25875131951114537105274482179763360E-0004
   3.03153386891647673928838125753336618         2.07653524548281318627146722872713293E-0003
   3.00220757759821711484847895260431462         1.09073398579643016523341816356784453E-0002
   2.97285165570320682781008349314683631         2.53578626846003827933430959727043557E-0002
   2.94346639296254351680820670207443958         4.31701783493630506848367253440897350E-0002
   2.91405207939690712169461551906226477         6.15316074923807703174675004495198638E-0002
   2.88460900531369749651291083816810936         7.75134426596136727587682881126681657E-0002
   2.85513746130416919266380678418555852         8.85377966344514733237450221531596239E-0002
   2.82563773824056344053914385159122835         9.27979098739265007341180339032302124E-0002
   2.79611012727323735793081931252096932         8.95623931241425840235867072342948691E-0002
   2.76655491982779041354818891218016781         7.93106416460839948855200902178366339E-0002
   2.73697240760218817400458484132416826         6.36727633928245986651739708289396276E-0002
   2.70736288256388336266040603855924589         4.51788645093790143842915775971225901E-0002
   2.67772663694693425873676776559830603         2.68543842493878553018174358966032752E-0002
   2.64806396324912046513994785440922326         1.17250226367524939391103009241477654E-0002
   2.61837515422905607346283678733617320         2.31191155515139611648264912749333333E-0003
   2.58866050290330025465528758344429662         2.01740383320286913472868643640414711E-0004
   2.55892030254346530388066907299747397         5.76634346022856256157756743311435958E-0003
   2.52915484667332216810105229636490341         1.80829723965264164369787664919701067E-0002
   2.49936442906590348495830421577971798         3.50736101254624027188556258359011615E-0002
   2.46954934374060416154292543303715144         5.38445518991154512119585639768124161E-0002
   2.43970988496027952166674892099899098         7.11723714619860343079967425705297852E-0002
   2.40984634722834105027961466202809068         8.40555121222557268508173342364275334E-0002
   2.37995902528584976369385030536234540         9.02371092016555954511858039668523159E-0002
   2.35004821410860723430382027389190759         8.86071468890890779527153224698138616E-0002
   2.32011420890424429851095493755922641         7.94108194486541939081886521270396985E-0002
   2.29015730510930747658753729718540466         6.42222516263019159606462870168008767E-0002
   2.26017779838634313323510686326210522         4.56832560132465200089636842021863244E-0002
   2.23017598462097940761563884625796253         2.70485995709532352742593085299085283E-0002
   2.20015215991900594165567117819593872         1.16148523856819160486498630088120201E-0002
   2.17010662060345143544528204238974931         2.13267028716666410736159606291375901E-0003
   2.14003966321165905857526628481568910         3.07770954913544618741027931134191287E-0004
   2.10995158449235974627702010498045900         6.48235141768333994381023943108633096E-0003
   2.07984268140274340925051956747517620         1.95581204662147679421663440154247028E-0002
   2.04971325110552808608636953164156849         3.71795402543409953757888936306685108E-0002
   2.01956359096602706720820536269291253         5.61487368420160320791006739488900858E-0002
   1.98939399854921401928175006282002402         7.30004012190033425839606251102566035E-0002
   1.95920477161678613905656404767925985         8.46339632739610749966236892727939345E-0002
   1.92899620812422536562597349743295782         8.88875038278802747366729313421360622E-0002
   1.89876860621785768010982584024186134         8.49461947379118050533574234894407979E-0002
   1.86852226423191052178359729066666753         7.35065759639037759578180047241745746E-0002
   1.83825748068556834969596727951966874         5.66619140971352148280897355910743588E-0002
   1.80797455428002637883527789184265930         3.75254017934292004045401901737183380E-0002
   1.77767378389554251992331289522779387         1.96575362907903025120464971170649811E-0002
   1.74735546858848755193256041382878970         6.40221929499206407230429907210074855E-0003
   1.71701990758839355644056560914781424         2.55394642513964725992175857939006168E-0004
   1.68666740029500064295213469488034514         2.38622211138570157115119495282542547E-0003
   1.65629824627530199433701907044339671         1.24040165999541727526026437086999013E-0002
   1.62591274526058726154728813982692853         2.84190160026505112518572630518132843E-0002
   1.59551119714348433679489132545817237         4.73897042363091027962067571593438648E-0002
   1.56509390197499953438591373005916341         6.56943240351836795484379839973284464E-0002
   1.53466115996155620842374568505644874         7.98200159215881438121606963240010932E-0002
   1.50421327146203183660881389686033121         8.70385288302119855187294768358147912E-0002
   1.47375053698479359937766091000620000         8.59378683849818469973592874202680652E-0002
   1.44327325718473248363900999932647039         7.67050538499473005204261894916261036E-0002
   1.41278173286029594037901423543123873         6.11018614553488604119836899068829140E-0002
   1.38227626495051912542216119510130574         4.21343479454635767375279714800717131E-0002
   1.35175715453205475264828846987280847         2.34767737413484123851931810522181811E-0002
   1.32122470281620158897985962410500116         8.75953729132835842528555097612771315E-0003
   1.29067921114593162046705543301255476         8.59020354597223455196939300080315131E-0004
   1.26012098099291591881135095920740349         1.32883615159084306024130484776622462E-0003
   1.22955031395454923768107517378577922         1.00860424041021784123502199922201762E-0002
   1.19896751175097336818498626832455954         2.54170574936326659338834929422709165E-0002
   1.16837287622209928288214241358808948         4.43055859085215165875889845054193373E-0002
   1.13776670932462809771830437842284650         6.30210096240697933639286440933198368E-0002
   1.10714931312907088129077301022551195         7.78531509518705872842174310515580570E-0002
   1.07652098981676734085494098136558509         8.58487571575178906934370996816309057E-0002
   1.04588204167690341449692431174616161         8.54029807095245942068628857047049162E-0002
   1.01523277110352779890743487688047461         7.65864055014755097796059635460945131E-0002
  0.984573480592567442202560296898146963         6.11397747665312822649387415216368896E-0002
  0.953904472738842031247332171091716906         4.21344896838142870951157140457541013E-0002
  0.923226050233077502947887474157456631         2.33640866920384320310238974903928132E-0002
  0.892538515858918608987660966230129025         8.58672170750965542967419641350637894E-0003
  0.861842172489940563492388594085137271         7.69928842443958300036538763074563634E-0004
  0.831137323086659803117752983280417765         1.48993283450506523455451957585615840E-0003
  0.800424270693543889062262151203514006         1.06079789812198668668308789395380108E-0002
  0.769703318436020580516421422518582383         2.62911713816663161979603194568813312E-0002
  0.738974769517486109067436117789462198         4.53760578976998711577590111249296575E-0002
  0.708238927216312683586568832378943834         6.40036083970756228371841331614416189E-0002
  0.677496094882855255133869948256780109         7.83984919020213603260535348832240203E-0002
  0.646746575936457571422303351132169339         8.56352016045857720344392985825206055E-0002
  0.615990673862457550390301087279248110         8.42350759464285983816403384785928266E-0002
  0.585228692209192002438500819343461475         7.44716322634950791977164538554553225E-0002
  0.554460934585000730892848361977544973         5.83203377207753575588400827879406873E-0002
  0.523687704655230040262384232912342996         3.90611850677275950922189832105191904E-0002
  0.492909306139235681865877982453487361         2.06135096741342167518468358007874963E-0002
  0.462126042807385266407027006724038665         6.73777075216085108307662038402642514E-0003
  0.431338218478060173083197552440103387         2.67032516607270417596874590529233836E-0004
  0.400546137014656984817654631687443786         2.52565217511264325547712923383061848E-0003
  0.369750102322588479209904535019827946         1.30550519757304504853287525449941221E-0002
  0.338950418346284204803158514064682378         2.97039583384638570639258455200744595E-0002
  0.308147389066190672272018957421413690         4.90658595096099687077930429791539858E-0002
  0.277341318495771190137289965578760073         6.71749863558740634795953697538522427E-0002
  0.246532510678505374618322604349513850         8.03186194093283380249125066811958463E-0002
  0.215721269684888363236521247297664868         8.57991037885523141713357517674956033E-0002
  0.184907899609429761786561274072611900         8.24887888434225820732022823470232960E-0002
  0.154092704567652354294499944610130752         7.10633118065445689543167686857818607E-0002
  0.123275988693090605584301492838145843         5.38646141351569994787940493484444439E-0002
   9.24580561342889860763443547495950053E-0002   3.44212585445049341235973214745505536E-0002
   6.16392110518001484432329442731732841E-0002   1.67242843299723210139092685409443175E-0002
   3.08197576151829857496984989692256334E-0002   4.40737258726750550929829977944936025E-0003
   6.00704543221772133721764985001508439E-0016   1.70380215586275110754478600986645941E-0030
  -3.08197576151817843465407667523240301E-0002   4.40737258726716790108858734126774336E-0003
  -6.16392110517989470578612875243762410E-0002   1.67242843299717151354269257561623868E-0002
  -9.24580561342877847206159620682588071E-0002   3.44212585445041843930140633063302918E-0002
 -0.123275988693089404270073260256577903         5.38646141351562598170082031862190230E-0002
 -0.154092704567651153033628358570812600         7.10633118065439911562062734225386498E-0002
 -0.184907899609428560590902294409464588         8.24887888434222846384304586685506484E-0002
 -0.215721269684887162117930190222511937         8.57991037885523580038061924849471933E-0002
 -0.246532510678504173588654025444894610         8.03186194093287139873060783299800797E-0002
 -0.277341318495769989208397542798259369         6.71749863558746943419090850716289466E-0002
 -0.308147389066189471455755374098634816         4.90658595096107250637294354197906642E-0002
 -0.338950418346283004111375341932055055         2.97039583384645839191618158776425301E-0002
 -0.369750102322587278654452117238378322         1.30550519757309990382618024670875965E-0002
 -0.400546137014655784410381965888691542         2.52565217511290134128041653392034626E-0003
 -0.431338218478058972835952173781238655         2.67032516607185381906387072170396100E-0004
 -0.462126042807384066331654870957533072         6.73777075216044042574911171023626984E-0003
 -0.492909306139234481974223349012293308         2.06135096741335644043688934898591846E-0002
 -0.523687704655228840566289548011832783         3.90611850677268341414946822314627942E-0002
 -0.554460934584999531404154141735355149         5.83203377207746429978117191093588087E-0002
 -0.585228692209190803169045532918367835         7.44716322634945563033832531519188406E-0002
 -0.615990673862456351351921040030261700         8.42350759464283731846986079681101833E-0002
 -0.646746575936456372626832567798979711         8.56352016045858898832309067005762535E-0002
 -0.677496094882854056593140056162708080         7.83984919020217968647054345813344832E-0002
 -0.708238927216311485312408944657556981         6.40036083970762891665734131623410130E-0002
 -0.738974769517484911071672716636003462         4.53760578977006320553404952141832780E-0002
 -0.769703318436019382810878242467363678         2.62911713816670176303641171184073045E-0002
 -0.800424270693542691658760062432437315         1.06079789812203671724582945702754754E-0002
 -0.831137323086658606028109874943747227         1.48993283450526365183759004410397847E-0003
 -0.861842172489939366728419257675711898         7.69928842443815101560307171070352340E-0004
 -0.892538515858917412561176978972139151         8.58672170750919966155406848082840216E-0003
 -0.923226050233076306870697082430944676         2.33640866920377553869496345837305978E-0002
 -0.953904472738840835531240173889952788         4.21344896838135252559334981057300766E-0002
 -0.984573480592566246859367929319027964         6.11397747665305875398889640458520662E-0002
  -1.01523277110352660394893969365309743         7.65864055014750205938610855904896261E-0002
  -1.04588204167690221993492007079372585         8.54029807095244075584539865400726555E-0002
  -1.07652098981676614670121752740575990         8.58487571575180430493880592534556809E-0002
  -1.10714931312906968755711615840942474         7.78531509518710476475907087160570467E-0002
  -1.13776670932462690441649579801385083         6.30210096240704697823623175007028261E-0002
  -1.16837287622209809002395951168144471         4.43055859085222746904761790273103352E-0002
  -1.19896751175097217578220207360917706         2.54170574936333557166802526643672596E-0002
  -1.22955031395454804574545822034918227         1.00860424041026638982296482323720082E-0002
  -1.26012098099291472735466517038504679         1.32883615159102896425311823503515073E-0003
  -1.29067921114593042950106000528264914         8.59020354597073637161005475231817155E-0004
  -1.32122470281620039851630891102999879         8.75953729132790259571547533700248339E-0003
  -1.35175715453205356269893186608866683         2.34767737413477398765721628925205363E-0002
  -1.38227626495051793599874302035571458         4.21343479454628186988453895962771588E-0002
  -1.41278173286029475149327361867192309         6.11018614553481640254785260323171960E-0002
  -1.44327325718473129530268076284072666         7.67050538499468003434185438441518572E-0002
  -1.47375053698479241160247145361280821         8.59378683849816390191016085631753021E-0002
  -1.50421327146203064940648708215498295         8.70385288302121089165893675407170164E-0002
  -1.53466115996155502180599871971183450         7.98200159215885738314165677538349226E-0002
  -1.56509390197499834836445805218087009         6.56943240351843327358729562114140615E-0002
  -1.59551119714348315138143248799750671         4.73897042363098534254169803238928228E-0002
  -1.62591274526058607675352569505184250         2.84190160026512156520172675860181394E-0002
  -1.65629824627530081017464645446862795         1.24040165999546967947317204730022265E-0002
  -1.68666740029499945943283911225792378         2.38622211138594604139608788624541965E-0003
  -1.71701990758839237357602791751907138         2.55394642513883803958140130193700324E-0004
  -1.74735546858848636973445500863900946         6.40221929499167351878334786517218253E-0003
  -1.77767378389554133840330759450464182         1.96575362907896761715698858833082608E-0002
  -1.80797455428002519800503382103952883         3.75254017934284558516875593087201913E-0002
  -1.83825748068556716956713875642508757         5.66619140971344910082554717612940631E-0002
  -1.86852226423190934236783171038087427         7.35065759639032071182255973641411085E-0002
  -1.89876860621785650141876356022172668         8.49461947379114958719550725520344215E-0002
  -1.92899620812422418767124772260635285         8.88875038278802812415288142181736998E-0002
  -1.95920477161678496184980071563002083         8.46339632739613947084291323917398734E-0002
  -1.98939399854921284283456772904464103         7.30004012190039155458334024400783399E-0002
  -2.01956359096602589153221508593007915         5.61487368420167524034954907680231951E-0002
  -2.04971325110552691119317475927571528         3.71795402543417310194185958081643784E-0002
  -2.07984268140274223515171602101513918         1.95581204662153849652098520739761593E-0002
  -2.10995158449235857298419566561437661         6.48235141768372677242872583022196049E-0003
  -2.14003966321165788610000087904330283         3.07770954913631924325645615853610035E-0004
  -2.17010662060345026379914752773319991         2.13267028716643680139652081509774929E-0003
  -2.20015215991900477085023122899020610         1.16148523856814153859312715520187404E-0002
  -2.23017598462097823766244883952206725         2.70485995709525508728909557366218124E-0002
  -2.26017779838634196414571376465220322         4.56832560132457733980454277990772692E-0002
  -2.29015730510930630837347954703089532         6.42222516263012387344419541150050425E-0002
  -2.32011420890424313118376233698301069         7.94108194486537044479761538959079540E-0002
  -2.35004821410860606787501387101590284         8.86071468890888608363260879902242090E-0002
  -2.37995902528584859817494228159938620         9.02371092016556871001498275192593374E-0002
  -2.40984634722833988568210821846135357         8.40555121222561097893903367918572384E-0002
  -2.43970988496027835800213816485003933         7.11723714619866408523172318614607578E-0002
  -2.46954934374060299882269526422374060         5.38445518991161757545632452108603934E-0002
  -2.49936442906590232319393021356446695         3.50736101254631203135471073276935162E-0002
  -2.52915484667332100730400060609596200         1.80829723965270043670949460433897114E-0002
  -2.55892030254346414406239629294229561         5.76634346022892115164603055269594546E-0003
  -2.58866050290329909582724065171764421         2.01740383320356071645128928086816586E-0004
  -2.61837515422905491563645286892345273         2.31191155515116491147547681147828649E-0003
  -2.64806396324911930832665422828628876         1.17250226367520017613648142361410119E-0002
  -2.67772663694693310294798171194882603         2.68543842493871846086244947697892316E-0002
  -2.70736288256388220790753472609076216         4.51788645093782764319345785654607384E-0002
  -2.73697240760218702029902521468394015         6.36727633928239147550932767823938683E-0002
  -2.76655491982778926090132757947193293         7.93106416460834763198126760966326255E-0002
  -2.79611012727323620635403243292371691         8.95623931241423140846246281869752819E-0002
  -2.82563773824056229004379702308110736         9.27979098739265215751551055659481276E-0002
  -2.85513746130416804326125493136200199         8.85377966344517797734361256722584241E-0002
  -2.88460900531369634821449810018532258         7.75134426596142138644563600782728457E-0002
  -2.91405207939690597451167513766714838         6.15316074923814581824508490633783155E-0002
  -2.94346639296254237075206090975206821         4.31701783493637750018671145950136240E-0002
  -2.97285165570320568289204340137459740         2.53578626846010286203097004300802680E-0002
  -3.00220757759821597107984444021580133         1.09073398579647675406542841799812239E-0002
  -3.03153386891647559668044085919313883         2.07653524548302680932284438956075984E-0003
  -3.06083024021932875124008175410274134         2.25875131951043449275112913211408099E-0004
  -3.09009640236341809916800539517426352         5.62220942541919415324605419289686995E-0003
  -3.11933206650353850594144579729828943         1.74156819465633908922495588412844044E-0002
  -3.14853694409548782366878366219558074         3.37882931213027592498297496643181769E-0002
  -3.17771074689891470587473909291985012         5.22466296322220426271418283390872520E-0002
  -3.20685318698016342340082386018191390         7.00102089297363510371295487685745526E-0002
  -3.23596397671511565334386878167253189         8.44340778325288370246896378402642769E-0002
  -3.26504282879202921298531666772593040         9.34012831914771220385437311062053428E-0002
  -3.29408945621437371069412299445271366         9.56276031174480985555067181622587714E-0002
  -3.32310357230366308581653469129453252         9.08360175052085997618456279840573073E-0002
  -3.35208489070228500959672187349901886         7.97791650667131581455238286205567508E-0002
  -3.38103312537632711920321770824190339         6.41111339400445734780130656537006436E-0002
  -3.40994799061840005696737757026996568         4.61318518622957719679370562212151426E-0002
  -3.43882920105045728697159991052003730         2.84449318449833802591787435731881854E-0002
  -3.46767647162661166115685751798463567         1.35807475786843746719271753895966440E-0002
  -3.49648951763594870715116878722905578         3.63951546839207534842289227318244280E-0003
  -3.52526805470533661005299389479213145         4.21512525542906137352018878629064316E-0006
  -3.55401179880223286043617011788960530         3.16139629120940732613902919656207092E-0003
  -3.58272046623748754087590357634689912         1.26513169537910179115389762775166451E-0002
  -3.61139377366814322332851111877726541         2.71500192064085888434560634021214698E-0002
  -3.64003143810023144973105557925363451         4.46676236516599578956403430907563201E-0002
  -3.66863317689156576822073987096500544         6.28318235354247150898151944599863245E-0002
  -3.69719870775453129740792002577593653         7.92152306394334050632249684368712958E-0002
  -3.72572774875887079117086399770724789         9.16610091662984580614869778215042303E-0002
  -3.75422001833446717647492148592881205         9.85633690686776649402983718897475486E-0002
  -3.78267523527412253675357985802092425         9.90673374552079893904047003116020747E-0002
  -3.81109311873633351342396212346019870         9.31644166658788474121374879197714836E-0002
  -3.83947338824806309814467447428526526         8.16754059698685880784010217436066139E-0002
  -3.86781576370750878845953282579109399         6.61267351500337868112213128721312468E-0002
  -3.89611996538686707950658970331447770         4.85401367820803168764031006060712859E-0002
  -3.92438571393509426450804437746854550         3.11657116240521237299809830007398172E-0002
  -3.95261273038066351679304999266106173         1.61942907355113318236592263019861301E-0002
  -3.98080073613431822614213120283203703         5.48598029619416735230134777339545200E-0003
  -4.00894945299182156227889416185893885         3.48057591567930427427983861207273903E-0004
  -4.03705860313670223837194724913999206         1.38772201399117337817752567521344056E-0003
  -4.06512790914299644744745527596814059         8.45479231989582771003022919166345634E-0003
  -4.09315709397798594465052174529735355         2.06777413753214964277941495451275710E-0002
  -4.12114588100493224833163265358622738         3.65849914423818347394263071460827380E-0002
  -4.14909399398580693297270095315279173         5.42935412086317535453254989529658446E-0002
  -4.17700115708401798700582275882762477         7.17398496353841223484835335844417797E-0002
  -4.20486709486713220861669430296046171         8.69241452776301964122755149864438090E-0002
  -4.23269153230959361266374213470359889         9.81391904390528210195338129723639375E-0002
  -4.26047419479543782188338773702783641        0.104157787147963598475988587627123390      
  -4.28821480812100241559150120957090029        0.104359360827069491597660738271642055      
  -4.31591309849763320913099654600718597         9.87839096096550520048217021827274019E-0002
  -4.34356879255438643735568292738610032         8.81104195209732877497226445231518818E-0002
  -4.37118161734072681548091196143173682         7.35654546566093657576581136679729713E-0002
  -4.39875130032922145067224952314645908         5.67750776777373360862468151864444471E-0002
  -4.42627756941822957778435239263317981         3.95787854773920623848371289415689346E-0002
  -4.45376015293458809270344383767108654         2.38272775910359937806777209762832041E-0002
  -4.48119877963629285678825824448195310         1.11864351652818288619848046533300806E-0002
  -4.50859317871517574594606245095790781         2.96799825616210950428951959323297107E-0003
  -4.53594307979957741792236017045437941         3.46947533736586913309328976003321380E-0006
  -4.56324821295701577142514539657251691         2.57231696613534367036965288764406230E-0003
  -4.59050830869685007074709053308043412         1.03892878923098430156442553221922996E-0002
  -4.61772309797294070959183477859740495         2.26492931226041057601522943012253848E-0002
  -4.64489231218630458785357759067121249         3.81225526744504238084808777580371480E-0002
  -4.67201568318776607514248043363534523         5.52880515179692045362845145262722813E-0002
  -4.69909294328060353489193705180201334         7.24902346802012659655104743924884561E-0002
  -4.72612382522319138292758777423924958         8.81024684575259693386441705895251876E-0002
  -4.75310806223163765442202641715578900        0.100681118341278264391593959977064978      
  -4.78004538798241705320347876979366341        0.109095976888317237145879209411960221      
  -4.80693553661499945743131899218121305        0.112625908162143252141342261921492594      
  -4.83377824273447385569613407807032549        0.111012554970911098897197052166657047      
  -4.86057324141416768764714640127987388        0.104469329474306894733969566601625648      
  -4.88732026819826156329515982337580841         9.36472275419136105369107567307060440E-0002
  -4.91401905910439933518480544749663844         7.95628690844797928827833029590501500E-0002
  -4.94066935062629349767572840702284102         6.34972473274333110220508376401035042E-0002
  -4.96727087973632588761847662601847904         4.68757497691528114107335052081091064E-0002
  -4.99382338388814366075722582576095570         3.11409861570668244953837800453344085E-0002
  -5.02032660101925051823810172053501558         1.76298300943533895992930799723762744E-0002
  -5.04678026955359315764873988601274665         7.46495675011117080995102093189110724E-0003
  -5.07318412840414292306185573229094353         1.46922537409737423294078589388453979E-0003
  -5.09953791697547262860298090583678023         1.08752291411902098969646161199691941E-0004
  -5.12584137516632853011015781254311625         3.46771526235212964632223793505565076E-0003
  -5.15209424337219741950127032767354304         1.12550913189944961286633330185915654E-0002
  -5.17829626248786881651282566506545399         2.28409017451812802486177515599042072E-0002
  -5.20444717390999223252238934246540427         3.73173216952527174006189152368973237E-0002
  -5.23054671953962948121551172473450147         5.35783547006996118911446449966700127E-0002
  -5.25659464178480201090687027186005965         7.04107588137941677106096379490913475E-0002
  -5.28259068356303323337448588176112839         8.65885639995028213798158989831634472E-0002
  -5.30853458830388582411525411384486916        0.100963805061637013718736335708813204      
  -5.33442609995149396897966212077354635        0.112546928475035905085427696030504762      
  -5.36026496296709053219343931310960146        0.120571596971216669828818098529303253      
  -5.38605092233152912082401364215145859        0.124540172665436399381985315372417886      
  -5.41178372354780102080001541565248653        0.124247859929785468182371067213530343      
  -5.43746311264354697964268626209877825        0.119785189837142970615048083595973263      
  -5.46308883617356381111891173225086785        0.111520101061622433847492037529049001      
  -5.48866064122230579707670156975453171        0.100062213550037555498721931469329037      
  -5.51417827540638086177529139140478790         8.62129259443465997444102286797046628E-0002
  -5.53964148687704149407363288530467257         7.09056517388549683156501169368798930E-0002
  -5.56505002432267039289287615249036063         5.51408293890137086566972139466320290E-0002
  -5.59040363697126081142052697299117566         3.99203129623201495668046136330928676E-0002
  -5.61570207459289157557628305675710868         2.61854108167837651428487618622674616E-0002
  -5.64094508750219675231211622702718103         1.47622463295753965674067824755493181E-0002
  -5.66613242656082994337197145975551437         6.31733444117279505434691809985611994E-0003
  -5.69126384317992318018949824650367953         1.32537343096528493819484654872849467E-0003
  -5.71633908932254039565551433622029968         5.03149105002891433090310126443231181E-0005
  -5.74135791750612544854042601766388789         2.53986284472413412445640534376901769E-0003
  -5.76632008080494467641059220062177364         8.63272125275331149500481730200557222E-0003
  -5.79122533285252395293162110991631612         1.79772046156438791817388239258709386E-0002
  -5.81607342784408022550582788849587758         3.00592757638299922698537460693680899E-0002
  -5.84086412053894750924555827936076956         4.42377000022187714522536328758931599E-0002
  -5.86559716626299731333879728300823148         5.97838050883687624240199925843672446E-0002
  -5.89027232091105347591843172749384216         7.59233063302074154529955569103589192E-0002
  -5.91488934094930138360172149976404680         9.18777768286427758788266723381827425E-0002
  -5.93944798341769155192195522495483460        0.106903589909315967910221950418678399      
  -5.96394800593233754292992189789101024        0.120326504622795203301010291346725857      
  -5.98838916668790819629871981876014078        0.131570474297817677342046738733896469      
  -6.01277122446001415032154761126445822        0.140179701124111583720405750221812456      
  -6.03709393860758862924847855255732673        0.145833407317725822590419566258234792      
  -6.06135706907526247346480836373311092        0.148353219863018637543615457496022621      
  -6.08556037639573338907038743905020410        0.147703450044706999735272197935493258      
  -6.10970362169212939347640067062848609        0.143984875129570826829533043764952766      
  -6.13378656668036643369334098999201813        0.137422887203183012347470629247134776      
  -6.15780897367150015404143593316614845        0.128351058136495443027990055944694500      
  -6.18177060557407179007252937445316617        0.117191279562245524797437998380119486      
  -6.20567122589644816555039249560364281        0.104431676303222797387604725506980858      
  -6.22951059874915576939463848971258742         9.06034679273756824489545616524006319E-0002
  -6.25328848884720888955184386838513766         7.62578754331841298571270014025196420E-0002
  -6.27700466151243178081613496987193762         6.19440494450228233142401162616802554E-0002
  -6.30065888267577484368038077606062274         4.81888443715770323588837511442296077E-0002
  -6.32425091887962479135824185628097240         3.54790913587382248651649281038007395E-0002
  -6.34778053728010878217665958245755024         2.42468425012650349943545890867025896E-0002
  -6.37124750564939249459792911761976441         1.48578794747855538173369304482147602E-0002
  -6.39465159237797212219028348032806731         7.60360984179887211229481579266228834E-0003
  -6.41799256647696026592592364115450478         2.69632041927227205391098091309889697E-0003
  -6.44127019758036570124566052171508031         2.67624155748768303150632029849006794E-0004
  -6.46448425594736699738978834743496932         3.69828102743877207087279694827778781E-0004
  -6.48763451246457996655548445558381364         2.97986680983603268368939756744477726E-0003
  -6.51072073864831892050192778130224468         8.00538791856852868584201099994466749E-0003
  -6.53374270664685171228544623532308964         1.52925437578524629025702417423415052E-0002
  -6.55670018924264854086834144466090349         2.46350322708360579303138208161300343E-0002
  -6.57959295985462449640659724631823127         3.57839398413824832290173946729132334E-0002
  -6.60242079254037582408345529648419381         4.84579642900779497568779324683739054E-0002
  -6.62518346199840988441783657406683708         6.23536349977458578116603254296339870E-0002
  -6.64788074357036878803880080583582658         7.71551952818465582103198975553542811E-0002
  -6.67051241324324668297966630693620612         9.25438664285208838720775593733399986E-0002
  -6.69307824765160067260805979890437074        0.108206270069934936258435986195073517      
  -6.71557802407975534237102881927202766        0.123841843156951226681784578889842803      
  -6.73801152046400087359742775195053797        0.139169135300721237093074175015610746      
  -6.76037851539478472266308166328764684        0.153930929889606425597728332695134841      
  -6.78267878811889684388773940030343889        0.167898176736093572472170793068582552      
  -6.80491211854164843459654816835160000        0.180872764120409055718203307704006149      
  -6.82707828722904418084271542641684901        0.192689191428835639470611252882640169      
  -6.84917707540994798235216978845160034        0.203215229950844171411497220238668986      
  -6.87120826497824213531539006547991265        0.212351678921017607816382860609943947      
  -6.89317163849497995171613999047350402        0.220031336937442154741248530318775889      
  -6.91506697919053179395162489896808065        0.226217316014503337732127548214470703      
  -6.93689407096672450356357505369925984        0.230900827424297143987971815682271549      
  -6.95865269839897420296495775978607297        0.234098565917950002200616965174234814      
  -6.98034264673841244911242627470385154        0.235849812702878082715738471459864945      
  -7.00196370191400571814022712893825518        0.236213368488869248660650201406936221      
  -7.02351565053466820003710819121768169        0.235264416775774967881440045138944960      
  -7.04499827989136788251379698695926414        0.233091405052038946924482799635714563      
  -7.06641137795922590327485175837168898        0.229793018345234761128784906330679051      
  -7.08775473339960914997512588584420077        0.225475306166883419432173051516452794      
  -7.10902813556221608720772891709712691        0.220249010787074494054348549371372502      
  -7.13023137448715578993721391533981700        0.214227132331483593550277379799042686      
  -7.15136424090702016285877048062911768        0.207522754697639243883031596328763037      
  -7.17242652624894932523145495799246466        0.200247145939753535892046951368741721      
  -7.19341802263669014080094335792300801        0.192508137698716255898752452797512717      
  -7.21433852289264787249494771382556060        0.184408780517493328679540793196668020      
  -7.23518782053993094164229231916261640        0.176046265488578976797932264833844485      
  -7.25596570980438877153470185471014009        0.167511097590729047109059652380446935      
  -7.27667198561664269521860816180272039        0.158886502213160976828587212767413997      
  -7.29730644361410990747273566708008946        0.150248043636960321245337445872065240      
  -7.31786888014302044099587654243576040        0.141663432528149846369238792944485449      
  -7.33835909226042714689811491305576682        0.133192498667007500632316752886696930      
  -7.35877687773620865965780412711624191        0.124887305061961686464605562170859247      
  -7.37912203505506532677584159144026796        0.116792380143048368749930388063874514      
  -7.39939436341850808342822127482069993        0.108945045773984208264373194967692313      
  -7.41959366274684025248747399949579645        0.101375820246182429029133482246407476      
  -7.43971973368113225035342939419780500         9.41088771157771246302803850093432904E-0002
  -7.45977237758518917910375018014924125         8.71625426210495108772128347552769473E-0002
  -7.47975139654751128554489861331982837         8.05498163902477177506981562871120748E-0002
  -7.49965659338324726781459571924276681         7.42789021490345134265052195009779214E-0002
  -7.51948777163614041025742573589504156         6.83537371054332328124943268865198910E-0002
  -7.53924473558046752736602022885979972         6.27745105826279758017648397201274656E-0002
  -7.55892729022297069765122796262001308         5.75381642515596080323019849105908948E-0002
  -7.57853524130478176837583710191959453         5.26388679609061022790574441378537521E-0002
  -7.59806839530333961215776497534637447         4.80684666552446041988534486250437321E-0002
  -7.61752655943430011652016675545768496         4.38168952037955979941627990793904897E-0002
  -7.63690954165343888753763728985164421         3.98725591291199100708918993016621660E-0002
  -7.65621715065854664879958924770947542         3.62226802294524596616019863364812047E-0002
  -7.67544919589131731698398501678405495         3.28536069359309942530964302929325890E-0002
  -7.69460548753922873540687868504656509         2.97510899457131555510997437656166884E-0002
  -7.71368583653741604698568725586230333         2.69005242348988124594200638460709360E-0002
  -7.73269005457053768812675626047046271         2.42871589937023362683754127845676426E-0002
  -7.75161795407463398512061342970346227         2.18962773536276250102025790001022444E-0002
  -7.77046934823897833470131434951189613         1.97133480059052596240294812076257468E-0002
  -7.78924405100792095049947533137920134         1.77241509553989629864525402967313028E-0002
  -7.80794187708272515719196035674713054         1.59148797273207964412199314261094116E-0002
  -7.82656264192339621422474017998095055         1.42722223574136887056406158303170972E-0002
  -7.84510616175050265105917177126063795         1.27834234608585774962772611002154882E-0002
  -7.86357225354699009596585452140540409         1.14363296011173729218533383175870025E-0002
  -7.88196073505998758046430528557869128         1.02194200762354369213309675175117096E-0002
  -7.90027142480260630158095668088428082         9.12182511471575497712125989530742377E-0003
  -7.91850414205573082417242134111161408         8.13333333279278431878412399405608175E-0003
  -7.93665870686980270563557833564436873         7.24439015560742997110533558827074239E-0003
  -7.95473494006659652540082594240537406         6.44608875128862433278540631061452917E-0003
  -7.97273266324098830167980668854589679         5.73015487327311093846303885242708773E-0003
  -7.99065169876271627801404529755642379         5.08892685553706996484317909532990747E-0003
  -8.00849186977813406224624716602960764         4.51533186025433202699445896355448805E-0003
  -8.02625300021195610061148349419483015         4.00285933959589294496783755032034838E-0003
  -8.04393491476899546972113846662516918         3.54553254426561891048162254580157304E-0003
  -8.06153743893589396928831317656410335         3.13787879179106955935790894391920675E-0003
  -8.07906039898284449851936956082464591         2.77489909803740157715844241556997886E-0003
  -8.09650362196530569917245471220183073         2.45203767605375648629365953723433892E-0003
  -8.11386693572570884836017081117024088         2.16515171711098067222540179277720629E-0003
  -8.13115016889515698425004781501611539         1.91048178936563961004163722503733974E-0003
  -8.14835315089511624789313420553443265         1.68462311955773035868856581157335323E-0003
  -8.16547571193909942448784476941979087         1.48449796198014857262229156809777835E-0003
  -8.18251768303434166746319281027776948         1.30732920603586525184082061065122196E-0003
  -8.19947889598346838884268660793546349         1.15061532836922196000899758849543484E-0003
  -8.21635918338615529942748558797345927         1.01210675714617754690969183540401488E-0003
  -8.23315837864078058241488977906190406         8.89783683889379433326969020394346893E-0004
  -8.24987631594606918414587595308321859         7.81835331686428140305397096932709341E-0004
  -8.26651283030272920575319459688942900         6.86640666948050732620165852172317630E-0004
  -8.28306775751508037955950278701126011         6.02750524595325156974791902408621383E-0004
  -8.29954093419267461415312836026611306         5.28871103039339540064792507399093260E-0004
  -8.31593219775190859214733972298670330         4.63848775063492445887876931271245517E-0004
  -8.33224138641762840470743244693013824         4.06656153253593864654310019420865000E-0004
  -8.34846833922472620700853768668849680         3.56379343514706644881425360165251424E-0004
  -8.36461289601972887886580764591712604         3.12206317081367814048229370876567216E-0004
  -8.38067489746237867485753904069287766         2.73416329927366927508681259863770998E-0004
  -8.39665418502720584834085597904388902         2.39370318311196246888908473056810438E-0004
  -8.41255060100509323383878811586054759         2.09502200090233478757659780628370261E-0004
  -8.42836398850483277235694757018892323         1.83311013172468105363015866492816860E-0004
  -8.44409419145467396426752812399746542         1.60353824853127841750076061169093139E-0004
  -8.45974105460386423447802187306371882         1.40239348638060776605512919389638958E-0004
  -8.47530442352418119468187098532401607         1.22622208345523662597735554459022964E-0004
  -8.49078414461145678756824475204904496         1.07197792685763136355516608749175988E-0004
  -8.50618006508709329794825390325599019         9.36976470466672816634973330269264530E-0005
  -8.52149203299957121583518441007345551         8.18853527850286969892156641647455173E-0005
  -8.53671989722594893659675092110374022         7.15528478734526290845408015713483615E-0005
  -8.55186350747335428337793478348601421         6.25171462329895733332742767646576620E-0005
  -8.56692271428046783707368248721103119         5.46174164530014790491654915844444969E-0005
  -8.58189736901899805921159654668988269         4.77123838341577356913019969597606297E-0005
  -8.59678732389514819318575149861747103         4.16780227675487953378558341360575989E-0005
  -8.61159243195107492936391205035274714         3.64055093692376346369808911089370663E-0005
  -8.62631254706633881967171765749954548         3.17994070172535526925111978425628660E-0005
  -8.64094752395934642733882714084241096         2.77760599837008367435532933844850352E-0005
  -8.65549721818878419757358756759607223         2.42621727185492048038905665094701967E-0005
  -8.66996148615504403501450271499634075         2.11935545268685531998440011350694465E-0005
  -8.68434018510164057388862719913876030         1.85140113930137617077355954033789679E-0005
  -8.69863317311662012688900198082499951         1.61743685504177763215466633438650127E-0005
  -8.71284030913396129886537464380171840         1.41316090822259378364768903410400675E-0005
  -8.72696145293496725150471276860476981         1.23481153747829569276359167191517458E-0005
  -8.74099646514964960526042008533208201         1.07910016422030344384163116303874064E-0005
  -8.75494520725810396487170206779281639         9.43152700535376012249329553233434126E-0006
  -8.76880754159187705489719941501190031         8.24457975200905423022959327732641841E-0006
  -8.78258333133532545176981363807084735         7.20822443596588260904587853923547945E-0006
  -8.79627244052696589896258791347786626         6.30330440059195113686729734863357907E-0006
  -8.80987473406081719193857766010946226         5.51309314523510486551134344868335507E-0006
  -8.82339007768773361964084812537106726         4.82298869941538273042302793461882920E-0006
  -8.83681833801672994936206980640818887         4.22024583750977023364774867119206617E-0006
  -8.85015938251629794191664596149299886         3.69374156301229972215338337002637909E-0006
  -8.86341307951571438412189896136448417         3.23376982319510348085312781273940918E-0006
  -8.87657929820634062567856296528859728         2.83186188839883923554978145999131533E-0006
  -8.88965790864291360762467855563865784         2.48062925104461687631516131698306163E-0006
  -8.90264878174482836962095970032819179         2.17362627311187448877437335260138190E-0006
  -8.91555178929741202340980390566156305         1.90523014214173527144880352470699604E-0006
  -8.92836680395318917987434184306443695         1.67053598924678669044843436063591647E-0006
  -8.94109369923313881720827225044521076         1.46526528217397053275912694816881429E-0006
  -8.95373234952794257779170069012458073         1.28568583583601679985094568015373942E-0006
  -8.96628263009922448145279595664090836         1.12854198520453421438091303048595232E-0006
  -8.97874441708078204287979473437368777         9.90993644024199574685095606474221767E-0007
  -8.99111758747980878103272267070521907         8.70563130141885202873387744445198469E-0007
  -9.00340201917810810848915751804932539         7.65088776751187532511842197620888272E-0007
  -9.01559759093329858874343656901931333         6.72684470684485829936433531827200171E-0007
  -9.02770418238001054956390542361395939         5.91704365965474100131215507694714540E-0007
  -9.03972167403107404059811734473195084         5.20712114881724360511849347192392889E-0007
  -9.05164994727869812350132123658426936         4.58454041378283909936820536110329320E-0007
  -9.06348888439564148294912077651353432         4.03835753969374010427576786136182593E-0007
  -9.07523836853637434698084660005914198         3.55901758823459474027530674309849134E-0007
  -9.08689828373823170520595683640407999         3.13817689268117642289410516893207893E-0007
  -9.09846851492255781349166787005471437         2.76854816633618035233022298482740470E-0007
  -9.10994894789584197383601611707259779         2.44376549946822175624495092166152102E-0007
  -9.12133946935084557821666200162316765         2.15826669241126265235361499870075266E-0007
  -9.13263996686772040529196835115493951         1.90719069817870305217681167584820387E-0007
  -9.14385032891511815891721624520798702         1.68628823256698437571816863466193793E-0007
  -9.15497044485129123752526110162145985         1.49184385834814932454889493766938627E-0007
  -9.16600020492518472350747961164156702         1.32060806725024739017577006270468946E-0007
  -9.17693950027751958181751318793151121         1.16973807292985003116071919229847663E-0007
  -9.18778822294186705710707501150286216         1.03674619350590143997372849477709247E-0007
  -9.19854626584571425878995469882388948         9.19454846480565969281373223508956349E-0008
  -9.20921352281152092351732620147245024         8.15957304680337900248261297536741048E-0008
  -9.21978988855776734463453993931508238         7.24583471541056399506458901526868648E-0008
  -9.23027525869999345827675849491062704         6.43870029676286373322943076263586579E-0008
  -9.24066952975182907584807560124150005         5.72534399998239321214864896226720906E-0008
  -9.25097259912601525271613977554600686         5.09452021269004192740408425827188227E-0008
  -9.26118436513541678304178592653966149         4.53636523216045311334147072686441495E-0008
  -9.27130472699402581075075972726058555         4.04222421446148751450954538813234416E-0008
  -9.28133358481795654674229963675990120         3.60450010381632053328244495258466481E-0008
  -9.29127083962643108251711930551559921         3.21652172234646374887654811392990281E-0008
  -9.30111639334275629049520784544571397         2.87242856426807415119537760522026924E-0008
  -9.31087014879529180138183621844537496         2.56707015547706446445101720070699735E-0008
  -9.32053200971840904902822392923655120         2.29591811533801978808376551324056218E-0008
  -9.33010188075344137332148042982384572         2.05498929767873771809381619463960188E-0008
  -9.33957966744962517172668928388862065         1.84077859709894799281128870787637035E-0008
  -9.34896527626503209019234932899937123         1.65020018874851434415780949199292580E-0008
  -9.35825861456749224421882494062741381         1.48053612821994169613766070126998418E-0008
  -9.36745959063550846097798617178728742         1.32939137618360874243197523823651583E-0008
  -9.37656811365916153346083814192908772         1.19465443252927893629807452490070705E-0008
  -9.38558409374100647771864670386477814         1.07446286937811815119358167872333424E-0008
  -9.39450744189695978435186325250436326         9.67173143410258991734072812071430048E-0009
  -9.40333807005717765549003467763085223         8.71334147267556520761802606197385179E-0009
  -9.41207589106692521859485402761516390         7.85664028865891267814686325365968088E-0009
  -9.42072081868743670850756256376942425         7.09029867614483218722202515625133053E-0009
  -9.42927276759676660925105366702155920         6.40429848947032370319149050927549847E-0009
  -9.43773165339063174718625262999223287         5.78977624226809167608590939314934137E-0009
  -9.44609739258324432721165284776599124         5.23888582870105065207419423816709688E-0009
  -9.45436990260813590378427742825358119         4.74467798201002165759423463614922839E-0009
  -9.46254910181897227862980489581270878         4.30099438767538288173717385527979574E-0009
  -9.47063490949035931709914757670128408         3.90237463191220990605727939617193562E-0009
  -9.47862724581863967521840054815836486         3.54397439589753906402582413101749475E-0009
  -9.48652603192268042956878681983907005         3.22149350642883885690605401647636588E-0009
  -9.49433118984465160222300981159084068         2.93111262842874388604968122438873913E-0009
  -9.50204264255079557305428630900386965         2.66943753714372485219719730227042029E-0009
  -9.50966031393218737182427103089588641         2.43345004090596665526363632022486193E-0009
  -9.51718412880548584254609684324888768         2.22046474143770846527604169166777785E-0009
  -9.52461401291367567270884161371252647         2.02809092005074266435462931187216929E-0009
  -9.53194989292680028003989283050313563         1.85419892662369190333009199948146630E-0009
  -9.53919169644268554957191351951529581         1.69689052557379840859328408987209561E-0009
  -9.54633935198765441387141679316648718         1.55447272061263485867248050426594527E-0009
  -9.55339278901723226937633066265297562         1.42543463913519174817854931055289374E-0009
  -9.56035193791684322188037864994877512         1.30842710872662435939771835658072652E-0009
  -9.56721673000249715429261435438426622         1.20224460342757209228193578408375948E-0009
  -9.57398709752146760989102856767423370         1.10580927690228060094976896080061632E-0009
  -9.58066297365296048437979489683384940         1.01815683422239348651089892604777722E-0009
  -9.58724429250877352015043325187312256         9.38424024239412312686481360843450637E-0010
  -9.59373098913394659623794908919035010         8.65837561016175496078205684657329516E-0010
  -9.60012299950740280755384907624626645         7.99704305997982993842329435976145236E-0010
  -9.60642026054258032706883996181089518         7.39402562941952498303989864457872433E-0010
  -9.61262271008805504470898600162808619         6.84374355450533772632785565679452850E-0010
  -9.61873028692815397682013040391545661         6.34118572587332835622367686127082218E-0010
  -9.62474293078355944014647702427915706         5.88184881765777766552161570800785582E-0010
  -9.63066058231190398436037905634479963         5.46168320133922290500089704301306899E-0010
  -9.63648318310835607727159083306903968         5.07704486241534317565710623164476128E-0010
  -9.64221067570619653693550617410102520         4.72465263051657092986919714359125970E-0010
  -9.64784300357738570497123108593775476         4.40155011507981434990990946628314621E-0010
  -9.65338011113312135549171914262748492         4.10507181031341614312425738464824172E-0010
  -9.65882194372438733413963364353199934         3.83281289615538280729267757355846303E-0010
  -9.66416844764249292181409075872747574         3.58260231731226966996590748494503473E-0010
  -9.66941957011960291776498142903463474         3.35247877120113548468801157251905596E-0010
  -9.67457525932925843682316588292361392         3.14066927851796557909073186670036145E-0010
  -9.67963546438688841562648236262130502         2.94557004793711054853345912813495941E-0010
  -9.68460013535031182279321011213247657         2.76572937973269536161781523774590145E-0010
  -9.68946922322023056808637496554425785         2.59983238245190637225909639568137015E-0010
  -9.69424267994071310570408307939774535         2.44668730264087951416271079593156865E-0010
  -9.69892045839966872692291357207940812         2.30521329044652680843884538103518695E-0010
  -9.70350251242931253741329315963336122         2.17442944406008568186233731729617216E-0010
  -9.70798879680662111463771440418314430         2.05344499375311971042701030934352289E-0010
  -9.71237926725377884083464301088250046         1.94145050196712560365772568301889504E-0010
  -9.71667388043861490718298781414528809         1.83770996980208584343812556058149181E-0010
  -9.72087259397503098483407877555428073         1.74155375252515371465700017977078308E-0010
  -9.72497536642341955859021256560637032         1.65237219757948641023051926290701493E-0010
  -9.72898215729107291910098121018769022         1.56960992818309278925435685290559015E-0010
  -9.73289292703258280954079594084429205         1.49276070411608573956717807847485073E-0010
  -9.73670763705023072282325488557882199         1.42136279883170992551347892833066361E-0010
  -9.74042624969436884550027866372394739         1.35499483870607982788786180012466268E-0010
  -9.74404872826379164458625139369796140         1.29327205616410626310737754558020896E-0010
  -9.74757503700609809363975517504056225         1.23584291367296515006835452658798251E-0010
  -9.75100514111804453452787285459460432         1.18238606025745679574199309523471589E-0010
  -9.75433900674588817139045591922281846         1.13260758633222940298149451469905428E-0010
  -9.75757660098572119341421076185877236         1.08623854632446528677086919956684393E-0010
  -9.76071789188379552311894643148149203         1.04303272183046774915329501967156108E-0010
  -9.76376284843683818695084938793548878         1.00276460095757067897620046077161285E-0010
  -9.76671144059235730507020482623355830         9.65227552090326762156991431372387901E-0011
  -9.76956363924893869731356889860767082         9.30232172623560499603282910672511016E-0011
  -9.77231941625653310240301073233929386         8.97604795256872205589129384331551594E-0011
  -9.77497874441673400756768660323615183         8.67186136274061274194766010102938681E-0011
  -9.77754159748304608583568006417407913         8.38830071861903193039190839434148132E-0011
  -9.78000795016114423834674033076085875         8.12402529978051687530432589938766079E-0011
  -9.78237777810912323912927587700651840         7.87780486577263479721568852736845839E-0011
  -9.78465105793773797987771007774704890         7.64851056166113820744297164273595058E-0011
  -9.78682776721063431235907993606169589         7.43510667694346634151919498109223355E-0011
  -9.78890788444457048617055653740410351         7.23664317719685113005074704712631506E-0011
  -9.79089138910962917966238596175969170         7.05224893614466681700482660311878228E-0011
  -9.79277826162942012193359104474903089         6.88112560327641198970774196630672114E-0011
  -9.79456848338127330390063669190971265         6.72254204884055989532635304399534432E-0011
  -9.79626203669642277653214350089410584         6.57582933403052430406288077254156035E-0011
  -9.79785890486018103443563531730868516         6.44037615957781969825114809605042512E-0011
  -9.79935907211210398307522512449863321         6.31562475082049488872874898006707236E-0011
  -9.80076252364614648799207942867803508         6.20106714168910463545634428685748957E-0011
  -9.80206924561080850449245313118293523         6.09624182400040030002876573581559886E-0011
  -9.80327922510927178636105386188477804         6.00073073201840588692689158855880439E-0011
  -9.80439245019952717225047596439857994         5.91415653547640566922860852732790237E-0011
  -9.80540890989449244849043885696668985         5.83618021718997673292120424529339102E-0011
  -9.80632859416212078715357142497658421         5.76649891406502684738397171599951295E-0011
  -9.80715149392549975830750251403889953         5.70484400274689185749993945219295047E-0011
  -9.80787760106294091547604656835583769         5.65097941339495151433895694954612270E-0011
  -9.80850690840805995342531207959146039         5.60470015712735880998754819420936772E-0011
  -9.80903940974984743748360785836092974         5.56583105458548240957181312087723707E-0011
  -9.80947509983273010369707729544537610         5.53422565483869479854208884645667432E-0011
  -9.80981397435662272921605282449625126         5.50976533550666143550734178635782697E-0011
  -9.81005602997697057240019081383274653         5.49235857653631388066229431408930744E-0011
  -9.81020126430478238222352018341447562         5.48194040155102438481160029634726776E-0011
  -9.81024967590665397665361524559550042         5.47847198210594382595154566349228078E-0011
