   9.81024967590665397665361524559557438         1.65088300354312316080829401805880678E-0038
   9.81020126430478238599785193480758503         1.65241906388490429635312761471155419E-0038
   9.81005602997697057994881706548826813         1.65703576277794386595235502782180718E-0038
   9.80981397435662274053889907452058163         1.66475873200937150298242111129777115E-0038
   9.80947509983273011879403179191724706         1.67563095283553513770150282930662249E-0038
   9.80903940974984745635452160043434837         1.68971315190676444541913090686195664E-0038
   9.80850690840805997606999881896628908         1.70708436263699484636505676441227927E-0038
   9.80787760106294094189428281111598639         1.72784265923164803401914837265903162E-0038
   9.80715149392549978849902752285812723         1.75210607284898295524718897947608718E-0038
   9.80632859416212082111808722169186334         1.78001370178804360478952714291193243E-0038
   9.80540890989449248622761022551913984         1.81172703021124671195586914549168466E-0038
   9.80439245019952721375993045414190364         1.84743147276644089745762277874310981E-0038
   9.80327922510927183164238179126120869         1.88733816562168615647197506112752469E-0038
   9.80206924561080855354520759176662008         1.93168602792174268773925543678271132E-0038
   9.80076252364614654081577628958584481         1.98074412158114164614465271049989645E-0038
   9.79935907211210403966934303716834176         2.03481434171604485524800694529530467E-0038
   9.79785890486018109479961572064446291         2.09423447496724665635113244759597340E-0038
   9.79626203669642284066539062677929835         2.15938166857285495498231451166550521E-0038
   9.79456848338127337180251757108682500         2.23067635941860617597306320240469193E-0038
   9.79277826162942019360343551306688357         2.30858671955003874757507894712376829E-0038
   9.79089138910962925509948666678767112         2.39363368291677827614479683955434331E-0038
   9.78890788444457056537416894541343767         2.48639662760052420715471656895044680E-0038
   9.78682776721063439532842233937371380         2.58751979864710113928208774149973874E-0038
   9.78465105793773806661196360244830489         2.69771956910248093499911651166284797E-0038
   9.78237777810912332962758449103075997         2.81779265120297383634185902074312261E-0038
   9.78000795016114433260821085233771140         2.94862538619386653206514915512276179E-0038
   9.77754159748304618385938217064438832         3.09120426030231474606072475207238551E-0038
   9.77497874441673410935265284023389705         3.24662781638249679564867775452326376E-0038
   9.77231941625653320794823652333996881         3.41612015616724071255983785512839697E-0038
   9.76956363924893880661801255484304927         3.60104625746650645056440993662401366E-0038
   9.76671144059235741813278755697274420         3.80292936471261576981369968266742507E-0038
   9.76376284843683830377045531113213956         4.02347075074333552911732136400093866E-0038
   9.76071789188379564369442258478712724         4.26457219355101389198889666668707984E-0038
   9.75757660098572131774436711400205063         4.52836156498369642587353492454386384E-0038
   9.75433900674588829947406538175465795         4.81722199032727573631585046603006081E-0038
   9.75100514111804466636367129399905575         5.13382510981607010479555747358116188E-0038
   9.74757503700609822922644142521129279         5.48116905716939232769319565453936526E-0038
   9.74404872826379178392248726878023995         5.86262186830683644102449509608082743E-0038
   9.74042624969436898858468897132200193         6.28197114790433154769798130750933348E-0038
   9.73670763705023086965442744032843184         6.74348095531259378205572871157745232E-0038
   9.73289292703258296011728157835048243         7.25195702799737299122024384792992540E-0038
   9.72898215729107307342129380132740605         7.81282164413815642744938473020380134E-0038
   9.72497536642341971665282903119596579         8.43219964115515133190027406734116765E-0038
   9.72087259397503114663743910138170138         9.11701735944080294807389460839866474E-0038
   9.71667388043861507272549506636677912         9.87511657724530489509636958597347053E-0038
   9.71237926725377901011466335178369324         1.07153858515855026560362151326479555E-0037
   9.70798879680662128765357710830438706         1.16479120908327092899861991540553788E-0037
   9.70350251242931271416329063025908907         1.26841556687505904627611489966810014E-0037
   9.69892045839966890740530135809145061         1.38371529608734720689297814654839522E-0037
   9.69424267994071328991707989249233898         1.51217508585651774543800876595154308E-0037
   9.68946922322023075602816269781265416         1.65548786133925637330900389964508263E-0037
   9.68460013535031201446193385400492693         1.81558633079316596392760345355499407E-0037
   9.67963546438688861102025042117427276         1.99467963667544506613969969134770258E-0037
   9.67457525932925863594004980055001655         2.19529598466328150825585058241564162E-0037
   9.66941957011960312060301600247694060         2.42033228181533341305332129434455859E-0037
   9.66416844764249312837127405847347487         2.67311200202581549454547282900088472E-0037
   9.65882194372438754441392703357303276         2.95745271927761397022864143347575400E-0037
   9.65338011113312156948104730057895525         3.27774501396609582624368389520758308E-0037
   9.64784300357738592267348202352173167         3.63904477315829900227223908074844668E-0037
   9.64221067570619675834853125799071001         4.04718128222291941466957474873165526E-0037
   9.63648318310835630239320480609490728         4.50888395506606809368911893885414983E-0037
   9.63066058231190421318836005906220967         5.03193108803809471712963675471744044E-0037
   9.62474293078355967267856661689720648         5.62532466633945580400684401130173743E-0037
   9.61873028692815421305403358858686697         6.29949602312046434495960936574281945E-0037
   9.61262271008805528464237124509991015         7.06654807670290697383072303244944777E-0037
   9.60642026054258057069933921843580633         7.94054098230722084350421633748833775E-0037
   9.60012299950740305487905781135421531         8.93782937002758596728904379532463465E-0037
   9.59373098913394684725542630282034435         1.00774609475719163495734143298386755E-0036
   9.58724429250877377485770150286492049         1.13816481816716931481077850632744931E-0036
   9.58066297365296074277434032727929679         1.28763271057249120613056120233312744E-0036
   9.57398709752146787197030092772802866         1.45918201180791875016603914436547691E-0036
   9.56721673000249742005402702743390215         1.65636230390092881891428405224438765E-0036
   9.56035193791684349132130867814338925         1.88333408114598660296851928379942219E-0036
   9.55339278901723254249411877279089352         2.14498012157588430171359441376265898E-0036
   9.54633935198765469066336742294117358         2.44703820111551489642412335381466704E-0036
   9.53919169644268583003529484411946675         2.79625942492243038547801986326001067E-0036
   9.53194989292680056417193678959076235         3.20059734104553185825841186116728399E-0036
   9.52461401291367596050674393871848136         3.66943408449603416409298321458728947E-0036
   9.51718412880548613400701708506593812         4.21385111804044393643511298947455651E-0036
   9.50966031393218766694533258790877601         4.84695374227934755304334072598868704E-0036
   9.50204264255079587183257645548022500         5.58426050685587941453957374566406713E-0036
   9.49433118984465190465557972642859086         6.44417104703257967840542284908779226E-0036
   9.48652603192268073565265161567012468         7.44852879418094385558481008570380146E-0036
   9.47862724581863998495053930080824248         8.62329858693676723655391910922355585E-0036
   9.47063490949035963047650335500442284         9.99938359266918067415350774518716159E-0036
   9.46254910181897259564928479178312969         1.16136113230419430855253439533026972E-0035
   9.45436990260813622444275258761065433         1.35099251238386194763118505348046655E-0035
   9.44609739258324465150595850081495672         1.57408256242645492907659751462652816E-0035
   9.43773165339063207511318812285920230         1.83691165999835713250669798346191914E-0035
   9.42927276759676694080738249324267873         2.14700219785591873838123300579966568E-0035
   9.42072081868743704369001239623388178         2.51337558444653792606475350921803840E-0035
   9.41207589106692555740011675086174619         2.94686459662538868098846258392160755E-0035
   9.40333807005717799791476642049769599         3.46049344213828074259311933764103304E-0035
   9.39450744189696013039268442113162441         4.06994073951416020491865566686913889E-0035
   9.38558409374100682737214201504985105         4.79410415025982474242858126338097165E-0035
   9.37656811365916188672355665683407854         5.65578976799422244750048392530722502E-0035
   9.36745959063550881784644132999838568         6.68255478814183033695210027538149200E-0035
   9.35825861456749260468949459456582940         7.90773870878030324137829739545183278E-0035
   9.34896527626503245426167577868351938         9.37172667237074194116162372956374935E-0035
   9.33957966744962553939107931204717133         1.11234989558777921331842036909692105E-0034
   9.33010188075344174457730533735934465         1.32225335634101888844079235582771346E-0034
   9.32053200971840942387181957103919651         1.57411450119502074379808659633898063E-0034
   9.31087014879529217980950303955666597         1.87673625330038852882494883135898387E-0034
   9.30111639334275667250321091757155768         2.24084760555836621125941904189174396E-0034
   9.29127083962643146810168836388854159         2.67954097669092009925510922358714029E-0034
   9.28133358481795693589962911735012448         3.20881223782171006148139627721397344E-0034
   9.27130472699402620347700880433528611         3.84822824882219819096353685964340416E-0034
   9.26118436513541717933307855057044794         4.62175292057646735666156175481338511E-0034
   9.25097259912601565256856471146395005         5.55877057152652255827681287107783515E-0034
   9.24066952975182947925768646703943446         6.69535508560019260233079312292258498E-0034
   9.23027525869999386523957380059235673         8.07584562480832968068209445709816218E-0034
   9.21978988855776775514654312619107568         9.75480506387869635282918506796645206E-0034
   9.20921352281152133757446568180165333         1.17994567343903284875314035301071839E-0033
   9.19854626584571467638814389580125976         1.42927195565119025002230228687577097E-0033
   9.18778822294186747824219239959223628         1.73369925509243036177517726124043002E-0033
   9.17693950027752000648540233354339178         2.10588787837263079930148569492571775E-0033
   9.16600020492518515170394921415545040         2.56150881959205394227618185602287960E-0033
   9.15497044485129166924608503475227846         3.11998213014532619532998579415276756E-0033
   9.14385032891511859415813359871626833         3.80540149693352658507636522320166798E-0033
   9.13263996686772084404868347290026915         4.64769319886760214668371782077488884E-0033
   9.12133946935084602048484453996054650         5.68407036682396200514280525010246363E-0033
   9.10994894789584241961130106359126186         6.96085967851458963262580097004162201E-0033
   9.09846851492255826276965560265900440         8.53579822952502095100513127727022553E-0033
   9.08689828373823215798221316273593715         1.04809245552942646537597828903456356E-0032
   9.07523836853637480325090280126179360         1.28862212006611238297986896155281800E-0032
   9.06348888439564194270847365133594911         1.58642088515831643882856057301846859E-0032
   9.05164994727869858674543314582593048         1.95557464364156562976506769699127933E-0032
   9.03972167403107450732241625602753109         2.41373610862679335103902665750930519E-0032
   9.02770418238001101976378495655742376         2.98305206793204889293693651514990038E-0032
   9.01559759093329906241425604062704222         3.69133753721303843085759789596224807E-0032
   9.00340201917810858562624198856178248         4.57356401150342368818774327187436478E-0032
   8.99111758747980926163136298972671075         5.67374767796155280878097792090332424E-0032
   8.97874441708078252693524758734978894         7.04734739644054098055559041967518328E-0032
   8.96628263009922496896028391167305077         8.76431299924652861614064693041656280E-0032
   8.95373234952794306874641224512138324         1.09129639720049886690629637239054746E-0031
   8.94109369923313931160536188061006160         1.36049293955103515554209737157267787E-0031
   8.92836680395318967770893004871886407         1.69814454438687543066794312614585854E-0031
   8.91555178929741252467697726040393368         2.12213910093569071584842838593954851E-0031
   8.90264878174482887431577089952723555         2.65515506848893531649240920220883555E-0031
   8.88965790864291411574214646526137911         3.32597345498118570703405295403878727E-0031
   8.87657929820634113721367267106204833         4.17115652817820435303139554681300391E-0031
   8.86341307951571489906960181827094753         5.23719771503845452899554485086548509E-0031
   8.85015938251629846027185964359807512         6.58327741612972325250078304706638580E-0031
   8.83681833801673047111967835702130167         8.28479864731498755162166422322892888E-0031
   8.82339007768773414479570200753788749         1.04379271842835902755253467321994607E-0030
   8.80987473406081772048549380743576489         1.31654266980397766306661632859795468E-0030
   8.79627244052696643089634978128430199         1.66241647571059548176776731636118725E-0030
   8.78258333133532598708517125487812674         2.10147764402275180741723166957901935E-0030
   8.76880754159187759358886943435589900         2.65941163619634328112113846975772700E-0030
   8.75494520725810450693436782036906671         3.36913172361759593830037175599042914E-0030
   8.74099646514965015068873163146916106         4.27285168588901673705643792933496928E-0030
   8.72696145293496780029328695106603083         5.42476328113554161080795096137011134E-0030
   8.71284030913396185100879514091489248         6.89449778204378955317196615036583094E-0030
   8.69863317311662068238181935993909596         8.77160481102190899775079550615931104E-0030
   8.68434018510164113272535897040776967         1.11713520959170303071019975235546749E-0029
   8.66996148615504459718963338548919800         1.42422416828371518085331090352292648E-0029
   8.65549721818878476308156869573233942         1.81757582497209781747389911800293899E-0029
   8.64094752395934699617407739115316469         2.32190222152545459614604505972215849E-0029
   8.62631254706633939182862285571289449         2.96912258316613564036926624822053263E-0029
   8.61159243195107550483682523880347161         3.80049995043630375784772933879091926E-0029
   8.59678732389514877196899299198021349         4.86942080826398391682551330373511417E-0029
   8.58189736901899864129945398803535277         6.24501389868960500679815179824079524E-0029
   8.56692271428046842246041090438465734         8.01686502484641393603472676929532419E-0029
   8.55186350747335487205775664580850141         1.03011642254152325428182574569593486E-0028
   8.53671989722594952856385619639296847         1.32487262085756070466993323828446667E-0028
   8.52149203299957181108373062198714260         1.70554622804086662902021996321032953E-0028
   8.50618006508709389647236618895458736         2.19760626080822419128509713124687952E-0028
   8.49078414461145738936201592017824912         2.83418852861867330728523443866477394E-0028
   8.47530442352418179973936157431637472         3.65843615078087851421389466593455667E-0028
   8.45974105460386484279326020975870670         4.72656382130813768227197479441998439E-0028
   8.44409419145467457583451038257949529         6.11187226778087978448800002403922026E-0028
   8.42836398850483338716963783144268664         7.91001096601278542295474010800230362E-0028
   8.41255060100509385189111842674308494         1.02458816599088009129662966258475674E-0027
   8.39665418502720646962672641257285565         1.32826999656879324239864152282782028E-0027
   8.38067489746237929937081775615034355         1.72338970759291488246631506918735713E-0027
   8.36461289601972950660033094936838521         2.23787612635917804588671452093916763E-0027
   8.34846833922472683795811009181522087         2.90830066802257385990130805289016090E-0027
   8.33224138641762903886582673617733634         3.78258376110090813116530629258370570E-0027
   8.31593219775190922950829700902283977         4.92355801034580693790787656669809175E-0027
   8.29954093419267525471035814775580360         6.41366198362940250116108374325006631E-0027
   8.28306775751508102330668303469991917         8.36112685116339952210194233887762940E-0027
   8.26651283030272985268397177999926163         1.09081351716964072384799217413653483E-0026
   8.24987631594606983425386512601994783         1.42415863189634179513424317361577788E-0026
   8.23315837864078123569367463843160398         1.86073088812112124052679121154677759E-0026
   8.21635918338615595587061853590888487         2.43288334846759758788398393090819781E-0026
   8.19947889598346904844368881573123359         3.18322020254110822936017041943301802E-0026
   8.18251768303434233021555428233378770         4.16787707066561424195684055696462720E-0026
   8.16547571193910009038502440749228233         5.46086037991394184867620076444020659E-0026
   8.14835315089511691692855987329393537         7.15979049137679871119108561783407140E-0026
   8.13115016889515765641711640291181940         9.39350624004824241453041333126592526E-0026
   8.11386693572570952365224830160000313         1.23321388012299007166967030914035382E-0025
   8.09650362196530637758287624498726669         1.62004626829578864355132116349693419E-0025
   8.07906039898284518004143949899059034         2.12955976463101429852523785116884352E-0025
   8.06153743893589465391530517242185818         2.80104894579698050376820577699257019E-0025
   8.04393491476899615744629552815883259         3.68650689073531743218394153559767166E-0025
   8.02625300021195679142801805175008137         4.85476166020990582900659468293959668E-0025
   8.00849186977813475614734113930428505         6.39696979102573038017496213731529381E-0025
   7.99065169876271697499285016289221362         8.43391477506614573954053596576147044E-0025
   7.97273266324098900172944354652050546         1.11257071810158425882575727623990172E-0024
   7.95473494006659722851438558572448382         1.46846813464639902404589529239263783E-0024
   7.93665870686980341180612131733273027         1.93925480185608278134092410447843354E-0024
   7.91850414205573153339297804300257664         2.56232151253376549096900924478764221E-0024
   7.90027142480260701384452738240712114         3.38731596408072775555880208326436261E-0024
   7.88196073505998829576386023284301877         4.48018618488003943592698797568327240E-0024
   7.86357225354699081429433399658200363         5.92856521128079767435733734585328851E-0024
   7.84510616175050337240948616225802919         7.84894402252551453061255012478691767E-0024
   7.82656264192339693858977005041699658         1.03962293048801919348875822241262370E-0023
   7.80794187708272588456455651621500343         1.37764823816905552216720695352323001E-0023
   7.78924405100792168087245890600700496         1.82639025043180858255214908745953339E-0023
   7.77046934823897906806747685281525068         2.42234742340628663521425335140483879E-0023
   7.75161795407463472147271683373035482         3.21411750548818707432278937309110212E-0023
   7.73269005457053842745753306723766892         4.26642760206078101464202843052820860E-0023
   7.71368583653741678928784056908264919         5.66551191552414145311158202960333541E-0023
   7.69460548753922948067308228214635011         7.52628926984261679719221700936818577E-0023
   7.67544919589131806520688342120991639         1.00019445681966330909762433316666113E-0022
   7.65621715065854739997179780152396325         1.32967215866485928376536490685719443E-0022
   7.63690954165343964165174222661682360         1.76830062439075649958816719810287492E-0022
   7.61752655943430087356872527340600885         2.35241427983470435272032149088819725E-0022
   7.59806839530334037213330531083814154         3.13049111851171782259543758427058800E-0022
   7.57853524130478253127085860318622662         4.16722432039557338332183435747060760E-0022
   7.55892729022297146345820116379247359         5.54896237017297355842577704604463911E-0022
   7.53924473558046829607738692428137854         7.39097840603823205511374660183612176E-0022
   7.51948777163614118186559905471778491         9.84718478537297485267289738299579535E-0022
   7.49965659338324804231196020030684222         1.31231164341877715752716376407473601E-0021
   7.47975139654751206292381028031504011         1.74932840771884094108171944592013725E-0021
   7.45977237758518995935653661705800333         2.33243694768735273917687401931590458E-0021
   7.43971973368113303347238982101877309         3.11062308126638450511133666158366179E-0021
   7.41959366274684103846487934824747605         4.14933493467410945320350562591646928E-0021
   7.39939436341850887225631426582421195         5.53602347093199588344976494651708032E-0021
   7.37912203505506611844683680988057754         7.38754904907371054033869718926683651E-0021
   7.35877687773620945416388809988105243         9.86008244922927455662374114682734184E-0021
   7.33835909226042794423144618585134805         1.31623402648348753356738224861328199E-0020
   7.31786888014302124114858575717894103         1.75732770717603390444511243217130541E-0020
   7.29730644361411071043692563956563537         2.34657341442949266223279745949979610E-0020
   7.27667198561664350098635395964536203         3.13380484622548185086666045035050832E-0020
   7.25596570980438958009805087556044863         4.18562987039086391269245955564348753E-0020
   7.23518782053993175299326436919598907         5.59107633290096999666253731028380908E-0020
   7.21433852289264868662553508650349862         7.46913650148680185784461605488649731E-0020
   7.19341802263669095770311091302595990         9.97884759448649487060508337444389164E-0020
   7.17242652624895014489714020092340907         1.33327593416086219638761232998725208E-0019
   7.15136424090702098527988364198712846         1.78149242918567028539264821465795192E-0019
   7.13023137448715661510563803076283016         2.38049263191436319734836642410255381E-0019
   7.10902813556221691511531990737309131         3.18099690109944804298968855116398456E-0019
   7.08775473339960998061371263728985906         4.25077203084550795772414595403796411E-0019
   7.06641137795922673663623620347816541         5.68035086784068800842654598736177023E-0019
   7.04499827989136871858975418530368872         7.59066633927587254153467656669536992E-0019
   7.02351565053466903881938641064002800         1.01432385686852702474035215365631629E-0018
   7.00196370191400655962054792698259835         1.35537659527703012525076213480536838E-0018
   6.98034264673841329328248458032326758         1.81102534162043058579732996989037560E-0018
   6.95865269839897504981642195531032119         2.41971866056834088389985675328297239E-0018
   6.93689407096672535308808705706450192         3.23277601043976663138274116507367190E-0018
   6.91506697919053264614080024620775966         4.31868313776160366020100355356499559E-0018
   6.89317163849498080656156791846963383         5.76881538087343687830890312342318085E-0018
   6.87120826497824299280863359497390101         7.70506129842633635837032668133791306E-0018
   6.84917707540994884248476580731383995         1.02899744490450909222417531056497997E-0017
   6.82707828722904504360617477317421368         1.37402873455891184387999888443368618E-0017
   6.80491211854164929998235571597203322         1.83448950612186330473013416670531439E-0017
   6.78267878811889771188735414023683206         2.44887784391394241286782794472990774E-0017
   6.76037851539478559326793678976213355         3.26848170972396580896512536276586043E-0017
   6.73801152046400174679893074652342472         4.36160783614479840436518176803037992E-0017
   6.71557802407975621816056153563446126         5.81920099513306681759397860512770942E-0017
   6.69307824765160155097697854793898116         7.76230776478101980779642294795927773E-0017
   6.67051241324324756391930194202681746         1.03519861203060739048120238702726916E-0016
   6.64788074357036967154045880842843787         1.38024566820322940762100197883602183E-0016
   6.62518346199841077047279713948101562         1.83985483160289738213119926106797453E-0016
   6.60242079254037671268297341997401355         2.45188297913221817882688645749726883E-0016
   6.57959295985462538754190280938195428         3.26662663494217439169792307432097814E-0016
   6.55670018924264943453063930159849782         4.35088294677065085465533990427804083E-0016
   6.53374270664685260846591630004077464         5.79332645709028200138459621115742901E-0016
   6.51072073864831981919172511436317170         7.71162436537266095167731511751550165E-0016
   6.48763451246458086774573935150405401         1.02618474593944676417776253579454982E-0015
   6.46448425594736790107160642222392745         1.36509106964566376619487498113660682E-0015
   6.44127019758036660741012280065946450         1.81530096958709105352524750667260724E-0015
   6.41799256647696117456408664684501688         2.41313243521801207173799585121302562E-0015
   6.39465159237797303329317932092790438         3.20666608361469518607253425259481447E-0015
   6.37124750564939340815656557537410434         4.25952276903168283410217257304479860E-0015
   6.34778053728010969818202020244309138         5.65584286972178449089061776184316268E-0015
   6.32425091887962570980128603539472459         7.50684543738880781098205081527305411E-0015
   6.30065888267577576455204385224699210         9.95946299446036987214165728561332094E-0015
   6.27700466151243270410732831158729157         1.32077014446145067566764020603477307E-0014
   6.25328848884720981525345496429893193         1.75075752270652382546039876824470788E-0014
   6.22951059874915669749753103864416143         2.31967296398295593169208406107866379E-0014
   6.20567122589644909604540649669383593         3.07202035116347777912279678220473856E-0014
   6.18177060557407272295048121756981975         4.06642298460679162797304319080898006E-0014
   6.15780897367150108929311848954263915         5.38005503836996596202259137943534030E-0014
   6.13378656668036737130952370309789050         7.11444718751239259874203388849305569E-0014
   6.10970362169213033344782964727133153         9.40308683957544862252610772016054087E-0014
   6.08556037639573433138778554070783714         1.24213601221257584102045326397103992E-0013
   6.06135706907526341811887529811519158         1.63995470557692227277497298181708353E-0013
   6.03709393860758957622989096539549056         2.16397941034826971828261799567386337E-0013
   6.01277122446001509962095917833005125         2.85382635692018178803375526885195109E-0013
   5.98838916668790914790676133810867489         3.76140151348153462371221223160820314E-0013
   5.96394800593233849683720138233239691         4.95466342645551331774650911834085999E-0013
   5.93944798341769250811905799474851096         6.52252148295345418651491228371929904E-0013
   5.91488934094930234207921027553805970         8.58120669110287879794591582355878935E-0013
   5.89027232091105443666684672338699022         1.12825503600478873653135138076014501E-0012
   5.86559716626299827634865630003433558         1.48247324295721527894147848677394835E-0012
   5.84086412053894847450735679899413629         1.94662234923817284951402554047236885E-0012
   5.81607342784408119301003916647707522         2.55438527471894105535750913314382084E-0012
   5.79122533285252492266869627027727786         3.34962008931998974305228368235421686E-0012
   5.76632008080494564837096032992936672         4.38938584078210791016637164254257636E-0012
   5.74135791750612642271449425948094798         5.74785261139530051875553637027950083E-0012
   5.71633908932254137203366798578326223         7.52134922184226828261194074530644501E-0012
   5.69126384317992415876210084561582984         9.83487306552655019885462942691538953E-0012
   5.66613242656083092412936489189494023         1.28504770679594705154371611335055160E-0011
   5.64094508750219773524462081266848906         1.67780638979898527054295872223278303E-0011
   5.61570207459289256067419764890593887         2.18892638197306719878703464866185789E-0011
   5.59040363697126179867412905293062608         2.85352581398650852634652599481246775E-0011
   5.56505002432267138229242192573830139         3.71696453234108160309468292812472353E-0011
   5.53964148687704248560935737778107941         4.83777443519379985333031628464976859E-0011
   5.51417827540638185543740854580808460         6.29141058167548899606263590379724118E-0011
   5.48866064122230679285540434214603156         8.17504755834890520619486005914576769E-0011
   5.46308883617356480900437218884633041         1.06137053556516547799404867120352651E-0010
   5.43746311264354797962505567626615535         1.37680642103593671205688326088320653E-0010
   5.41178372354780202286942436511487769         1.78444223544204229508215733407156613E-0010
   5.38605092233153012497057210639431591         2.31073691430651962386450355083670038E-0010
   5.36026496296709153840723677099125036         2.98958945122346844630246049072792106E-0010
   5.33442609995149497725076764833802054         3.86438414167041596304146789123854506E-0010
   5.30853458830388683443371648233612631         4.99058397961738160047440211589662396E-0010
   5.28259068356303424573033365583765186         6.43901497396307489218124509308880085E-0010
   5.25659464178480302529011190800891107         8.30002014106247991680492584973757118E-0010
   5.23054671953963049761613566988381263         1.06887066547019585144620373373564429E-0009
   5.20444717390999325093036413279436855         1.37515651238631335196482543676468855E-0009
   5.17829626248786983691810002501082500         1.76748086955713991102831519152431616E-0009
   5.15209424337219844189377326913166147         2.26948646568054360517181919764898153E-0009
   5.12584137516632955447979873426650324         2.91115560941108068746492678153451708E-0009
   5.09953791697547365493964969302428918         3.73046403957985269598642652589818199E-0009
   5.07318412840414395135542285637052327         4.77545303103196160701591848203044452E-0009
   5.04678026955359418788905650461578775         6.10682183725210073086515317367727776E-0009
   5.02032660101925155041499977766133356         7.80116645593534004610220347556285350E-0009
   4.99382338388814469486051815213340297         9.95501993803754505772502028939527364E-0009
   4.96727087973632692363795703962617769         1.26898851432191773045351135852277988E-0008
   4.94066935062629453560117181385209756         1.61584943108820105092541536682829101E-0008
   4.91401905910440037500596794244847803         2.05525826573116570956727831102378634E-0008
   4.88732026819826260500177879136919338         2.61125273156298549361346198180514240E-0008
   4.86057324141416873122894061853956351         3.31392805445870530881437229055718556E-0008
   4.83377824273447490114280381359841322         4.20091198877718409142297801910628227E-0008
   4.80693553661500050473254610941129966         5.31918509781959538901964015558871603E-0008
   4.78004538798241810234892682842671239         6.72732346060738814384034734256195298E-0008
   4.75310806223163870540134077517661726         8.49825727713092055783334841641664336E-0008
   4.72612382522319243573039569011265571         1.07226583705955399923006720988598724E-0007
   4.69909294328060458950784778684755828         1.35130929059572928603476644522070743E-0007
   4.67201568318776713156108535457973835         1.70091034285544739087826784657203134E-0007
   4.64489231218630564606445027237733086         2.13834173465454170185669855767887592E-0007
   4.61772309797294176958453110696888805         2.68495181220920934876853707059176197E-0007
   4.59050830869685113251114880814089035         3.36708617115816506880908866820851635E-0007
   4.56324821295701683495008643571825789         4.21720753572384998985657175342586457E-0007
   4.53594307979957848319768741187973687         5.27525399866063709395720524850482011E-0007
   4.50859317871517681296126205725206072         6.59028326933774818410665542898957240E-0007
   4.48119877963629392553279920639624811         8.22245937010296825134169338553452963E-0007
   4.45376015293458916316677807805585799         1.02454484685561953740469559999771621E-0006
   4.42627756941823064995591487054300233         1.27493024387131705561484326944605335E-0006
   4.39875130032922252454145833811284976         1.58439225305501186696732863967468842E-0006
   4.37118161734072789103716845790222772         1.96632114385692509789935963578253674E-0006
   4.34356879255438751458837179932869749         2.43700403590031162862837999550760996E-0006
   4.31591309849763428802948594167915652         3.01621785937868662417172408515120272E-0006
   4.28821480812100349614514283645084752         3.72793571955965823541675715106641360E-0006
   4.26047419479543890408151696691005994         4.60116653634283547457738333486411684E-0006
   4.23269153230959469649567810895365513         5.67095091124213563492288038158252918E-0006
   4.20486709486713329407174003793094170         6.97953964775307914027513972767493950E-0006
   4.17700115708401907407326525143305078         8.57778524854492971692785949914466437E-0006
   4.14909399398580802164181128660264578         1.05267810644520846597721111484290541E-0005
   4.12114588100493333859166610327501553         1.28997876031775719704429081388660503E-0005
   4.09315709397798703649071788485070980         1.57844908429529220335565678227549284E-0005
   4.06512790914299754085703808344388947         1.92856432548991036464227771118620074E-0005
   4.03705860313670333334012521338312781         2.35281446258702566626701582965863997E-0005
   4.00894945299182265879486038900949329         2.86606266885296765371751269914698207E-0005
   3.98080073613431932419506352298474973         3.48596129907687305422559507132650133E-0005
   3.95261273038066461637211106667583610         4.23343333384994378281905696456162596E-0005
   3.92438571393509536560238180393060676         5.13322804694168960695001443297796197E-0005
   3.89611996538686818210533612564319410         6.21456052803562009709196314253906141E-0005
   3.86781576370750989255180603949639901         7.51184558273314304244204308784383848E-0005
   3.83947338824806420371957753437062304         9.06553743004441810166898438922602492E-0005
   3.81109311873633462047058345197104958         1.09230875060816332571542689262479765E-0004
   3.78267523527412364526099335173756044         1.31400335383402959319465561011998747E-0004
   3.75422001833446828643218662420259410         1.57812338497025274719572573193071115E-0004
   3.72572774875887190256702595043913893         1.89222615514103434332937797418829486E-0004
   3.69719870775453241023200976153624485         2.26509738499003390706204102355635986E-0004
   3.66863317689156688246177426525329903         2.70692720771527159210723116978839842E-0004
   3.64003143810023256537803752289774584         3.22950682047320885982981824076868225E-0004
   3.61139377366814434037042962647031760         3.84644734574346347267516524523861498E-0004
   3.58272046623748865930173389532128729         4.57342241355642035352385462932162131E-0004
   3.55401179880223398023487383672685805         5.42843588103084867585453438689664306E-0004
   3.52526805470533773121351905236756704         6.43211595926043205326677803307546801E-0004
   3.49648951763594982966244998179018260         7.60803681042020440043622189745415650E-0004
   3.46767647162661278500781601636220225         8.98306840070948546833201865064294799E-0004
   3.43882920105045841215114375747065148         1.05877550376999703671032330450813268E-0003
   3.40994799061840118346440169794921634         1.24567225739143717346840412780850060E-0003
   3.38103312537632824700660404580689772         1.46291137121623074826959458268352640E-0003
   3.35208489070228613869533945683925090         1.71490501927791353591484895422285237E-0003
   3.32310357230366421619923977289000791         2.00661198696072192537758850962686953E-0003
   3.29408945621437484234975915335823859         2.34358857825805999248716069014363510E-0003
   3.26504282879203034590271491968047583         2.73204133039461991065896606873110924E-0003
   3.23596397671511678751184768933260919         3.17888102684056825623506397487846183E-0003
   3.20685318698016455880818964347784099         3.69177736934178396700020810546652854E-0003
   3.17771074689891584251028573953384387         4.27921352565287124436308413864850649E-0003
   3.14853694409548896152129303816057238         4.95053961278877879323725518853673380E-0003
   3.11933206650353964499968775771637993         5.71602400687918864186259211836031201E-0003
   3.09009640236341923942073789505371921         6.58690119173596343799579248927972449E-0003
   3.06083024021932989267605095931244113         7.57541467126293953557244594097833404E-0003
   3.03153386891647673928838125753336618         8.69485327876765711852398631399073744E-0003
   3.00220757759821711484847895260431462         9.95957902273779026296620264343396440E-0003
   2.97285165570320682781008349314683631         1.13850444181749203317539809320944448E-0002
   2.94346639296254351680820670207443958         1.29877970704155767661752575499003117E-0002
   2.91405207939690712169461551906226477         1.47854691106374029100003678175113712E-0002
   2.88460900531369749651291083816810936         1.67967489359050366572089623000023718E-0002
   2.85513746130416919266380678418555852         1.90413325894131829723472293948119203E-0002
   2.82563773824056344053914385159122835         2.15398520370216743345743363055272288E-0002
   2.79611012727323735793081931252096932         2.43137775633629933729792125398128541E-0002
   2.76655491982779041354818891218016781         2.73852915343301704477465309837925817E-0002
   2.73697240760218817400458484132416826         3.07771308625047118557449561570211136E-0002
   2.70736288256388336266040603855924589         3.45123956779951701987740030166541698E-0002
   2.67772663694693425873676776559830603         3.86143219589301204232445083949160723E-0002
   2.64806396324912046513994785440922326         4.31060162226243698462243196447770371E-0002
   2.61837515422905607346283678733617320         4.80101508284145328478959061821795505E-0002
   2.58866050290330025465528758344429662         5.33486190031840069551953111600057923E-0002
   2.55892030254346530388066907299747397         5.91421493757059529818308853633173659E-0002
   2.52915484667332216810105229636490341         6.54098805988828753404936094204180507E-0002
   2.49936442906590348495830421577971798         7.21688975497404723580913810034914863E-0002
   2.46954934374060416154292543303715144         7.94337316223738838000551293498048456E-0002
   2.43970988496027952166674892099899098         8.72158287619556484068567440982298127E-0002
   2.40984634722834105027961466202809068         9.55229901172534418183981176906441901E-0002
   2.37995902528584976369385030536234540        0.104358791499206396683072559651348486      
   2.35004821410860723430382027389190759        0.113721989203496293287304659133456833      
   2.32011420890424429851095493755922641        0.123605921160259070588417191220919414      
   2.29015730510930747658753729718540466        0.133997913783609123899780759499598169      
   2.26017779838634313323510686326210522        0.144878706272057411170367360868245982      
   2.23017598462097940761563884625796253        0.156221905418109097956173329063880084      
   2.20015215991900594165567117819593872        0.167993485177072674242900306277715530      
   2.17010662060345143544528204238974931        0.180151346273667532572465023585452757      
   2.14003966321165905857526628481568910        0.192644951940082805732573911787367504      
   2.10995158449235974627702010498045900        0.205415056428990166759815328580220472      
   2.07984268140274340925051956747517620        0.218393543177848699410407454928179808      
   2.04971325110552808608636953164156849        0.231503389366353132124901805585812116      
   2.01956359096602706720820536269291253        0.244658773059996608510285660463959039      
   1.98939399854921401928175006282002402        0.257765338127506461379869840645130507      
   1.95920477161678613905656404767925985        0.270720630623559141301084910860088489      
   1.92899620812422536562597349743295782        0.283414718315064963487696549218347181      
   1.89876860621785768010982584024186134        0.295731002485032182888180900203661970      
   1.86852226423191052178359729066666753        0.307547228071342569919553925825180241      
   1.83825748068556834969596727951966874        0.318736694602422636456565238355924939      
   1.80797455428002637883527789184265930        0.329169666307989469671766691904712935      
   1.77767378389554251992331289522779387        0.338714975258681821753499790555755925      
   1.74735546858848755193256041382878970        0.347241806489796661928351618881489809      
   1.71701990758839355644056560914781424        0.354621648876584737050093815751663177      
   1.68666740029500064295213469488034514        0.360730390155042118712462737382188162      
   1.65629824627530199433701907044339671        0.365450529043705924241635811386185991      
   1.62591274526058726154728813982692853        0.368673472055211132444059111937428997      
   1.59551119714348433679489132545817237        0.370301877441258084208197922128261086      
   1.56509390197499953438591373005916341        0.370252003951426201062076479206173881      
   1.53466115996155620842374568505644874        0.368456017871693084188537645142011223      
   1.50421327146203183660881389686033121        0.364864208311389946388240722736891903      
   1.47375053698479359937766091000620000        0.359447058093533619512668703785024072      
   1.44327325718473248363900999932647039        0.352197116030558205971058671049143941      
   1.41278173286029594037901423543123873        0.343130615978873814886936256327710542      
   1.38227626495051912542216119510130574        0.332288788984897716490789281585496094      
   1.35175715453205475264828846987280847        0.319738817159961688548356317267032204      
   1.32122470281620158897985962410500116        0.305574381718220956527287642698116848      
   1.29067921114593162046705543301255476        0.289915762910445221709654258982871394      
   1.26012098099291591881135095920740349        0.272909456376748240547249297980887349      
   1.22955031395454923768107517378577922        0.254727278668222333379862963338626103      
   1.19896751175097336818498626832455954        0.235564944250082230254290322853355458      
   1.16837287622209928288214241358808948        0.215640107049051169626974217665921836      
   1.13776670932462809771830437842284650        0.195189871350442551503144375114845880      
   1.10714931312907088129077301022551195        0.174467789346308183380670981486992896      
   1.07652098981676734085494098136558509        0.153740375605068729588623687585524862      
   1.04588204167690341449692431174616161        0.133283181859945897602754201816120728      
   1.01523277110352779890743487688047461        0.113376488454895471217956581750017305      
  0.984573480592567442202560296898146963         9.43006811796563465489853109420461590E-0002
  0.953904472738842031247332171091716906         7.63313936973426317992177924267453451E-0002
  0.923226050233077502947887474157456631         5.97345059472696771485363116527943521E-0002
  0.892538515858918608987660966230129025         4.47610974338083954263869695159243307E-0002
  0.861842172489940563492388594085137271         3.16424608552401107050176073306333995E-0002
  0.831137323086659803117752983280417765         2.05852857879167569898088714712083518E-0002
  0.800424270693543889062262151203514006         1.17671238720035632383189536542960266E-0002
  0.769703318436020580516421422518582383         5.33224595626733577753304276855034051E-0003
  0.738974769517486109067436117789462198         1.38799782981450090776938991559151665E-0003
  0.708238927216312683586568832378943834         1.75445355181447051134467617861907675E-0006
  0.677496094882855255133869948256780109         1.19856304032154709561172994361608035E-0003
  0.646746575936457571422303351132169339         4.95955304192360417188805178978459351E-0003
  0.615990673862457550390301087279248110         1.12211762907772160526296285783885875E-0002
  0.585228692209192002438500819343461475         1.98753235041555221834317874883062022E-0002
  0.554460934585000730892848361977544973         3.07703444581466876665421398256699710E-0002
  0.523687704655230040262384232912342996         4.37129788152463043510258782190003835E-0002
  0.492909306139235681865877982453487361         5.84711833417316827745421184149499162E-0002
  0.462126042807385266407027006724038665         7.47778196231071828733008306806411595E-0002
  0.431338218478060173083197552440103387         9.23351449536692506887828681026173540E-0002
  0.400546137014656984817654631687443786        0.110820028429956331078414791969714126      
  0.369750102322588479209904535019827946        0.129889795004648052249045904423978725      
  0.338950418346284204803158514064682378        0.149188582922946052205232119294518581      
  0.308147389066190672272018957421413690        0.168354085093434537012872352107127023      
  0.277341318495771190137289965578760073        0.187024533008489289057721319722770376      
  0.246532510678505374618322604349513850        0.204845773220785147576584997243222353      
  0.215721269684888363236521247297664868        0.221478281410254230197529715949792805      
  0.184907899609429761786561274072611900        0.236603957948919857351776846313652453      
  0.154092704567652354294499944610130752        0.249932551690790516308134241501775303      
  0.123275988693090605584301492838145843        0.261207565469111919124896392342944416      
   9.24580561342889860763443547495950053E-0002  0.270211507348052842834434371750749028      
   6.16392110518001484432329442731732841E-0002  0.276770365812410473007202774332918650      
   3.08197576151829857496984989692256334E-0002  0.280757204442820109213727088214682264      
   6.00704543221772133721764985001508439E-0016  0.282094791773878148972309582746628484      
  -3.08197576151817843465407667523240301E-0002  0.280757204442820213327858239931453172      
  -6.16392110517989470578612875243762410E-0002  0.276770365812410679217898330923634523      
  -9.24580561342877847206159620682588071E-0002  0.270211507348053147148470865637715561      
 -0.123275988693089404270073260256577903        0.261207565469112315656224232675600006      
 -0.154092704567651153033628358570812600        0.249932551690790997399676695116948131      
 -0.184907899609428560590902294409464588        0.236603957948920413733335104853870872      
 -0.215721269684887162117930190222511937        0.221478281410254851176098556807688127      
 -0.246532510678504173588654025444894610        0.204845773220785821254649209361098559      
 -0.277341318495769989208397542798259369        0.187024533008490002574486528456350199      
 -0.308147389066189471455755374098634816        0.168354085093435276802900526588045901      
 -0.338950418346283004111375341932055055        0.149188582922946804268613279759994099      
 -0.369750102322587278654452117238378322        0.129889795004648802427050479049334793      
 -0.400546137014655784410381965888691542        0.110820028429957065328538375109478935      
 -0.431338218478058972835952173781238655         9.23351449536699553532150262934192986E-0002
 -0.462126042807384066331654870957533072         7.47778196231078449351159947974802381E-0002
 -0.492909306139234481974223349012293308         5.84711833417322900963133500002584759E-0002
 -0.523687704655228840566289548011832783         4.37129788152468458910876149222697136E-0002
 -0.554460934584999531404154141735355149         3.07703444581471536687589719270037291E-0002
 -0.585228692209190803169045532918367835         1.98753235041559043370474024409156440E-0002
 -0.615990673862456351351921040030261700         1.12211762907775076195518940296126299E-0002
 -0.646746575936456372626832567798979711         4.95955304192380007959020273599146949E-0003
 -0.677496094882854056593140056162708080         1.19856304032164399467271458548696378E-0003
 -0.708238927216311485312408944657556981         1.75445355181075665772564325656725019E-0006
 -0.738974769517484911071672716636003462         1.38799782981439670909485657862624607E-0003
 -0.769703318436019382810878242467363678         5.33224595626713290833915788297319951E-0003
 -0.800424270693542691658760062432437315         1.17671238720032651217239040134946654E-0002
 -0.831137323086658606028109874943747227         2.05852857879163685518939300383753781E-0002
 -0.861842172489939366728419257675711898         3.16424608552396382438108610788868452E-0002
 -0.892538515858917412561176978972139151         4.47610974338078464594109011055424384E-0002
 -0.923226050233076306870697082430944676         5.97345059472690602429636267550091976E-0002
 -0.953904472738840835531240173889952788         7.63313936973419563888853779978813272E-0002
 -0.984573480592566246859367929319027964         9.43006811796556227426095767291621027E-0002
  -1.01523277110352660394893969365309743        0.113376488454894709602877952547390199      
  -1.04588204167690221993492007079372585        0.133283181859945109048420297027126115      
  -1.07652098981676614670121752740575990        0.153740375605067925053808349048095047      
  -1.10714931312906968755711615840942474        0.174467789346307373728130494107035784      
  -1.13776670932462690441649579801385083        0.195189871350441747325045337301855311      
  -1.16837287622209809002395951168144471        0.215640107049050381084003133456198376      
  -1.19896751175097217578220207360917706        0.235564944250081466930887411680867659      
  -1.22955031395454804574545822034918227        0.254727278668221604157526493151468930      
  -1.26012098099291472735466517038504679        0.272909456376747553497346347660785731      
  -1.29067921114593042950106000528264914        0.289915762910444584006663033750253156      
  -1.32122470281620039851630891102999879        0.305574381718220374382898190064959885      
  -1.35175715453205356269893186608866683        0.319738817159961167166382365699095955      
  -1.38227626495051793599874302035571458        0.332288788984897260042404104415588581      
  -1.41278173286029475149327361867192309        0.343130615978873426505348433766613503      
  -1.44327325718473129530268076284072666        0.352197116030557887764396080165058936      
  -1.47375053698479241160247145361280821        0.359447058093533372593545866750980382      
  -1.50421327146203064940648708215498295        0.364864208311389770918248811585810747      
  -1.53466115996155502180599871971183450        0.368456017871692979435719230898501680      
  -1.56509390197499834836445805218087009        0.370252003951426165469328119969254111      
  -1.59551119714348315138143248799750671        0.370301877441258115470480996971159163      
  -1.62591274526058607675352569505184250        0.368673472055211227592289691265122982      
  -1.65629824627530081017464645446862795        0.365450529043706079731163460752251218      
  -1.68666740029499945943283911225792378        0.360730390155042330514130739628714893      
  -1.71701990758839237357602791751907138        0.354621648876585000741993461334429788      
  -1.74735546858848636973445500863900946        0.347241806489796972786534616060051249      
  -1.77767378389554133840330759450464182        0.338714975258682174840088928164105063      
  -1.80797455428002519800503382103952883        0.329169666307989859919099076703731235      
  -1.83825748068556716956713875642508757        0.318736694602423058746208326334449208      
  -1.86852226423190934236783171038087427        0.307547228071343019155246103486356996      
  -1.89876860621785650141876356022172668        0.295731002485032654061959944841701207      
  -1.92899620812422418767124772260635285        0.283414718315065451738685875888540910      
  -1.95920477161678496184980071563002083        0.270720630623559641966604718583438059      
  -1.98939399854921284283456772904464103        0.257765338127506970038724423751669939      
  -2.01956359096602589153221508593007915        0.244658773059997121018246302078498696      
  -2.04971325110552691119317475927571528        0.231503389366353644642554595987787516      
  -2.07984268140274223515171602101513918        0.218393543177849208423665561964211857      
  -2.10995158449235857298419566561437661        0.205415056428990669093504843029356044      
  -2.14003966321165788610000087904330283        0.192644951940083298557591164921795737      
  -2.17010662060345026379914752773319991        0.180151346273668013407071544075734243      
  -2.20015215991900477085023122899020610        0.167993485177073140948770142260030197      
  -2.23017598462097823766244883952206725        0.156221905418109548729837499833695628      
  -2.26017779838634196414571376465220322        0.144878706272057844530713230380679475      
  -2.29015730510930630837347954703089532        0.133997913783609538672261888249162658      
  -2.32011420890424313118376233698301069        0.123605921160259465886613634016779555      
  -2.35004821410860606787501387101590284        0.113721989203496668492446734705227190      
  -2.37995902528584859817494228159938620        0.104358791499206751422104851218302671      
  -2.40984634722833988568210821846135357         9.55229901172537759411168682658398163E-0002
  -2.43970988496027835800213816485003933         8.72158287619559619626048037401070512E-0002
  -2.46954934374060299882269526422374060         7.94337316223741770144059919299439562E-0002
  -2.49936442906590232319393021356446695         7.21688975497407456098992629781498532E-0002
  -2.52915484667332100730400060609596200         6.54098805988831291396314470147058342E-0002
  -2.55892030254346414406239629294229561         5.91421493757061879478838459690318173E-0002
  -2.58866050290329909582724065171764421         5.33486190031842237973250206494433547E-0002
  -2.61837515422905491563645286892345273         4.80101508284147323460409808907210690E-0002
  -2.64806396324911930832665422828628876         4.31060162226245528337566628400341550E-0002
  -2.67772663694693310294798171194882603         3.86143219589302877711587064898411620E-0002
  -2.70736288256388220790753472609076216         3.45123956779953228014493874154936504E-0002
  -2.73697240760218702029902521468394015         3.07771308625048506182866794493552424E-0002
  -2.76655491982778926090132757947193293         2.73852915343302962748834020316917195E-0002
  -2.79611012727323620635403243292371691         2.43137775633631071594719871605700427E-0002
  -2.82563773824056229004379702308110736         2.15398520370217769570685136649785840E-0002
  -2.85513746130416804326125493136200199         1.90413325894132752825889242758331841E-0002
  -2.88460900531369634821449810018532258         1.67967489359051194765308140370130653E-0002
  -2.91405207939690597451167513766714838         1.47854691106374770249763673363147772E-0002
  -2.94346639296254237075206090975206821         1.29877970704156429253384550600931829E-0002
  -2.97285165570320568289204340137459740         1.13850444181749792432688936256736755E-0002
  -3.00220757759821597107984444021580133         9.95957902273784259314798630671967338E-0003
  -3.03153386891647559668044085919313883         8.69485327876770349109868607247433057E-0003
  -3.06083024021932875124008175410274134         7.57541467126298053157653371683036902E-0003
  -3.09009640236341809916800539517426352         6.58690119173599959621838826484159985E-0003
  -3.11933206650353850594144579729828943         5.71602400687922045973993556630671718E-0003
  -3.14853694409548782366878366219558074         4.95053961278880672811585650086862701E-0003
  -3.17771074689891470587473909291985012         4.27921352565289571505528285979637118E-0003
  -3.20685318698016342340082386018191390         3.69177736934180535556338420898607408E-0003
  -3.23596397671511565334386878167253189         3.17888102684058690991328675319939947E-0003
  -3.26504282879202921298531666772593040         2.73204133039463614393327573232533270E-0003
  -3.29408945621437371069412299445271366         2.34358857825807408918782700529137237E-0003
  -3.32310357230366308581653469129453252         2.00661198696073414081848031197750239E-0003
  -3.35208489070228500959672187349901886         1.71490501927792409901640329851723725E-0003
  -3.38103312537632711920321770824190339         1.46291137121623986364274263642921858E-0003
  -3.40994799061840005696737757026996568         1.24567225739144502343716056628245595E-0003
  -3.43882920105045728697159991052003730         1.05877550377000378325556185883013069E-0003
  -3.46767647162661166115685751798463567         8.98306840070954333444421091551771713E-0004
  -3.49648951763594870715116878722905578         7.60803681042025393469263484425714852E-0004
  -3.52526805470533661005299389479213145         6.43211595926047437216812523221316559E-0004
  -3.55401179880223286043617011788960530         5.42843588103088476023435178934815585E-0004
  -3.58272046623748754087590357634689912         4.57342241355645106274399698497862676E-0004
  -3.61139377366814322332851111877726541         3.84644734574348955770889010613223730E-0004
  -3.64003143810023144973105557925363451         3.22950682047323097525667352916192333E-0004
  -3.66863317689156576822073987096500544         2.70692720771529030705626141705322380E-0004
  -3.69719870775453129740792002577593653         2.26509738499004971514920715193298261E-0004
  -3.72572774875887079117086399770724789         1.89222615514104767164191793586466080E-0004
  -3.75422001833446717647492148592881205         1.57812338497026396438082264479020874E-0004
  -3.78267523527412253675357985802092425         1.31400335383403901671255798536837259E-0004
  -3.81109311873633351342396212346019870         1.09230875060817122831838826658561204E-0004
  -3.83947338824806309814467447428526526         9.06553743004448425665249809823347211E-0005
  -3.86781576370750878845953282579109399         7.51184558273319832619792482712996472E-0005
  -3.89611996538686707950658970331447770         6.21456052803566621634536475949016559E-0005
  -3.92438571393509426450804437746854550         5.13322804694172801513997234315324020E-0005
  -3.95261273038066351679304999266106173         4.23343333384997571505052638819818547E-0005
  -3.98080073613431822614213120283203703         3.48596129907689955786310793252660805E-0005
  -4.00894945299182156227889416185893885         2.86606266885298961508308876813412734E-0005
  -4.03705860313670223837194724913999206         2.35281446258704383386999621889761578E-0005
  -4.06512790914299644744745527596814059         1.92856432548992536933379466423417336E-0005
  -4.09315709397798594465052174529735355         1.57844908429530457576614271911480541E-0005
  -4.12114588100493224833163265358622738         1.28997876031776738262925619644490870E-0005
  -4.14909399398580693297270095315279173         1.05267810644521683796485251604164294E-0005
  -4.17700115708401798700582275882762477         8.57778524854499842197083210173325289E-0006
  -4.20486709486713220861669430296046171         6.97953964775313543562508895873757961E-0006
  -4.23269153230959361266374213470359889         5.67095091124218169097302571114804645E-0006
  -4.26047419479543782188338773702783641         4.60116653634287309619422851179145016E-0006
  -4.28821480812100241559150120957090029         3.72793571955968892076964868918236643E-0006
  -4.31591309849763320913099654600718597         3.01621785937871161461416448092583947E-0006
  -4.34356879255438643735568292738610032         2.43700403590033195089492721758957213E-0006
  -4.37118161734072681548091196143173682         1.96632114385694159972135270892705425E-0006
  -4.39875130032922145067224952314645908         1.58439225305502524706721317924862853E-0006
  -4.42627756941822957778435239263317981         1.27493024387132788891131700449898928E-0006
  -4.45376015293458809270344383767108654         1.02454484685562829614799930354032633E-0006
  -4.48119877963629285678825824448195310         8.22245937010303896591356007487075337E-0007
  -4.50859317871517574594606245095790781         6.59028326933780519633356071866337735E-0007
  -4.53594307979957741792236017045437941         5.27525399866068299526507102032361588E-0007
  -4.56324821295701577142514539657251691         4.21720753572388689492814366956117936E-0007
  -4.59050830869685007074709053308043412         3.36708617115819470053353761596672202E-0007
  -4.61772309797294070959183477859740495         2.68495181220923310861372497226079608E-0007
  -4.64489231218630458785357759067121249         2.13834173465456072805388951219750792E-0007
  -4.67201568318776607514248043363534523         1.70091034285546260643920964615612746E-0007
  -4.69909294328060353489193705180201334         1.35130929059574143830421444899665260E-0007
  -4.72612382522319138292758777423924958         1.07226583705956369240618796632735685E-0007
  -4.75310806223163765442202641715578900         8.49825727713099777607939023451452767E-0008
  -4.78004538798241705320347876979366341         6.72732346060744958008844945559935329E-0008
  -4.80693553661499945743131899218121305         5.31918509781964420771340501799143552E-0008
  -4.83377824273447385569613407807032549         4.20091198877722283592811980090593018E-0008
  -4.86057324141416768764714640127987388         3.31392805445873602040706778764966549E-0008
  -4.88732026819826156329515982337580841         2.61125273156300980829403460869887921E-0008
  -4.91401905910439933518480544749663844         2.05525826573118493670084412591013313E-0008
  -4.94066935062629349767572840702284102         1.61584943108821623701611436412989324E-0008
  -4.96727087973632588761847662601847904         1.26898851432192971077911183804016328E-0008
  -4.99382338388814366075722582576095570         9.95501993803763946123530593754803490E-0009
  -5.02032660101925051823810172053501558         7.80116645593541434976946893503171442E-0009
  -5.04678026955359315764873988601274665         6.10682183725215914804978147205174165E-0009
  -5.07318412840414292306185573229094353         4.77545303103200748295210226749355760E-0009
  -5.09953791697547262860298090583678023         3.73046403957988868325357514156753942E-0009
  -5.12584137516632853011015781254311625         2.91115560941110888674789159362234659E-0009
  -5.15209424337219741950127032767354304         2.26948646568056567801025404952961683E-0009
  -5.17829626248786881651282566506545399         1.76748086955715716999813307247558587E-0009
  -5.20444717390999223252238934246540427         1.37515651238632683270560946843614602E-0009
  -5.23054671953962948121551172473450147         1.06887066547020637010776751800959115E-0009
  -5.25659464178480201090687027186005965         8.30002014106256190676355748559612355E-0010
  -5.28259068356303323337448588176112839         6.43901497396313873615847674382187754E-0010
  -5.30853458830388582411525411384486916         4.99058397961743126472621689292473554E-0010
  -5.33442609995149396897966212077354635         3.86438414167045455867437681002592685E-0010
  -5.36026496296709053219343931310960146         2.98958945122349841089310233869992661E-0010
  -5.38605092233152912082401364215145859         2.31073691430654286514457409040464840E-0010
  -5.41178372354780102080001541565248653         1.78444223544206030446580598906860154E-0010
  -5.43746311264354697964268626209877825         1.37680642103595065422640963341660281E-0010
  -5.46308883617356381111891173225086785         1.06137053556517626150445637592563468E-0010
  -5.48866064122230579707670156975453171         8.17504755834898853474860132804905828E-0011
  -5.51417827540638086177529139140478790         6.29141058167555332953450308599330794E-0011
  -5.53964148687704149407363288530467257         4.83777443519384947771990855752992082E-0011
  -5.56505002432267039289287615249036063         3.71696453234111984803489481826537288E-0011
  -5.59040363697126081142052697299117566         2.85352581398653797591869644360327689E-0011
  -5.61570207459289157557628305675710868         2.18892638197308985648382940297791428E-0011
  -5.64094508750219675231211622702718103         1.67780638979900268820536342512630690E-0011
  -5.66613242656082994337197145975551437         1.28504770679596043002702573413953025E-0011
  -5.69126384317992318018949824650367953         9.83487306552665287566379157099685178E-0012
  -5.71633908932254039565551433622029968         7.52134922184234702197188171518875852E-0012
  -5.74135791750612544854042601766388789         5.74785261139536085398818843807602687E-0012
  -5.76632008080494467641059220062177364         4.38938584078215410732428887623364441E-0012
  -5.79122533285252395293162110991631612         3.34962008932002508823555362053644114E-0012
  -5.81607342784408022550582788849587758         2.55438527471896807760622428551891687E-0012
  -5.84086412053894750924555827936076956         1.94662234923819349354776817783873425E-0012
  -5.86559716626299731333879728300823148         1.48247324295723103889785537416482664E-0012
  -5.89027232091105347591843172749384216         1.12825503600480075940799104051745292E-0012
  -5.91488934094930138360172149976404680         8.58120669110297045380885032634284743E-0013
  -5.93944798341769155192195522495483460         6.52252148295352401235003330708613656E-0013
  -5.96394800593233754292992189789101024         4.95466342645556647733402465218852424E-0013
  -5.98838916668790819629871981876014078         3.76140151348157506846528388297608348E-0013
  -6.01277122446001415032154761126445822         2.85382635692021253933096690025066863E-0013
  -6.03709393860758862924847855255732673         2.16397941034829308463400088124886074E-0013
  -6.06135706907526247346480836373311092         1.63995470557694001671732862545716674E-0013
  -6.08556037639573338907038743905020410         1.24213601221258930726897529503609179E-0013
  -6.10970362169212939347640067062848609         9.40308683957555076020033841457484656E-0014
  -6.13378656668036643369334098999201813         7.11444718751247002239768806078793820E-0014
  -6.15780897367150015404143593316614845         5.38005503837002461840683028522200667E-0014
  -6.18177060557407179007252937445316617         4.06642298460683604161061339058859151E-0014
  -6.20567122589644816555039249560364281         3.07202035116351139019561864550476529E-0014
  -6.22951059874915576939463848971258742         2.31967296398298135423047059938679800E-0014
  -6.25328848884720888955184386838513766         1.75075752270654304449131830789640194E-0014
  -6.27700466151243178081613496987193762         1.32077014446146519764062918681578828E-0014
  -6.30065888267577484368038077606062274         9.95946299446047954694296084916371280E-0015
  -6.32425091887962479135824185628097240         7.50684543738889060152022208315765483E-0015
  -6.34778053728010878217665958245755024         5.65584286972184695818506001742176917E-0015
  -6.37124750564939249459792911761976441         4.25952276903172994575597596504049300E-0015
  -6.39465159237797212219028348032806731         3.20666608361473070118432962013838369E-0015
  -6.41799256647696026592592364115450478         2.41313243521803883337788921207768805E-0015
  -6.44127019758036570124566052171508031         1.81530096958711121083060030750720777E-0015
  -6.46448425594736699738978834743496932         1.36509106964567894291608171999945161E-0015
  -6.48763451246457996655548445558381364         1.02618474593945818650710924592757034E-0015
  -6.51072073864831892050192778130224468         7.71162436537274688629506819843380806E-0016
  -6.53374270664685171228544623532308964         5.79332645709034662985485887360314325E-0016
  -6.55670018924264854086834144466090349         4.35088294677069944246962534210867645E-0016
  -6.57959295985462449640659724631823127         3.26662663494221090777457233935781088E-0016
  -6.60242079254037582408345529648419381         2.45188297913224561348904279130815942E-0016
  -6.62518346199840988441783657406683708         1.83985483160291798745187941947337025E-0016
  -6.64788074357036878803880080583582658         1.38024566820324487899507783116678071E-0016
  -6.67051241324324668297966630693620612         1.03519861203061900372740603007727413E-0016
  -6.69307824765160067260805979890437074         7.76230776478110695613330979183474412E-0017
  -6.71557802407975534237102881927202766         5.81920099513313219847688307857386881E-0017
  -6.73801152046400087359742775195053797         4.36160783614484744252282327933836627E-0017
  -6.76037851539478472266308166328764684         3.26848170972400258074682115676064137E-0017
  -6.78267878811889684388773940030343889         2.44887784391396998039662685315835743E-0017
  -6.80491211854164843459654816835160000         1.83448950612188396752697564645065519E-0017
  -6.82707828722904418084271542641684901         1.37402873455892732826441066244430782E-0017
  -6.84917707540994798235216978845160034         1.02899744490452069382221291954616831E-0017
  -6.87120826497824213531539006547991265         7.70506129842642326765434788540048218E-0018
  -6.89317163849497995171613999047350402         5.76881538087350197283513241637931278E-0018
  -6.91506697919053179395162489896808065         4.31868313776165240835310762399895269E-0018
  -6.93689407096672450356357505369925984         3.23277601043980313304791044648144052E-0018
  -6.95865269839897420296495775978607297         2.41971866056836821225341600637625677E-0018
  -6.98034264673841244911242627470385154         1.81102534162045104392873492054094764E-0018
  -7.00196370191400571814022712893825518         1.35537659527704543879065994006743000E-0018
  -7.02351565053466820003710819121768169         1.01432385686853848640726836907689052E-0018
  -7.04499827989136788251379698695926414         7.59066633927595832191147920730730901E-0019
  -7.06641137795922590327485175837168898         5.68035086784075220347134104128167004E-0019
  -7.08775473339960914997512588584420077         4.25077203084555599671337826235070822E-0019
  -7.10902813556221608720772891709712691         3.18099690109948399063235048400468964E-0019
  -7.13023137448715578993721391533981700         2.38049263191439009637513153779606924E-0019
  -7.15136424090702016285877048062911768         1.78149242918569041325734996876988408E-0019
  -7.17242652624894932523145495799246466         1.33327593416087725757500363996182935E-0019
  -7.19341802263669014080094335792300801         9.97884759448660757126713906749305847E-0020
  -7.21433852289264787249494771382556060         7.46913650148688619226049369040007968E-0020
  -7.23518782053993094164229231916261640         5.59107633290103310688313175379665946E-0020
  -7.25596570980438877153470185471014009         4.18562987039091114252390878504237529E-0020
  -7.27667198561664269521860816180272039         3.13380484622551719849534539463077286E-0020
  -7.29730644361410990747273566708008946         2.34657341442951911899581016049712642E-0020
  -7.31786888014302044099587654243576040         1.75732770717605370835768621681779284E-0020
  -7.33835909226042714689811491305576682         1.31623402648350235903814306056214737E-0020
  -7.35877687773620865965780412711624191         9.86008244922938555445786713285542151E-0021
  -7.37912203505506532677584159144026796         7.38754904907379365437033999066999182E-0021
  -7.39939436341850808342822127482069993         5.53602347093205812685322460359193417E-0021
  -7.41959366274684025248747399949579645         4.14933493467415607368438518871485307E-0021
  -7.43971973368113225035342939419780500         3.11062308126641942958654959353100182E-0021
  -7.45977237758518917910375018014924125         2.33243694768737890642376794074815269E-0021
  -7.47975139654751128554489861331982837         1.74932840771886055057852209011519056E-0021
  -7.49965659338324726781459571924276681         1.31231164341879185560027515547734982E-0021
  -7.51948777163614041025742573589504156         9.84718478537308504342493508865969987E-0022
  -7.53924473558046752736602022885979972         7.39097840603831468286334727367941848E-0022
  -7.55892729022297069765122796262001308         5.54896237017303553220360906719701788E-0022
  -7.57853524130478176837583710191959453         4.16722432039561987727894571198021806E-0022
  -7.59806839530333961215776497534637447         3.13049111851175271225719896612586093E-0022
  -7.61752655943430011652016675545768496         2.35241427983473054141918123981046488E-0022
  -7.63690954165343888753763728985164421         1.76830062439077616274275566155350496E-0022
  -7.65621715065854664879958924770947542         1.32967215866487405169992889427163991E-0022
  -7.67544919589131731698398501678405495         1.00019445681967440388013791673561455E-0022
  -7.69460548753922873540687868504656509         7.52628926984270017595742084773376639E-0023
  -7.71368583653741604698568725586230333         5.66551191552420413396623255134918241E-0023
  -7.73269005457053768812675626047046271         4.26642760206082815167969018652655212E-0023
  -7.75161795407463398512061342970346227         3.21411750548822253464833199997458903E-0023
  -7.77046934823897833470131434951189613         2.42234742340631332108179775907582963E-0023
  -7.78924405100792095049947533137920134         1.82639025043182867270385108976140978E-0023
  -7.80794187708272515719196035674713054         1.37764823816907065267431345913159228E-0023
  -7.82656264192339621422474017998095055         1.03962293048803059328824455392917450E-0023
  -7.84510616175050265105917177126063795         7.84894402252560045559915193400496187E-0024
  -7.86357225354699009596585452140540409         5.92856521128086246694488898864210475E-0024
  -7.88196073505998758046430528557869128         4.48018618488008831464558455990781050E-0024
  -7.90027142480260630158095668088428082         3.38731596408076464550053804117018611E-0024
  -7.91850414205573082417242134111161408         2.56232151253379334543369450433495928E-0024
  -7.93665870686980270563557833564436873         1.93925480185610382326069506983962732E-0024
  -7.95473494006659652540082594240537406         1.46846813464641492724859655644475200E-0024
  -7.97273266324098830167980668854589679         1.11257071810159628416947636764132877E-0024
  -7.99065169876271627801404529755642379         8.43391477506623671600156761753956882E-0025
  -8.00849186977813406224624716602960764         6.39696979102579924289406055972341561E-0025
  -8.02625300021195610061148349419483015         4.85476166020995798062872957119820997E-0025
  -8.04393491476899546972113846662516918         3.68650689073535694927109326476190244E-0025
  -8.06153743893589396928831317656410335         2.80104894579701046367004464822320231E-0025
  -8.07906039898284449851936956082464591         2.12955976463103702536757952360583227E-0025
  -8.09650362196530569917245471220183073         1.62004626829580589342594738270096820E-0025
  -8.11386693572570884836017081117024088         1.23321388012300317210660493657708430E-0025
  -8.13115016889515698425004781501611539         9.39350624004834196503390113279570879E-0026
  -8.14835315089511624789313420553443265         7.15979049137687440560236716063878927E-0026
  -8.16547571193909942448784476941979087         5.46086037991399943928392375473782954E-0026
  -8.18251768303434166746319281027776948         4.16787707066565808612137375575313223E-0026
  -8.19947889598346838884268660793546349         3.18322020254114162955590641679427085E-0026
  -8.21635918338615529942748558797345927         2.43288334846762304845081887279575596E-0026
  -8.23315837864078058241488977906190406         1.86073088812114066162205703693280285E-0026
  -8.24987631594606918414587595308321859         1.42415863189635661931483006463634837E-0026
  -8.26651283030272920575319459688942900         1.09081351716965204690567614233700271E-0026
  -8.28306775751508037955950278701126011         8.36112685116348607019165682932437447E-0027
  -8.29954093419267461415312836026611306         6.41366198362946870096132921071170953E-0027
  -8.31593219775190859214733972298670330         4.92355801034585760966457914628044147E-0027
  -8.33224138641762840470743244693013824         3.78258376110094694530618309303989889E-0027
  -8.34846833922472620700853768668849680         2.90830066802260361307910683934484554E-0027
  -8.36461289601972887886580764591712604         2.23787612635920087035709320743147960E-0027
  -8.38067489746237867485753904069287766         1.72338970759293240498865020209703714E-0027
  -8.39665418502720584834085597904388902         1.32826999656880670489716780001881084E-0027
  -8.41255060100509323383878811586054759         1.02458816599089044253716615417711446E-0027
  -8.42836398850483277235694757018892323         7.91001096601286507581039271793958387E-0028
  -8.44409419145467396426752812399746542         6.11187226778094112636081339132157163E-0028
  -8.45974105460386423447802187306371882         4.72656382130818496079883932150011268E-0028
  -8.47530442352418119468187098532401607         3.65843615078091498343920347736583826E-0028
  -8.49078414461145678756824475204904496         2.83418852861870146188056857145955378E-0028
  -8.50618006508709329794825390325599019         2.19760626080824594515980781904029193E-0028
  -8.52149203299957121583518441007345551         1.70554622804088345161365446661083688E-0028
  -8.53671989722594893659675092110374022         1.32487262085757372501991928605769920E-0028
  -8.55186350747335428337793478348601421         1.03011642254153334054089391248015221E-0028
  -8.56692271428046783707368248721103119         8.01686502484649213836213626020538934E-0029
  -8.58189736901899805921159654668988269         6.24501389868966569379716689321065117E-0029
  -8.59678732389514819318575149861747103         4.86942080826403105387264677292069637E-0029
  -8.61159243195107492936391205035274714         3.80049995043634040363802521404782226E-0029
  -8.62631254706633881967171765749954548         2.96912258316616415613758287517518506E-0029
  -8.64094752395934642733882714084241096         2.32190222152547680619750629558696277E-0029
  -8.65549721818878419757358756759607223         1.81757582497211513244480712137662482E-0029
  -8.66996148615504403501450271499634075         1.42422416828372869242502174748086264E-0029
  -8.68434018510164057388862719913876030         1.11713520959171358444174948239776487E-0029
  -8.69863317311662012688900198082499951         8.77160481102199151151980540578466652E-0030
  -8.71284030913396129886537464380171840         6.89449778204385412917095916910803747E-0030
  -8.72696145293496725150471276860476981         5.42476328113559219842951199842666162E-0030
  -8.74099646514964960526042008533208201         4.27285168588905640593064291343902173E-0030
  -8.75494520725810396487170206779281639         3.36913172361762707639395589786597703E-0030
  -8.76880754159187705489719941501190031         2.65941163619636774778248283647988147E-0030
  -8.78258333133532545176981363807084735         2.10147764402277105170935282724832059E-0030
  -8.79627244052696589896258791347786626         1.66241647571061063403689066562068506E-0030
  -8.80987473406081719193857766010946226         1.31654266980398960585822245744408595E-0030
  -8.82339007768773361964084812537106726         1.04379271842836845057855511338129826E-0030
  -8.83681833801672994936206980640818887         8.28479864731506197941961437881667887E-0031
  -8.85015938251629794191664596149299886         6.58327741612978210217351687374294969E-0031
  -8.86341307951571438412189896136448417         5.23719771503850111128911931662024489E-0031
  -8.87657929820634062567856296528859728         4.17115652817824126518817706050219104E-0031
  -8.88965790864291360762467855563865784         3.32597345498121498854539376550032773E-0031
  -8.90264878174482836962095970032819179         2.65515506848895857044677361466156556E-0031
  -8.91555178929741202340980390566156305         2.12213910093570920355848055270505394E-0031
  -8.92836680395318917987434184306443695         1.69814454438689014552658144161340231E-0031
  -8.94109369923313881720827225044521076         1.36049293955104688071873765166010430E-0031
  -8.95373234952794257779170069012458073         1.09129639720050822046013315035681595E-0031
  -8.96628263009922448145279595664090836         8.76431299924660331800866948621743186E-0032
  -8.97874441708078204287979473437368777         7.04734739644060070985187998050300161E-0032
  -8.99111758747980878103272267070521907         5.67374767796160062200134456569497356E-0032
  -9.00340201917810810848915751804932539         4.57356401150346200741664255125919522E-0032
  -9.01559759093329858874343656901931333         3.69133753721306917746259420720262982E-0032
  -9.02770418238001054956390542361395939         2.98305206793207359269274097463397993E-0032
  -9.03972167403107404059811734473195084         2.41373610862681321686577892784134220E-0032
  -9.05164994727869812350132123658426936         1.95557464364158162691063973400831955E-0032
  -9.06348888439564148294912077651353432         1.58642088515832933626990474193267055E-0032
  -9.07523836853637434698084660005914198         1.28862212006612279399663467751898356E-0032
  -9.08689828373823170520595683640407999         1.04809245552943487960878432875488866E-0032
  -9.09846851492255781349166787005471437         8.53579822952508903906111238655961550E-0033
  -9.10994894789584197383601611707259779         6.96085967851464479787457630160210220E-0033
  -9.12133946935084557821666200162316765         5.68407036682400675602803178087519138E-0033
  -9.13263996686772040529196835115493951         4.64769319886763849482555166753210214E-0033
  -9.14385032891511815891721624520798702         3.80540149693355614548443116593151198E-0033
  -9.15497044485129123752526110162145985         3.11998213014535026606319617400206905E-0033
  -9.16600020492518472350747961164156702         2.56150881959207356782972570776622444E-0033
  -9.17693950027751958181751318793151121         2.10588787837264682109722668928255868E-0033
  -9.18778822294186705710707501150286216         1.73369925509244345842109263106517658E-0033
  -9.19854626584571425878995469882388948         1.42927195565120096944755245325309474E-0033
  -9.20921352281152092351732620147245024         1.17994567343904163388515157878243017E-0033
  -9.21978988855776734463453993931508238         9.75480506387876844585909209908791603E-0034
  -9.23027525869999345827675849491062704         8.07584562480838891988886200359278434E-0034
  -9.24066952975182907584807560124150005         6.69535508560024134383106651122534111E-0034
  -9.25097259912601525271613977554600686         5.55877057152656271561716272156281998E-0034
  -9.26118436513541678304178592653966149         4.62175292057650048579108735820847178E-0034
  -9.27130472699402581075075972726058555         3.84822824882222555856531680418848760E-0034
  -9.28133358481795654674229963675990120         3.20881223782173269998128099858400722E-0034
  -9.29127083962643108251711930551559921         2.67954097669093885115351157828008754E-0034
  -9.30111639334275629049520784544571397         2.24084760555838176489744903930503190E-0034
  -9.31087014879529180138183621844537496         1.87673625330040144727152762178357826E-0034
  -9.32053200971840904902822392923655120         1.57411450119503148820675507001539962E-0034
  -9.33010188075344137332148042982384572         1.32225335634102783695580402581792124E-0034
  -9.33957966744962517172668928388862065         1.11234989558778667639516238965426097E-0034
  -9.34896527626503209019234932899937123         9.37172667237080426949746068747157627E-0035
  -9.35825861456749224421882494062741381         7.90773870878035536756942197019350255E-0035
  -9.36745959063550846097798617178728742         6.68255478814187399168980104319346998E-0035
  -9.37656811365916153346083814192908772         5.65578976799425905868172650745475966E-0035
  -9.38558409374100647771864670386477814         4.79410415025985548959126442527496647E-0035
  -9.39450744189695978435186325250436326         4.06994073951418606365005846808290589E-0035
  -9.40333807005717765549003467763085223         3.46049344213830252079943133953895942E-0035
  -9.41207589106692521859485402761516390         2.94686459662540704855064752839263073E-0035
  -9.42072081868743670850756256376942425         2.51337558444655343911430457561406910E-0035
  -9.42927276759676660925105366702155920         2.14700219785593185919451674229772576E-0035
  -9.43773165339063174718625262999223287         1.83691165999836824582729005612699442E-0035
  -9.44609739258324432721165284776599124         1.57408256242646435552229069969700185E-0035
  -9.45436990260813590378427742825358119         1.35099251238386995471900737912360349E-0035
  -9.46254910181897227862980489581270878         1.16136113230420111977539921617107361E-0035
  -9.47063490949035931709914757670128408         9.99938359266923869723262624261680872E-0036
  -9.47862724581863967521840054815836486         8.62329858693681673628757985467440934E-0036
  -9.48652603192268042956878681983907005         7.44852879418098614508063702029903852E-0036
  -9.49433118984465160222300981159084068         6.44417104703261586025552326272451043E-0036
  -9.50204264255079557305428630900386965         5.58426050685591041574815511382996652E-0036
  -9.50966031393218737182427103089588641         4.84695374227937415398181388173790057E-0036
  -9.51718412880548584254609684324888768         4.21385111804046679487383176464096620E-0036
  -9.52461401291367567270884161371252647         3.66943408449605383516994177022682075E-0036
  -9.53194989292680028003989283050313563         3.20059734104554881109113791293919481E-0036
  -9.53919169644268554957191351951529581         2.79625942492244501699904043849833572E-0036
  -9.54633935198765441387141679316648718         2.44703820111552754291746340160682699E-0036
  -9.55339278901723226937633066265297562         2.14498012157589524844552660468018791E-0036
  -9.56035193791684322188037864994877512         1.88333408114599609223675510643646025E-0036
  -9.56721673000249715429261435438426622         1.65636230390093705678317510635809111E-0036
  -9.57398709752146760989102856767423370         1.45918201180792591210886467926274687E-0036
  -9.58066297365296048437979489683384940         1.28763271057249744176176168205698182E-0036
  -9.58724429250877352015043325187312256         1.13816481816717475185954896249498833E-0036
  -9.59373098913394659623794908919035010         1.00774609475719638260809604113627516E-0036
  -9.60012299950740280755384907624626645         8.93782937002762748432765347612129887E-0037
  -9.60642026054258032706883996181089518         7.94054098230725720194255481441670615E-0037
  -9.61262271008805504470898600162808619         7.06654807670293886088028822912254072E-0037
  -9.61873028692815397682013040391545661         6.29949602312049235105420019731364679E-0037
  -9.62474293078355944014647702427915706         5.62532466633948043707537892998976305E-0037
  -9.63066058231190398436037905634479963         5.03193108803811641467888492714224725E-0037
  -9.63648318310835607727159083306903968         4.50888395506608723304427543205826394E-0037
  -9.64221067570619653693550617410102520         4.04718128222293632166360226454695793E-0037
  -9.64784300357738570497123108593775476         3.63904477315831395862749421920234919E-0037
  -9.65338011113312135549171914262748492         3.27774501396610907584988623114598083E-0037
  -9.65882194372438733413963364353199934         2.95745271927762572448836285670008900E-0037
  -9.66416844764249292181409075872747574         2.67311200202582593693089704546340997E-0037
  -9.66941957011960291776498142903463474         2.42033228181534270299512071648594476E-0037
  -9.67457525932925843682316588292361392         2.19529598466328978446588353316600534E-0037
  -9.67963546438688841562648236262130502         1.99467963667545244945321141758691170E-0037
  -9.68460013535031182279321011213247657         1.81558633079317255973719582084338724E-0037
  -9.68946922322023056808637496554425785         1.65548786133926227365138684208776170E-0037
  -9.69424267994071310570408307939774535         1.51217508585652303078510186258146908E-0037
  -9.69892045839966872692291357207940812         1.38371529608735194769099460817117954E-0037
  -9.70350251242931253741329315963336122         1.26841556687506330426958487366473259E-0037
  -9.70798879680662111463771440418314430         1.16479120908327475837068924950327851E-0037
  -9.71237926725377884083464301088250046         1.07153858515855371395922444654850763E-0037
  -9.71667388043861490718298781414528809         9.87511657724533598724143753441491208E-0038
  -9.72087259397503098483407877555428073         9.11701735944083101759953618235487636E-0038
  -9.72497536642341955859021256560637032         8.43219964115517670398002383198459456E-0038
  -9.72898215729107291910098121018769022         7.81282164413817938913317663182870052E-0038
  -9.73289292703258280954079594084429205         7.25195702799739379619811073242572933E-0038
  -9.73670763705023072282325488557882199         6.74348095531261265479250730386141425E-0038
  -9.74042624969436884550027866372394739         6.28197114790434868702598915051273216E-0038
  -9.74404872826379164458625139369796140         5.86262186830685202326861991951686778E-0038
  -9.74757503700609809363975517504056225         5.48116905716940650939218167807525088E-0038
  -9.75100514111804453452787285459460432         5.13382510981608302507419884423552866E-0038
  -9.75433900674588817139045591922281846         4.81722199032728751895506678162341229E-0038
  -9.75757660098572119341421076185877236         4.52836156498370718111870332729088693E-0038
  -9.76071789188379552311894643148149203         4.26457219355102371813117713274371451E-0038
  -9.76376284843683818695084938793548878         4.02347075074334451387789131465093023E-0038
  -9.76671144059235730507020482623355830         3.80292936471262399155668824174319024E-0038
  -9.76956363924893869731356889860767082         3.60104625746651397936078737594195158E-0038
  -9.77231941625653310240301073233929386         3.41612015616724761112148428185044684E-0038
  -9.77497874441673400756768660323615183         3.24662781638250312014925260803495361E-0038
  -9.77754159748304608583568006417407913         3.09120426030232054685772221299180852E-0038
  -9.78000795016114423834674033076085875         2.94862538619387185433560068410936226E-0038
  -9.78237777810912323912927587700651840         2.81779265120297872064248754878340589E-0038
  -9.78465105793773797987771007774704890         2.69771956910248541776031870544718455E-0038
  -9.78682776721063431235907993606169589         2.58751979864710525324388842554472264E-0038
  -9.78890788444457048617055653740410351         2.48639662760052798175177482350545958E-0038
  -9.79089138910962917966238596175969170         2.39363368291678173784662265376312958E-0038
  -9.79277826162942012193359104474903089         2.30858671955004192018682222693495968E-0038
  -9.79456848338127330390063669190971265         2.23067635941860908090154601214713833E-0038
  -9.79626203669642277653214350089410584         2.15938166857285761147137778279207094E-0038
  -9.79785890486018103443563531730868516         2.09423447496724908168984727149092917E-0038
  -9.79935907211210398307522512449863321         2.03481434171604706495484705066761112E-0038
  -9.80076252364614648799207942867803508         1.98074412158114365413032942787025919E-0038
  -9.80206924561080850449245313118293523         1.93168602792174450645057130774158685E-0038
  -9.80327922510927178636105386188477804         1.88733816562168779701875031459111015E-0038
  -9.80439245019952717225047596439857994         1.84743147276644236972448418186003228E-0038
  -9.80540890989449244849043885696668985         1.81172703021124802470045806844982884E-0038
  -9.80632859416212078715357142497658421         1.78001370178804476572847857307436023E-0038
  -9.80715149392549975830750251403889953         1.75210607284898397113105178936911826E-0038
  -9.80787760106294091547604656835583769         1.72784265923164891069725599814389619E-0038
  -9.80850690840805995342531207959146039         1.70708436263699558884121361919071459E-0038
  -9.80903940974984743748360785836092974         1.68971315190676505789885074246985931E-0038
  -9.80947509983273010369707729544537610         1.67563095283553562363141854424209193E-0038
  -9.80981397435662272921605282449625126         1.66475873200937186508237917079867162E-0038
  -9.81005602997697057240019081383274653         1.65703576277794410624060983914586339E-0038
  -9.81020126430478238222352018341447562         1.65241906388490441616496024542544680E-0038
  -9.81024967590665397665361524559550042         1.65088300354312316080829401806115718E-0038
