   5.19613960172497189444809361514409285                                            Infinity
   5.19608831792486929071016276688762060         30.6294334623621348416462335550715982      
   5.19598575083081448613932000823170753         15.3147923065896845515185028197279025      
   5.19583190145510329104546772656824757         10.2099455111762297291549942526724641      
   5.19562677131616693219242435175193350         7.65754730672276641029833596091853230      
   5.19537036243855706649473168281652708         6.12612853962800187592324781771066770      
   5.19506267735292579951014571077579519         5.10519949225695397470336554065392750      
   5.19470371909600070892502034976376227         4.37597885725075723898174969274076519      
   5.19429349121055487327909219234997334         3.82907598110411985131392855882578655      
   5.19383199774537190622547067551094849         3.40371827869114746819818034621665007      
   5.19331924325520599667093139491456255         3.06344219907567710256246804034958381      
   5.19275523280073695519090025037434879         2.78504366451597830202388212964330101      
   5.19213997194852026716280215808375300         2.55305328996710736879819586470807172      
   5.19147346677093215311072973911272660         2.35676150127448606217166760956401754      
   5.19075572384610963680366420225056309         2.18851860271309254410256509569681551      
   5.18998675025788562169875209626730699         2.04271481751097885638217833409575257      
   5.18916655359571897637040722575197059         1.91514281317647207372500076096065599      
   5.18829514195461962961526631963754449         1.80258521788636585642376338654473096      
   5.18737252393506867597227952617083486         1.70253963141138391583817655292926820      
   5.18639870864293349244646199632757215         1.61303047469676258474070409870552469      
   5.18537370568937786727407022347968626         1.53247728456866080785782636896118295      
   5.18429752519076714161619594453900226         1.45960063852445508126835642534747867      
   5.18317017776856836511699079095798646         1.39335373639841049537511543938149751      
   5.18199167454924546631194602107843328         1.33287183028848298246064379906958476      
   5.18076202716414943892085308268883356         1.27743429700142283627178801748948010      
   5.17948124774940354510926196068266273         1.22643581311105514959605201740749371      
   5.17814934894578353685143477390544075         1.17936418192618954020843398364603166      
   5.17676634389859289657696141224654643         1.13578308779899601851154553678141848      
   5.17533224625753309833236166449088975         1.09531854593873046361833564765454973      
   5.17384707017656889073814379422944719         1.05764815571227704595557022617615171      
   5.17231083031378860307092239019006516         1.02249250328458364439658977564067425      
   5.17072354183125947584931806376917082        0.989608228264175712979420701219430267      
   5.16908522039487801735146770552913675        0.958782390352637688581938783171699775      
   5.16739588217421538754106605931718897        0.929827860239644584610067986398336266      
   5.16565554384235781092793684294121489        0.902579523869459911111285860545170439      
   5.16386422257574201993819405363093264        0.876891137404606658276289753608212173      
   5.16202193605398573041810096059327952        0.852632706362261027704813904037783663      
   5.16012870245971315094476512176596790        0.829688289755556501962268316492753983      
   5.15818454047837552766582208346830044        0.807954150949420034490116910824091293      
   5.15618946929806672643925774629199439        0.787337193000126904653303785886333521      
   5.15414350860933385409349922468317505        0.767753628693923473816542377522726391      
   5.15204667860498292067686590782846270        0.749127845214145276279831975155269612      
   5.14989899997987954461441586243932250        0.731391430998747891569773901567205663      
   5.14770049393074470273914722077757243        0.714482338385160147621861985817406583      
   5.14545118215594552721341928691609352        0.698344160439931104533471044213578438      
   5.14315108685528115140534328810883517        0.682925504211091788683113563243555733      
   5.14080023072976360683375751377610674        0.668179445730209869713619378511180307      
   5.13839863698139377334424553971876419        0.654063054588651099742617300392909932      
   5.13594632931293238472747884768824327        0.640536977941809030992308317501914865      
   5.13344333192766609203996593849893966        0.627565075451593260135718970341710798      
   5.13088966952916858693606851883104857        0.615114098035820007983098128103532113      
   5.12828536732105678736890103631185912        0.603153404411792951636488316605706487      
   5.12563045100674208806646226318251411        0.591654710346394854427020143717819070      
   5.12292494678917667823805630488608771        0.580591866292962154802650198604544536      
   5.12016888137059492901474485551649825        0.569940659735174355211920809176633982      
   5.11736228195224985317623225675051666        0.559678639093429057018289653806281440      
   5.11450517623414463976521946039484619        0.549784956498391938095536041326756906      
   5.11159759241475926623887186701386815        0.540240227114700191326301703899558310      
   5.10863955919077219085562873451099872        0.531026403017387112174421379632217211      
   5.10563110575677712804413794152595183        0.522126659894433803119372851615635353      
   5.10257226180499490954962887185255866        0.513525295079066500416419106988049093      
   5.09946305752498043420153757881561405        0.505207635611664782074311871748571323      
   5.09630352360332470919467171398140104        0.497159955198905237421674935526111515      
   5.09309369122335198582464748430292636        0.489369399081558882758478649246663038      
   5.08983359206481199266674665768705095        0.481823915945933322071913723696471985      
   5.08652325830356726923572789117266177        0.474512196120413298119922826176758783      
   5.08316272261127560321248293087398968        0.467423615390498291920194035657532169      
   5.07975201815506757437175405131429398        0.460548183845330018811058435761299406      
   5.07629117859721920839342398679596832        0.453876499237762334215514372751168128      
   5.07278023809481974378815308237277906        0.447399704400077944817898048380567682      
   5.06921923129943451521636998046732253        0.441109448309787247109750144021693214      
   5.06560819335676295652782138518564902        0.434997850445642043815401808664479951      
   5.06194715990629172689705283421435904        0.429057468113982138692760262738487158      
   5.05823616708094296347832548246063248        0.423281266460588371835652308297286082      
   5.05447525150671766405157318725851961        0.417662590914007704982789761256967179      
   5.05066445030233420317906920729485727        0.412195141833412968031914535302812738      
   5.04680380107886198544050211202312460        0.406872951157948024187705205072546897      
   5.04289334193935023936215557119374364        0.401690360875605136414360586001018937      
   5.03893311147845195570384608154290153        0.396642003148343186347614199321691536      
   5.03492314878204297381519591630902541        0.391722781946691229654950660673546555      
   5.03086349342683621982070518010378144        0.386927856061757423473222584400490061      
   5.02675418547999110044093634413136233        0.382252623375608296344596023872924539      
   5.02259526549871805630493655257086014        0.377692706282596504728043509146251007      
   5.01838677452987827865679685822724898        0.373243938164569134026079335134080700      
   5.01412875410957859340698289280825055        0.368902350832133168015311863486909595      
   5.00982124626276151652676783326844376        0.364664162852420480123922587098376951      
   5.00546429350279048483175541983465975        0.360525768691195411344764354606211695      
   5.00105793883103026624809774323368945        0.356483728603783120089744621171121097      
   4.99660222573642255370258907832437188        0.352534759215253417937324177914320853      
   4.99209719819505674682535272922986647        0.348675724735648988277940281482100927      
   4.98754290066973592570133219801422831        0.344903628760865649610091030212279310      
   4.98293937810953802095425052620032342        0.341215606614134508859078169803324123      
   4.97828667594937218449411191764619330        0.337608918186973254877596330581171425      
   4.97358484010953036530668726456418625        0.334080941242012143385715044206191429      
   4.96883391699523409471074949828313604        0.330629165143299752196992546229593967      
   4.96403395349617648555610530564705120        0.327251184982590000026876956772359463      
   4.95918499698605944988270622407331510        0.323944696072736797774588034493664274      
   4.95428709532212613960831398705462784        0.320707488781704031606662794777615477      
   4.94934029684468861485934177151704624        0.317537443682861213996034156321847732      
   4.94434465037665074460659423362195314        0.314432526999201172348665275494934194      
   4.93930020522302634431468444545234507        0.311390786320905235315140322586004800      
   4.93420701117045255536091459713746919        0.308410346577311043447394669744615045      
   4.92906511848669847102636914338707966        0.305489406245823983315329681013713644      
   4.92387457792016901390888348663333564        0.302626233781669283137434327340942008      
   4.91863544069940406965441783798825970        0.299819164253620497395576163938672692      
   4.91334775853257288195018411946385491        0.297066596171972623941911233373758357      
   4.90801158360696371376964320429341951        0.294366988496064456121838929027668594      
   4.90262696858846877990620997514093330        0.291718857809603961068649905313042647      
   4.89719396662106445587917415138126346        0.289120775652920564904861912655661308      
   4.89171263132628676834196513585858025        0.286571366002066472906009616120067519      
   4.88618301680270217216945879846037504        0.284069302885422088859269749522360079      
   4.88060517762537361944754268885586448        0.281613308129134106768627015782090998      
   4.87497916884532192563462319472095334        0.279202149223334235725438026237395041      
   4.86930504598898243821117317609640488        0.276834637301656574669576721400915214      
   4.86358286505765701317978115310409326        0.274509625227096705259289767391101825      
   4.85781268252696130482447274549846197        0.272226005777739531574708693635572171      
   4.85199455534626737418433130139945687        0.269982709926329307227051062752876041      
   4.84612854093814162174264705250865897        0.267778705208067362920056190189293681      
   4.84021469719777804987897223815327160        0.265612994171403690728465356274439465      
   4.83425308249242686067755299516970096        0.263484612906940396434346383879430976      
   4.82824375566081839473164696000694714        0.261392629649890497207637927413686349      
   4.82218677601258241662921801912204753        0.259336143451836799652322635369613415      
   4.81608220332766275285142601992658034        0.257314282917814627043686952367780498      
   4.80993009785572728786119906395013543        0.255326205005000781278849911258281292      
   4.80373052031557332420498879379711949        0.253371093879530971193060928962565853      
   4.79748353189452831249656440373347372        0.251448159828190516103493796980963234      
   4.79118919424784595719739849876347999        0.249556638221929812279697538428943063      
   4.78484756949809770415383694782883514        0.247695788528348082345807210688269560      
   4.77845872023455961589682507284391605        0.245864893370467457654345725663514351      
   4.77202270951259464075548343681459145        0.244063257629285518122656310720815282      
   4.76553960085303028188128769199974380        0.242290207587748991012507476936864555      
   4.75900945824153167232500797428144746        0.240545090113935267330044800580165930      
   4.75243234612797006235390373452143956        0.238827271881362536456793298176436461      
   4.74580832942578672524194923420685062        0.237136138624474404282551665511460242      
   4.73913747351135228781108275423823947        0.235471094427461524906231251092974604      
   4.73241984422332149204662842600617006        0.233831561044691663113199099767920238      
   4.72565550786198339415513304726884520        0.232216977251121286213718089881307480      
   4.71884453118860700747789084672836411        0.230626798221156785404997830460867170      
   4.71198698142478239571839646617326534        0.229060494934522232642523181482457039      
   4.70508292625175722298686999380093386        0.227517553607773634812470154952043584      
   4.69813243380976876720983726367514494        0.225997475150177363501656392392027262      
   4.69113557269737140349752339166494019        0.224499774642743194538475158518434805      
   4.68409241197075956410652720574236060        0.223023980839270536067606333179037750      
   4.67700302114308618167988840692175809        0.221569635688330279690657726526170220      
   4.66986747018377662249123752578249723        0.220136293875164573988990532409615328      
   4.66268582951783811646423057846064478        0.218723522382542968784190793416751282      
   4.65545817002516469078291533590987307        0.217330900069666066289043430241488715      
   4.64818456303983761395305386246306311        0.215958017268257277316077698346334827      
   4.64086508034942135721873601628335574        0.214604475395029734900110280837748860      
   4.63349979419425508028286049785481382        0.213269886579759065923158832536075031      
   4.62608877726673964832423334657846260        0.211953873308233750668466355780099363      
   4.61863210271062018734813808383677093        0.210656068079393384111830517156404869      
   4.61112984412026418495126654827679870        0.209376113076001452068299548526686125      
   4.60358207553993514362586443093327260        0.208113659848233399368986429752253664      
   4.59598887146306179377184016025116329        0.206868369009592934699073769379397171      
   4.58835030683150287362940967685069705        0.205639909944599816396964674762773947      
   4.58066645703480748338860234248188520        0.204427960527720915125948362215382426      
   4.57293739790947102077563431521922064        0.203232206853043264224937880249733215      
   4.56516320573818670545976476243529322        0.202052342974213190313440103949855249      
   4.55734395724909269966778684406129989        0.200888070654189561790995361854750975      
   4.54947972961501483243676905140430264        0.199739099124381791026850597606207015      
   4.54157060045270493497905280237707390        0.198605144852764560940588747330274477      
   4.53361664782207479467682874416140735        0.197485931320581396307262765825935473      
   4.52561795022542573526685657155320060        0.196381188807268237197361896634520953      
   4.51757458660667383081906090674256730        0.195290654183246164321458366820970036      
   4.50948663635057076115582847801684493        0.194214070710249437007846901442036942      
   4.50135417928192031640184905553095496        0.193151187848871093219447605389333510      
   4.49317729566479055839728392730560626        0.192101761073023582640077236648774507      
   4.48495606620172164674991070417584898        0.191065551691026310040274007649547164      
   4.47669057203292933734468150546001455        0.190042326673045605120301366046458198      
   4.46838089473550416117184267534944485        0.189031858484625551951740407258273549      
   4.46002711632260629137739769189110504        0.188033924926060348225158366018484091      
   4.45162931924265610648225043517284786        0.187048308977370461285165009206788863      
   4.44318758637852045775884305891892448        0.186074798648655841408013664508363895      
   4.43470200104669464879650094092984398        0.185113186835609877623186689831474303      
   4.42617264699648013532901615420234719        0.184163271179987670092134993965748321      
   4.41759960840915795344024018447104321        0.183224853934831576096713365089736290      
   4.40898296989715788430561580443843833        0.182297741834265892625932720512530025      
   4.40032281650322336366965668401050541        0.181381745967680994185997885319675056      
   4.39161923369957214430138105413123987        0.180476681658135274951629930259813374      
   4.38287230738705271971162213481091850        0.179582368344810873345463848526550927      
   4.37408212389429651745797267197137487        0.178698629469366406760530288487085978      
   4.36524876997686587040487338989631236        0.177825292366036835271368161257609961      
   4.35637233281639777434802504429582850        0.176962188155337125402215702960388380      
   4.34745290001974344045389064400680989        0.176109151641232616754889710775861663      
   4.33849055961810365100655788670906589        0.175266021211644922868107217170949506      
   4.32948540006615992699565151611842566        0.174432638742167839383330780291943383      
   4.32043751024120151612032074612708609        0.173608849502873102770151415863586188      
   4.31134697944224820982557770333432631        0.172794502068090955959607639992371834      
   4.30221389738916899802842860621838158        0.171989448229055346848931967794015349      
   4.29303835422179657023231972055334740        0.171193542909308224590775348142339032      
   4.28382044049903767176941460112726846        0.170406644082761818940720610556722263      
   4.27456024719797932395112734477018163        0.169628612694322001093697044253989672      
   4.26525786571299091694815813540626739        0.168859312582979841128711951852457926      
   4.25591338785482218426201185541012443        0.168098610407282307529343601321845701      
   4.24652690584969706769062756694054062        0.167346375573096707810636497046774038      
   4.23709851233840348173130583097621644        0.166602480163586955081044513153227761      
   4.22762830037537898640459173018406876        0.165866798871323071916885734699455644      
   4.21811636342779237752315369508071045        0.165139208932448518269299049977457601      
   4.20856279537462120346999140264494495        0.164419590062832961858238833138458995      
   4.19896769050572521759050972492647808        0.163707824396141004815015563815340798      
   4.18933114352091577534310955547908522        0.163003796423750146001734650820606318      
   4.17965324952902118539296993771763540        0.162307392936453900880537355989643791      
   4.16993410404694802387362886654104936        0.161618502967888526097876511224390265      
   4.16017380299873842108081203865523718        0.160937017739624209831928036883747409      
   4.15037244271462332990270929474795327        0.160262830607863896859261314779300298      
   4.14053011993007178533055713569014855        0.159595837011695124374483696171065356      
   4.13064693178483616443295211385111109        0.158935934422842355714778586271759100      
   4.12072297582199345621679370891280200        0.158283022296869318913511312406275399      
   4.11075834998698255083713610566189938        0.157637002025782789804008551167894129      
   4.10075315262663755765751571045328440        0.156997776891991109357914185974009271      
   4.09070748248821716170151488562529084        0.156365252023572495997958484946448958      
   4.08062143871843002807542186027936977        0.155739334350809909494624230999498105      
   4.07049512086245626398085170561897699        0.155119932563950847269908918269314375      
   4.06032862886296494797510325851144771        0.154506957072152009837581265210798239      
   4.05012206305912773617584155406648813        0.153900319963570262885113842003004674      
   4.03987552418562855514541430373051289        0.153299934966562752163145623652359430      
   4.02958911337166939122873384753664876        0.152705717411960396756343398335221457      
   4.01926293213997218615718243653360018        0.152117584196380299182908134599627608      
   4.00889708240577684876942828380223684        0.151535453746543869690209191825657680      
   3.99849166647583539273837218057249818        0.150959245984568669533548419243881108      
   3.98804678704740221023167922944989924        0.150388882294203136274214312640427877      
   3.97756254720722049147148702228912218        0.149824285487974465426672050867513438      
   3.96703905043050480019692000941720487        0.149265379775220989228582493228582705      
   3.95647640057991981507097949428690578        0.148712090730981416903584591766701235      
   3.94587470190455524711121926878254726        0.148164345265714283439756850712356545      
   3.93523405903889694326135800583469104        0.147622071595821897428050855052466416      
   3.92455457700179418625862077523703427        0.147085199214953984618630488293095223      
   3.91383636119542320098914307409490638        0.146553658866067094199652350560325976      
   3.90307951740424687756121119465503261        0.146027382514216670944473442391428912      
   3.89228415179397072136345221984874647        0.145506303320059499796759917792581430      
   3.88145037091049504041232507220024867        0.144990355614045001584865765420693477      
   3.87057828167886338033040047728230878        0.144479474871274600726367416119040937      
   3.85966799140220721733395207212252616        0.143973597687009099286297546779896793      
   3.84871960776068691964531282635947096        0.143472661752804677813506584363953864      
   3.83773323881042898778228008501656196        0.142976605833258803166437021312334698      
   3.82670899298245958421357852301348881        0.142485369743347958165738447416118061      
   3.81564697908163436290601276049991219        0.141998894326339718438222278066658439      
   3.80454730628556460932545996332504440        0.141517121432262289257229240086140937      
   3.79341008414353970149026708402601681        0.141039993896915180504530755738884768      
   3.78223542257544590271192712623292514        0.140567455521405242000104889719352831      
   3.77102343187068149669411358098670137        0.140099451052192805248146888388630624      
   3.75977422268706827569725162982116139        0.139635926161633181970138960254151303      
   3.74848790604975939251179848028566213        0.139176827428999255440350726315798795      
   3.73716459335014358701929293963586972        0.138722102321971368371268375846481035      
   3.72580439634474579815601568749961793        0.138271699178581161647285514780775954      
   3.71440742715412417212977632528525009        0.137825567189596452272967903450882126      
   3.70297379826176347777591080684706858        0.137383656381334657154659363984894847      
   3.69150362251296493997403294041948299        0.136945917598892672408859462883128521      
   3.67999701311373250208243594610138124        0.136512302489781506397234732299147135      
   3.66845408362965552838228420730231386        0.136082763487954339209063294628739643      
   3.65687494798478795755887102070665830        0.135657253798217042404558684806561289      
   3.64525972046052391828224498069625854        0.135235727381010541029751192503614077      
   3.63360851569446981798442528509529689        0.134818138937554735725134445598191986      
   3.62192144867931291596523437494042767        0.134404443895344026663747581320370460      
   3.61019863476168639199347457819208593        0.133994598393984793536360412919676467      
   3.59844018964103092160476347343187930        0.133588559271365487298512589048963285      
   3.58664622936845276933182018326571512        0.133186284050150280333766980751532271      
   3.57481687034557841113736140809416352        0.132787730924587502478887544302687255      
   3.56295222932340569735402137993577802        0.132392858747624361391578188783018911      
   3.55105242340115156746985371500922899        0.132001627018319707395179720596127893      
   3.53911757002509632813200503581047877        0.131613995869546855566759428806154697      
   3.52714778698742450577506988258092644        0.131229926055978721789694058904433873      
   3.51514319242506228531444350557815349        0.130849378942347765099091163031229237      
   3.50310390481851154637868328977050947        0.130472316491973456224417753545884665      
   3.49103004299068050858847047993249710        0.130098701255550212081585284204006339      
   3.47892172610571099742323121518968229        0.129728496360188948377019633618239103      
   3.46677907366780234224982931754051180        0.129361665498705607737497584860358721      
   3.45460220552003191812098247958304932        0.128998172919150219138897082964804688      
   3.44239124184317234298417813453968677        0.128637983414570236130703354502923998      
   3.43014630315450534197487503977564933        0.128281062313002086686914585036605122      
   3.41786751030663229050067113755457394        0.127927375467685046693701028136568387      
   3.40555498448628144785589724911100056        0.127576889247491722336056005373688700      
   3.39320884721311189313875928672968152        0.127229570527569594186885340640052257      
   3.38082922033851417527569861103344700        0.126885386680188237840944970348296819      
   3.36841622604440768899007059586967734        0.126544305565786992672849327169976055      
   3.35596998684203478858455507097498076        0.126206295524218001925155564930097663      
   3.34349062557075165143890877406616173        0.125871325366179694033771616979971817      
   3.33097826539681590315674894138692459        0.125539364364835917050830503300391417      
   3.31843302981217101632701838242726248        0.125210382247616075399924441893211927      
   3.30585504263322749489762550508177237        0.124884349188191751158718968367841620      
   3.29324442799964085619047746764550410        0.124561235798625420766587331048751221      
   3.28060131037308642261873062065134943        0.124241013121687002651008312306360412      
   3.26792581453603093519856935269297786        0.123923652623334091901177102221442834      
   3.25521806559050100097919205928852586        0.123609126185351854930089031365840463      
   3.24247818895684838654593090293702960        0.123297406098148670191385972751871429      
   3.22970631037251216978256001739727270        0.122988465053703710583463075899765166      
   3.21690255589077776210985452265669705        0.122682276138662769304734808233938955      
   3.20406705187953281344834985302268430        0.122378812827578733739833180925133265      
   3.19119992502002001218401715441625560        0.122078048976293211571596852934959828      
   3.17830130230558679244621557462862802        0.121779958815455909838394916192127052      
   3.16537131104043196103780584955955267        0.121484516944178461196828462743030514      
   3.15241007883834925638771137803766319        0.121191698323819482308380411846372073      
   3.13941773362146785192649267767370261        0.120901478271897737143516283847351180      
   3.12639440361898981631565842546907733        0.120613832456130363182771884856927235      
   3.11334021736592454299147091195426193        0.120328736888593201082663652517139654      
   3.10025530370182016151391538003447842        0.120046167920000348452601497981004965      
   3.08713979176949194324129108425797573        0.119766102234100136041899380104058704      
   3.07399381101374771388054669889602446        0.119488516842184799944872718026010574      
   3.06081749118011028549302363125387221        0.119213389077711196475296593360919944      
   3.04761096231353692056468756846134703        0.118940696591029977214712161342042878      
   3.03437435475713584077922091128889567        0.118670417344220710474988189236327734      
   3.02110779915087979316151633819616074        0.118402529606030502104297020518779501      
   3.00781142643031668628815430897343475        0.118137011946913733274830794955505465      
   2.99448536782527730929036457334300114        0.117873843234170595685300616301452958      
   2.98112975485858014640376341034596159        0.117613002627182165554315842539666370      
   2.96774471934473329984782410508845803        0.117354469572739816932663301741051877      
   2.95433039338863353384657778753964279        0.117098223800466832281658981954348938      
   2.94088690938426245263045493188776633        0.116844245318330124007405521377895040      
   2.92741440001337982528746426404381468        0.116592514408240034761232433269311572      
   2.91391299824421407036006527005839264        0.116343011621736236867171664283183248      
   2.90038283733014991311212266156464931        0.116095717775757802268526762624339231      
   2.88682405080841322841823575921186239        0.115850613948495563946147520821898410      
   2.87323677249875308225551252600365531        0.115607681475324937897929544779644464      
   2.85962113650212098480550664535616399        0.115366901944817421527679489285901536      
   2.84597727719934736820155632066372150        0.115128257194829029715597734245331369      
   2.83230532924981530198415510258863636        0.114891729308663973974483584773961270      
   2.81860542759013145935424775683315975        0.114657300611311932976150354948190958      
   2.80487770743279434734147769973380586        0.114424953665757304400825116653340682      
   2.79112230426485981403141658384399337        0.114194671269358868556519189348551591      
   2.77733935384660384602268094422139407        0.113966436450298333572202802352724842      
   2.76352899221018266931158515317263421        0.113740232464096270223555276983891791      
   2.74969135565829016682859401277429204        0.113516042790193981637334236693645454      
   2.73582658076281262587732187791520604        0.113293851128599889273091621224161692      
   2.72193480436348082875317798650890906        0.113073641396599051731015879821355559      
   2.70801616356651949984497941781516330        0.112855397725524467112972692668680035      
   2.69407079574329412254894354568809684        0.112639104457588842900183587739663916      
   2.68009883852895513935043074353310139        0.112424746142775549634252398241688372      
   2.66610042982107954845463517560177865        0.112212307535787506126286714742052000      
   2.65207570777830991037311652008087210        0.112001773593052774498597209281901546      
   2.63802481081899077789862815963802836        0.111793129469785673110926510587996278      
   2.62394787761980256292612749238083558        0.111586360517102244363530973669536949      
   2.60984504711439285360315130958102924        0.111381452279188942527049481499292477      
   2.59571645849200519531790340633885317        0.111178390490523434147476137260932400      
   2.58156225119610534905843248925269813        0.110977161073146430236466552165748020      
   2.56738256492300504070117577407140378        0.110777750133983495404661763289183584      
   2.55317753962048321481190718051447525        0.110580143962215804350000824159778011      
   2.53894731548640480656675848654297204        0.110384329026698840694709484405132252      
   2.52469203296733704542547695726827105        0.110190291973428057093724955996387125      
   2.51041183275716330421344357263996574        0.109998019623050538833026270495419452      
   2.49610685579569450729320180262846457        0.109807498968421735817343570646309814      
   2.48177724326727811153033767971334080        0.109618717172206349931073888970264009      
   2.46742313659940467378250745833860951        0.109431661564522486261411325318495878      
   2.45304467746131201866422919316939220        0.109246319640628197615621875042143182      
   2.43864200776258702036373887738670018        0.109062679058649572161432903025104475      
   2.42421526965176501231176012513369897        0.108880727637349533886518228823558467      
   2.40976460551492683852544852616522142        0.108700453353936544925392305762724148      
   2.39529015797429356047404751468401463        0.108521844341912417654545283640577151      
   2.38079206988681883333593164855041243        0.108344888888958462823749773744180652      
   2.36627048434277896553971536115359940        0.108169575434859217887091657320268450      
   2.35172554466436067550497029921036398        0.107995892569463017134925450684938957      
   2.33715739440424655952082206994238829        0.107823829030678682220711074568556440      
   2.32256617734419828472328736616228962        0.107653373702507628237226660077838400      
   2.30795203749363752115466479481634614        0.107484515613110696637250209990230567      
   2.29331511908822462691060708189226005        0.107317243932909042026359514438881821      
   2.27865556658843510040267844406994782        0.107151547972718415191544616590564471      
   2.26397352467813381378623858620277291        0.106987417181916199680034606595426645      
   2.24926913826314704162539378616308523        0.106824841146640573818941174610402790      
   2.23454255246983229888851564863493025        0.106663809588021184278513605312804174      
   2.21979391264364600238944913232491414        0.106504312360440731140161136202278234      
   2.20502336434770896981101316739851786        0.106346339449826877944795892525986169      
   2.19023105336136977046873936971797286        0.106189880971973913377050016182752660      
   2.17541712567876594199399681502022732        0.106034927170893604095801145827708049      
   2.16058172750738308713671335026993209        0.105881468417194690760197660753423121      
   2.14572500526661186490882628317419929        0.105729495206490491531734469018262804      
   2.13084710558630289031037729775790464        0.105578998157834089265354743331380043      
   2.11594817530531955690080788886043073        0.105429968012180590244252386315795296      
   2.10102836147008879649851228770432118        0.105282395630875953671988304207269162      
   2.08608781133314979031206456196986628        0.105136271994171902219437627198890135      
   2.07112667235170064582675511614503548        0.104991588199766434740452087813886492      
   2.05614509218614305379014899175859668        0.104848335461369472826226978502151428      
   2.04114321869862493966031397429208640        0.104706505107293183171265648325586084      
   2.02612119995158112390016035734710821        0.104566088579066527780388575928110576      
   2.01107918420627200552098609966106517        0.104427077430073603863089605512690657      
   1.99601731992132028329783084286059222        0.104289463324215344845155084886444749      
   1.98093575575124572909860964486457825        0.104153238034594163284099976743487608      
   1.96583464054499802778822213444940318        0.104018393442221125610723583050433182      
   1.95071412334448769818791491692631324        0.103884921534745257539854690152743363      
   1.93557435338311510958911427082196896        0.103752814405204587704879002930931307      
   1.92041548008429760833974228397565368        0.103622064250798545578492348479989679      
   1.90523765305999476903968239906046832        0.103492663371681338051712564042909367      
   1.89004102210923178490056968910526366        0.103364604169775937159767192114070916      
   1.87482573721662101184344688045921808        0.103237879147608319372158617481728998      
   1.85959194855088168092604900253985729        0.103112480907161604609952935122381930      
   1.84433980646335779370955739079554540        0.102988402148749750720962352965497988      
   1.82906946148653421519259742317391002        0.102865635669910466537675325542150601      
   1.81378106433255097895804365402050949        0.102744174364317013868083465431245733      
   1.79847476589171581919584074716412851        0.102624011220708575830380863163797280      
   1.78315071723101494428254862783004298        0.102505139321838875843166716717548454      
   1.76780906959262206661567539824229308        0.102387551843442738327442617900389454      
   1.75244997439240570341807162304233912        0.102271242053220288769421215917336245      
   1.73707358321843476324472441810814890        0.102156203309838497237899895138167024      
   1.72168004782948243294120920158174502        0.102042429061949775750538531718048120      
   1.70626952015352837981983082191671607        0.101929912847227346043545019469868066      
   1.69084215228625928383611389898888277        0.101818648291417100322643745453789225      
   1.67539809648956771456478443666046249        0.101708629107405683463308347570906160      
   1.65993750519004936779072092597774326        0.101599849094304530888511877897352775      
   1.64446053097749867654654309618317187        0.101492302136549601986022034743753937      
   1.62896732660340281144455002614674398        0.101385982203016554437792505949568434      
   1.61345804497943408516661634332521330        0.101280883346151110224431524039055412      
   1.59793283917594077599140555404381631        0.101176999701114369341137727038253749      
   1.58239186242043638525386301231467871        0.101074325484942832420870607797913986      
   1.56683526809608734364740749055889995        0.100972854995722898508776987877546140      
   1.55126320974019918129454961193659789        0.100872582611779609171856768117730596      
   1.53567584104270117652682738941427836        0.100773502790879414962275661597881420      
   1.52007331584462949832996364156916720        0.100675610069446744984301227145914946      
   1.50445578813660885742501697125825862        0.100578899061794164946161559807983619      
   1.48882341205733268097101715393537073        0.100483364459365913611744600129310186      
   1.47317634189204182588914704231024770        0.100389001029994612005444274588420961      
   1.45751473207100184582295630939728165        0.100295803617170944069026586290565952      
   1.44183873716797882676336738044644957        0.100203767139326111724480216946710200      
   1.42614851189871380638136060489671208        0.100112886589126871463716798549013559      
   1.41044421111939579212520395291772232        0.100023157032782963666920943040592463      
   1.39472598982513339315292214934958000         9.99345736093667498484868732923061793E-0002
   1.37899400314842508118438104441975533         9.98471315301448769449285913826943965E-0002
   1.36324840635762809537089503048640270         9.97608260779217915949711346391210375E-0002
   1.34748935485542600629364831367251791         9.96756526063949311202260625911847988E-0002
   1.33171700417729495421545470653106609         9.95916065395214215973781693225662139E-0002
   1.31593150998996857672346519220443129         9.95086833708961170215661341779790383E-0002
   1.30013302808990164091336769277272706         9.94268786631408170974828042000354509E-0002
   1.28432171440173239527840912695972371         9.93461880473045046614596390658192663E-0002
   1.26849772497674365647920583889306279         9.92666072222744471361977099638962556E-0002
   1.25266121599132264618279469548492390         9.91881319541980097515835950173615705E-0002
   1.23681234374541959317171346197644692         9.91107580759150315318588132897430940E-0002
   1.22095126466100511593608535151958396         9.90344814864006182529307863988393615E-0002
   1.20507813528052640097371878507992013         9.89592981502182097154160657050973907E-0002
   1.18919311226536219203511927364155698         9.88852040969827817606479008982117926E-0002
   1.17329635239427660556204582837150882         9.88121954208340464798773146470524688E-0002
   1.15738801256187178757982930023177321         9.87402682799195170327299337643737342E-0002
   1.14146824977703942731510443417292729         9.86694188958873064010943160761997194E-0002
   1.12553722116141114282189108165113155         9.85996435533885322604210145406366578E-0002
   1.10959508394780775391009283741556925         9.85309385995892029532809655687891276E-0002
   1.09364199547868745768146324243919243         9.84633004436914623013100098034874556E-0002
   1.07767811320459292198892051612547265         9.83967255564640736926646431866965071E-0002
   1.06170359468259731214577144062185340         9.83312104697820265341127344775533467E-0002
   1.04571859757474926622193341280285299         9.82667517761751507611322029881196516E-0002
   1.02972327964651683427462070134121845         9.82033461283856276571116639019886827E-0002
   1.01371779876523039687118649484728036         9.81409902389342877451326723099379774E-0002
  0.997702312898524578271886301402557497         9.80796808796955889840288298496732296E-0002
  0.981676980112779169650250560517712096         9.80194148814811709256014069109301055E-0002
  0.965641958571559077738524857678054689         9.79601891336318828731371560006591051E-0002
  0.949597406534053314295254792770732486         9.79020005836181864238094148006953672E-0002
  0.933543482353513041801559251884234155         9.78448462366488350802118155034592580E-0002
  0.917480344475688690801950473800431612         9.77887231552877358802146712665296939E-0002
  0.901408151437266164314721796030222853         9.77336284590789002205641869805735359E-0002
  0.885327061864302144745934220045945360         9.76795593241793932391585502148284193E-0002
  0.869237234470658518749890862509418776         9.76265129830001932747055948514056811E-0002
  0.853138828056435935487693871359628597         9.75744867238548750414460189926796067E-0002
  0.837032001506406513744031396688793630         9.75234778906160322417456596185426467E-0002
  0.820916913788445713370742631985080228         9.74734838823793573915319230660610514E-0002
  0.804793723951963386533956698645747764         9.74245021531352986536658445648348994E-0002
  0.788662591126334024249696154263975804         9.73765302114482154632765395956029582E-0002
  0.772523674519326213700778083171619767         9.73295656201429566876951514729556552E-0002
  0.756377133415531321835634997692485180         9.72836059959987869927494774056114967E-0002
  0.740223127174791420757314063649596249         9.72386490094505889876400353480618316E-0002
  0.724061815230626470418396388508157915         9.71946923842972705932187850268821046E-0002
  0.707893357088660774144908201267172589         9.71517338974173089240225180934792532E-0002
  0.691717912325048722519472637491888511         9.71097713784913637936481698534661590E-0002
  0.675535640584899841160974449873483293         9.70688027097318957467561528860831077E-0002
  0.659346701580703157944880225091467365         9.70288258256197252898950058266600585E-0002
  0.643151255090750905215073533731528309         9.69898387126474717381869435997830846E-0002
  0.626949460957561572544627805284342812         9.69518394090698118164165126105896580E-0002
  0.610741479086302325609349540041557465         9.69148260046604998519276275495964595E-0002
  0.594527469443210806744180680751274626         9.68787966404760930736492630119666541E-0002
  0.578307592054016332758651507450746048         9.68437495086263271872162146176321695E-0002
  0.562082007002360505593524228728949469         9.68096828520510890311960151933705589E-0002
  0.545850874428217251406562463073950117         9.67765949643039347345322388804874739E-0002
  0.529614354526312303681002977734908584         9.67444841893421033911129502559890069E-0002
  0.513372607544542145955793324000219691         9.67133489213229778445051930226951406E-0002
  0.497125793782392429781992322804318487         9.66831876044069457349861098797419270E-0002
  0.480874073589355883514909660488621364         9.66539987325666155026625645237437115E-0002
  0.464617607363349727556586100239102401         9.66257808494023435653084561518079731E-0002
  0.448356555549132611668086950607080740         9.65985325479640303981575207217813137E-0002
  0.432091078636721089975798410514722062         9.65722524705791447358556770185285506E-0002
  0.415821337159805649300479183697883740         9.65469393086869365946787435546620368E-0002
  0.399547491694166306442228279613529256         9.65225918026788012765282689279697273E-0002
  0.383269702856087790058784148926630473         9.64992087417447579656920531831158080E-0002
  0.366988131300774322778670197804770152         9.64767889637260079654509052028472531E-0002
  0.350702937720764019194647245923140859         9.64553313549735390448762534508761747E-0002
  0.334414282844342915386724599377743444         9.64348348502127437771344429351252611E-0002
  0.318122327433958645627618064203503637         9.64152984324140211498263175828577897E-0002
  0.301827232284633781927025393004519594         9.63967211326693321158720789264073852E-0002
  0.285529158222378852074417301958111058         9.63791020300746811307224640468551338E-0002
  0.269228266102605051843215285310262582         9.63624402516184970887532821962592012E-0002
  0.252924716808536667022245958120312245         9.63467349720758884290911081346177721E-0002
  0.236618671249623220943225545645955794         9.63319854139087485293280827854217256E-0002
  0.220310290359951363175737381120318786         9.63181908471716888451130408559310826E-0002
  0.203999735096656515063719846021980795         9.63053505894237785849496568142077650E-0002
  0.187687166438334287779882063063693334         9.62934640056460710331806945735228372E-0002
  0.171372745383451688576709808340394359         9.62825305081648979505773815516724579E-0002
  0.155056632948758130914814523223160212         9.62725495565809147916671865698066046E-0002
  0.138738990167696264151313958031423858         9.62635206577038807814010689505141425E-0002
  0.122419978088812638472713849157019906         9.62554433654931591914584701767282225E-0002
  0.106099757774168220758386101573924429         9.62483172810039244488877634420839483E-0002
   8.97784902977487770622102034983180446E-0002   9.62421420523390639973515742896027203E-0002
   7.34563367438751374012610248440377742E-0002   9.62369173746067641144577924592567689E-0002
   5.71334582056133585415877330561428117E-0002   9.62326429898837701679733567265765680E-0002
   4.08100157831848004721352874357300311E-0002   9.62293186871843130696020947171654129E-0002
   2.44861705823761322587118362563851030E-0002   9.62269443024346949579213064485146538E-0002
   8.16208371294928297060233140916510069E-0003   9.62255197184535284124740906950864194E-0002
  -8.16208371294864662702921388022725001E-0003   9.62250448649376247693639968270758053E-0002
  -2.44861705823754959214191728918238835E-0002   9.62255197184535283754527264454923116E-0002
  -4.08100157831841641474034704143750065E-0002   9.62269443024346948838767509782590540E-0002
  -5.71334582056127222356970305863411481E-0002   9.62293186871843129585306938641196911E-0002
  -7.34563367438745011204915191799424889E-0002   9.62326429898837700198696286975137005E-0002
  -8.97784902977481408128417289580115238E-0002   9.62369173746067639293144271696725378E-0002
 -0.106099757774167584546698182559988926         9.62421420523390637751594324832469754E-0002
 -0.122419978088812002304985638180166953         9.62483172810039241896358755900047885E-0002
 -0.138738990167695628033824173737793897         9.62554433654931588951340351555821568E-0002
 -0.155056632948757494853841388425904339         9.62635206577038804479894524998456610E-0002
 -0.171372745383451052578530988056149856         9.62725495565809144211519195279513225E-0002
 -0.187687166438333651850774602554564414         9.62825305081648975429401578698876571E-0002
 -0.203999735096655879209960108843635832         9.62934640056460705884013691078997335E-0002
 -0.220310290359950727403600987176816094         9.63053505894237781030062428948695008E-0002
 -0.236618671249622585258987309251908480         9.63181908471716883259817076329701319E-0002
 -0.252924716808536031432179826071004402         9.63319854139087479729831523509800938E-0002
 -0.269228266102604416353594274960327282         9.63467349720758878355050524204625290E-0002
 -0.285529158222378216691513439309381446         9.63624402516184964578967196461549699E-0002
 -0.301827232284633146657109650803664534         9.63791020300746804625641560629841542E-0002
 -0.318122327433958010476960300050058214         9.63967211326693314103789260890359799E-0002
 -0.334414282844342280361593493843145980         9.64152984324140204069633556423966081E-0002
 -0.350702937720763384301310240681386209         9.64348348502127429968648385756785144E-0002
 -0.366988131300773688023393433775290641         9.64553313549735382271612998243226733E-0002
 -0.383269702856087155447832404430014792         9.64767889637260071102500172324434334E-0002
 -0.399547491694165671981864908540689884         9.64992087417447570729627626355576596E-0002
 -0.415821337159805014996966053693282353         9.65225918026788003462262192527970745E-0002
 -0.432091078636720455835395841174263892         9.65469393086869356267576844898351235E-0002
 -0.448356555549131977697053651691287662         9.65722524705791437302674589609517494E-0002
 -0.464617607363349093761179109902174422         9.65985325479640293548520888614949238E-0002
 -0.480874073589355249901384283523996200         9.66257808494023424842338443685131973E-0002
 -0.497125793782391796356602068907338214         9.66539987325666143837648890442704595E-0002
 -0.513372607544541512724789846048514893         9.66831876044069445782095626950125784E-0002
 -0.529614354526311670650636010087108496         9.67133489213229766497920350626812224E-0002
 -0.545850874428216618583079759887326582         9.67444841893421021584035043210995922E-0002
 -0.562082007002359872983171502296609423         9.67765949643039334637648823277708942E-0002
 -0.578307592054015700367672366558967067         9.68096828520510877223071723758522208E-0002
 -0.594527469443210174578816569057610755         9.68437495086263258401403490750521315E-0002
 -0.610741479086301693675839674474308820         9.68787966404760916883188694111209716E-0002
 -0.626949460957560940849209114464003690         9.69148260046604984282732233724258239E-0002
 -0.643151255090750273763980596414819918         9.69518394090698103543666295880975355E-0002
 -0.659346701580702526744345208638561442         9.69898387126474702376681188898043056E-0002
 -0.675535640584899210217227048739027617         9.70288258256197237508317729334373732E-0002
 -0.691717912325048091838740011740436357         9.70688027097318941690710323195466901E-0002
 -0.707893357088660143733414915113628564         9.71097713784913621772616595260463793E-0002
 -0.724061815230625840282364348883840015         9.71517338974173072688530834522182659E-0002
 -0.740223127174790790902962458794528116         9.71946923842972688991828489185441392E-0002
 -0.756377133415530692269180235774517912         9.72386490094505872546519676148751091E-0002
 -0.772523674519325584428433730932993512         9.72836059959987852207215842092074687E-0002
 -0.788662591126333395277672875695924432         9.73295656201429548765376643440024344E-0002
 -0.804793723951962757868462193691752232         9.73765302114482136128976042065607896E-0002
 -0.820916913788445085017981575273377011         9.74245021531352967639715092231905961E-0002
 -0.837032001506405885710205376294740364         9.74734838823793554624261269253275814E-0002
 -0.853138828056435307779001327598533696         9.75234778906160302731302206042366756E-0002
 -0.869237234470657891372527026760438126         9.75744867238548730332206214404172192E-0002
 -0.885327061864301517706091053607649781         9.76265129830001912267677768541812246E-0002
 -0.901408151437265537618587929008439424         9.76795593241793911514036906764658075E-0002
 -0.917480344475688064455711144028963125         9.77336284590788980928854923722626388E-0002
 -0.933543482353512415811396243879058840         9.77887231552877337125031620832818850E-0002
 -0.949597406534052688667346376718287204         9.78448462366488328723563124172372419E-0002
 -0.965641958571558452479045728458200854         9.79020005836181841756965245068915895E-0002
 -0.981676980112778544765371776761991657         9.79601891336318805846512567545148973E-0002
 -0.997702312898523953767775224588334972         9.80194148814811685966246337504050211E-0002
  -1.01371779876522977275400672842837469         9.80796808796955866144410595011885524E-0002
  -1.02972327964651621055053202991562528         9.81409902389342853348115077733334387E-0002
  -1.04571859757474864289709174131815798         9.82033461283856252059324187109424445E-0002
  -1.06170359468259668922632873361893521         9.82667517761751482689678851421942255E-0002
  -1.07767811320459229948102473702109708         9.83312104697820240008340300419383457E-0002
  -1.09364199547868683559125829284809454         9.83967255564640711181398995556274191E-0002
  -1.10959508394780713224371849651262539         9.84633004436914596854052186232263993E-0002
  -1.12553722116141052158548294557421811         9.85309385995892002958597453159572429E-0002
  -1.14146824977703880651479385546706334         9.85996435533885295613445927515916547E-0002
  -1.15738801256187116722174332733514611         9.86694188958873036602215112230524925E-0002
  -1.17329635239427598565230714514397993         9.87402682799195142499171367731380987E-0002
  -1.18919311226536157257984613893624343         9.88121954208340436549784700533189329E-0002
  -1.20507813528052578197902497235845095         9.88852040969827788935144876356324454E-0002
  -1.22095126466100449740808008851162215         9.89592981502182068058970775218626044E-0002
  -1.23681234374541897511650137038408258         9.90344814864006153008727118972184295E-0002
  -1.25266121599132202860647573073251666         9.91107580759150285371056155836513323E-0002
  -1.26849772497674303938787522992314879         9.91881319541980067139766910028033175E-0002
  -1.28432171440173177867815731607556479         9.92666072222744440555759491970190627E-0002
  -1.30013302808990102481028027552810429         9.93461880473045015376592822431980243E-0002
  -1.31593150998996796112362285734127424         9.94268786631408139303375012356854683E-0002
  -1.33171700417729433912493317596550938         9.95086833708961138109069018714769667E-0002
  -1.34748935485542539171851828252997924         9.95916065395214183430333686125328339E-0002
  -1.36324840635762748131722210718627186         9.96756526063949278220213753882585642E-0002
  -1.37899400314842446765822569081028817         9.97608260779217882527295402324219268E-0002
  -1.39472598982513278016033962089358763         9.98471315301448735584703424136470545E-0002
  -1.41044421111939517967224423892964395         9.99345736093667464176294712895569975E-0002
  -1.42614851189871319447406836883166197        0.100023157032782960191479113509619325      
  -1.44183873716797821540778190024183007        0.100112886589126867943502465609887096      
  -1.45751473207100123502511141786754756        0.100203767139326108159302477513323876      
  -1.47317634189204121565507106759541287        0.100295803617170940458691683784506762      
  -1.48882341205733207130673286000384286        0.100389001029994608349755572180505113      
  -1.50445578813660824833654149846458961        0.100483364459365909910502553501656425      
  -1.52007331584462888982330844726730846        0.100578899061794161199163689429343121      
  -1.53567584104270056860799818862692264        0.100675610069446741191342090052819070      
  -1.55126320974019857396954631808119700        0.100773502790879411123146822674007985      
  -1.56683526809608673692222415623094134        0.100872582611779605286346770863725032      
  -1.58239186242043577913448777012880658        0.100972854995722894576671324663366367      
  -1.59793283917594017048382055753338003        0.101074325484942828441951689589596720      
  -1.61345804497943348027679770790082732        0.101176999701114365315184852590825009      
  -1.62896732660340220717846777011444006        0.101280883346151106151220848547129235      
  -1.64446053097749807291016108182273152        0.101385982203016550317097009146995797      
  -1.65993750519004876478999680068178185        0.101492302136549597817611488443496891      
  -1.67539809648956711220566957413485609        0.101599849094304526672152812962568668      
  -1.69084215228625868212455334051511146        0.101708629107405679198764020308031975      
  -1.70626952015352777876176321767670825        0.101818648291417096009674103418217354      
  -1.72168004782948183254256675204579576        0.101929912847227341681906666674601294      
  -1.73707358321843416351143281548649774        0.102042429061949771339984693235513713      
  -1.75244997439240510435604999280097867        0.102156203309838492778180381085157675      
  -1.76780906959262146823083624068359201        0.102271242053220284260282384812828225      
  -1.78315071723101434658079775973875385        0.102387551843442733768627339385766085      
  -1.79847476589171522218307724351936011        0.102505139321838871234414333628530510      
  -1.81378106433255038264015978977424025        0.102624011220708571171427152943149198      
  -1.82906946148653361957547861509661098        0.102744174364317009158660600871089122      
  -1.84433980646335719879908213938949351        0.102865635669910461777511834844474256      
  -1.85959194855088108672808883402070902        0.102988402148749745909783079109204454      
  -1.87482573721662041836386628880641502        0.103112480907161599747478994524957039      
  -1.89004102210923119214522607818184729        0.103237879147608314458107357943360857      
  -1.90523765305999417701442602480286436        0.103364604169775932193852150031778645      
  -1.92041548008429701705041619665401100        0.103492663371681333033643420881970059      
  -1.93557435338311451904155425737161127        0.103622064250798540507974886489673454      
  -1.95071412334448710838794944335087882        0.103752814405204582581615060091269515      
  -1.96583464054499743874167228829623729        0.103884921534745252363542114338763351      
  -1.98093575575124514081128907777294945        0.104018393442221120381056185399994710      
  -1.99601731992131969577554571318329873        0.104153238034594158000767484214550234      
  -2.01107918420627141876953501515999505        0.104289463324215339507843091989283095      
  -2.02612119995158053792533431796332123        0.104427077430073598471479525202254436      
  -2.04114321869862435446789631499098312        0.104566088579066522334157589641397898      
  -2.05614509218614246938591532545073905        0.104706505107293177670086655148563813      
  -2.07112667235170006221647327668317569        0.104848335461369467269768543450411952      
  -2.08608781133314920750149454722275782        0.104991588199766429128378389210879141      
  -2.10102836147008821449340620270786327        0.105136271994171896551408403135204147      
  -2.11594817530531897570690988904671595        0.105282395630875947947658798064076927      
  -2.13084710558630230993342353226272190        0.105429968012180584463273291335185987      
  -2.14572500526661128535454483822355929        0.105578998157834083427372146215926402      
  -2.16058172750738250841082419264616760        0.105729495206490485636389792541767315      
  -2.17541712567876536410221173560823176        0.105881468417194684807127605364383195      
  -2.19023105336136919341676192713212613        0.106034927170893598084637630226623269      
  -2.20502336434770839360453863169087060        0.106189880971973907307420116853970523      
  -2.21979391264364542703416442877517085        0.106346339449826871816321782204344776      
  -2.23454255246983172439009930162278829        0.106504312360440724952460021254357209      
  -2.24926913826314646798951586312349777        0.106663809588021178031197662012134578      
  -2.26397352467813324101856064166466670        0.106824841146640567511617484285516535      
  -2.27865556658843452850885346377897005        0.106987417181916193312305089629142820      
  -2.29331511908822405589627942701808736        0.107151547972718408763005965248415424      
  -2.30795203749363695102547014624512323        0.107317243932909035536603124504074312      
  -2.32256617734419771548485266887472943        0.107484515613110690085862111182016872      
  -2.33715739440424599117876547747809979        0.107653373702507621623787445229639135      
  -2.35172554466436010806490111821894551        0.107823829030678675544795827541629659      
  -2.36627048434277839900723399603304324        0.107995892569463010396103672992828849      
  -2.38079206988681826771662954617337881        0.108169575434859211084927193438692049      
  -2.39529015797429299577350710921250159        0.108344888888958455957800735080420001      
  -2.40976460551492627474924318395420119        0.108521844341912410724363971135839640      
  -2.42421526965176444946545408972423608        0.108700453353936537930525131100311873      
  -2.43864200776258645845288721458911716        0.108880727637349526826505634215050936      
  -2.45304467746131145769437773623701534        0.109062679058649565035809279546104160      
  -2.46742313659940411375919275323262563        0.109246319640628190423915479488463275      
  -2.48177724326727755245908693045933257        0.109431661564522479003144195552980622      
  -2.49610685579569394917953281676513088        0.109618717172206342605761757729725114      
  -2.51041183275716274706286470676059595        0.109807498968421728424495777777337645      
  -2.52469203296733648924348706265548092        0.109998019623050531372145673587082340      
  -2.53894731548640425135884685489726938        0.110190291973428049564307839377068941      
  -2.55317753962048266058355348977716187        0.110384329026698833096245466469972318      
  -2.56738256492300448745785003434236880        0.110580143962215796681972762994373136      
  -2.58156225119610479680559498880362758        0.110777750133983487666545660554383735      
  -2.59571645849200464406100465772238526        0.110977161073146422427731455207528290      
  -2.60984504711439230334763199583640137        0.111178390490523426267584039408451211      
  -2.62394787761980201367741841333653271        0.111381452279188934575455220513350018      
  -2.63802481081899022966215017831198828        0.111586360517102236339682128302727773      
  -2.65207570777830936315428050917874820        0.111793129469785665014263295216903998      
  -2.66610042982107900225884196411381846        0.112001773593052766328552366570713087      
  -2.68009883852895459418307106343013917        0.112212307535787497882285406295970393      
  -2.69407079574329357841539797871720770        0.112424746142775541315712093207498361      
  -2.70801616356651895675061834239549537        0.112639104457588834506513949309750736      
  -2.72193480436348028670336152472821206        0.112855397725524458643575462443718762      
  -2.73582658076281208487739984262759602        0.113073641396599043185284759985776955      
  -2.74969135565828962688390585479975142        0.113293851128599880650412154487354997      
  -2.76352899221018213042745990859879377        0.113516042790193972937083683948684458      
  -2.77733935384660330820443718180809445        0.113740232464096261445102492634360580      
  -2.79112230426485927728436235253116039        0.113966436450298324714908107256978579      
  -2.80487770743279381167091047625315200        0.114194671269358859619734241329468371      
  -2.81860542759013092476545439342422244        0.114424953665757295383892778520307862      
  -2.83230532924981476848241177481968779        0.114657300611311923878404559976718166      
  -2.84597727719934683579212847535803765        0.114891729308663964795249199586922138      
  -2.85962113650212045349364894862419853        0.115128257194829020454190419038407548      
  -2.87323677249875255204646881138159806        0.115366901944817412183405555338331715      
  -2.88682405080841269931723897590712927        0.115607681475324928470085809189869176      
  -2.90038283733014938512439482280877446        0.115850613948495554434021158406134579      
  -2.91391299824421354349081740156787660        0.116095717775757792671395154914518252      
  -2.92741440001337929954189635258940055        0.116343011621736227184302245559037425      
  -2.94088690938426192801375587397266648        0.116592514408240024991882533557699347      
  -2.95433039338863301036392533818723051        0.116844245318330114150822206350709173      
  -2.96774471934473277750438482673991082        0.117098223800466822337078889654555986      
  -2.98112975485857962520469262186838010        0.117354469572739806899312476064561934      
  -2.99448536782527678924080629914848935        0.117613002627182155431409563398827416      
  -3.00781142643031616739324122824966035        0.117873843234170585472043226394005370      
  -3.02110779915087927542636973424887785        0.118137011946913722970415523060811640      
  -3.03437435475713532420895062099695000        0.118402529606030491707905801241066995      
  -3.04761096231353640516439193184465185        0.118670417344220699985791479112541140      
  -3.06081749118010977126778944115484158        0.118940696591029966631868751229696176      
  -3.07399381101374720083544915077499075        0.119213389077711185797953417019068549      
  -3.08713979176949143138139372610305165        0.119488516842184789172164656800121475      
  -3.10025530370181965084427006238639170        0.119766102234100125172949063623147362      
  -3.11334021736592403351711773804661901        0.120046167920000337486519100772920639      
  -3.12639440361898930804162570148458853        0.120328736888593190018546686445322284      
  -3.13941773362146734485779686311682430        0.120613832456130352019704987279318450      
  -3.15241007883834875052935703622417129        0.120901478271897725880571001395422851      
  -3.16537131104043145639478559822352240        0.121191698323819470944614979719430599      
  -3.17830130230558628902351003664731057        0.121484516944178449731287579410064617      
  -3.19119992502001950998659490865334364        0.121779958815455898270109513390486446      
  -3.20406705187953231248116738529043974        0.122078048976293199899583860852076995      
  -3.21690255589077726237785617679744525        0.122378812827578721963095288446332361      
  -3.22970631037251167129067794648471571        0.122682276138662757422260218136104612      
  -3.24247818895684788929908502059789378        0.122988465053703698594225254867272992      
  -3.25521806559050050498228999114499810        0.123297406098148658094343396087702015      
  -3.26792581453603044045650638792641949        0.123609126185351842724184922267208924      
  -3.28060131037308592913638966368777247        0.123923652623334079585339165485573214      
  -3.29324442799964036397272898996327200        0.124241013121686990224148462328210503      
  -3.30585504263322700394932749714201754        0.124561235798625408227601413968550180      
  -3.31843302981217052665301630572747554        0.124884349188191738506486478222229227      
  -3.33097826539681541476187568063821103        0.125210382247616062633308230619566745      
  -3.34349062557075116432798458949461781        0.125539364364835904168676484439593769      
  -3.35596998684203430276238755074767248        0.125871325366179681034908462918368283      
  -3.36841622604440720446145460864568658        0.126206295524217988808394397516805409      
  -3.38082922033851369204541625864045097        0.126544305565786979436983401540886987      
  -3.39320884721311141121157985696654268        0.126885386680188224484749351783205558      
  -3.40555498448628096723657716867681503        0.127229570527569580709116574274232641      
  -3.41786751030663181119395392510466877        0.127576889247491708735451778579976125      
  -3.43014630315450486398549125910495961        0.127927375467685032968979825388560531      
  -3.44239124184317186631684534789400943        0.128281062313002072836775335057971101      
  -3.45460220552003144278040520109859786        0.128637983414570222153825069501995377      
  -3.46677907366780186824069896681227250        0.128998172919150205033938489747616240      
  -3.47892172610571052475022607096898997        0.129361665498705593503096747609091330      
  -3.49103004299068003725625563395431184        0.129728496360188934011793568115597568      
  -3.50310390481851107639191060071084845        0.130098701255550197584129563277422351      
  -3.51514319242506181667775155314212130        0.130472316491973441593306103498567854      
  -3.52714778698742403849308392172180840        0.130849378942347750332875050819986175      
  -3.53911757002509586220933695108033749        0.131229926055978706886902269816826955      
  -3.55105242340115110291110197504147030        0.131613995869546840525897634381971794      
  -3.56295222932340523416377099206012147        0.132001627018319692214730036530268364      
  -3.57481687034557794932018387308446702        0.132392858747624346069998722538762814      
  -3.58664622936845230889227345022111439        0.132787730924587487014611932155891565      
  -3.59844018964103046254739189479166115        0.133186284050150264725203913977578525      
  -3.61019863476168593432280886488477579        0.133588559271365471544045328955256599      
  -3.62192144867931245968579155166749191        0.133994598393984777634346294417148837      
  -3.63360851569446936310070864574994061        0.134404443895344010612517504717766894      
  -3.64525972046052346479874404391772264        0.134818138937554719522992356292894359      
  -3.65687494798478750548006148557049479        0.135235727381010524674973548232378765      
  -3.66845408362965507771262790914703561        0.135657253798217025895393910108793122      
  -3.67999701311373205282638081249195050        0.136082763487954322543731222163783283      
  -3.69150362251296449213601294724806217        0.136512302489781489573926030647534065      
  -3.70297379826176303136034593457146648        0.136945917598892655425735050449751701      
  -3.71440742715412372714107251530550282        0.137383656381334640009849808609683784      
  -3.72580439634474535459856479867312156        0.137825567189596434964572807319694884      
  -3.73716459335014314489747270493151042        0.138271699178581144173372884215896136      
  -3.74848790604975895182997246357735588        0.138722102321971350729873975542285881      
  -3.75977422268706783645976918282124162        0.139176827428999237629477417570831956      
  -3.77102343187068105890530980031957676        0.139635926161633163987756022735963441      
  -3.78223542257544546637612281064941993        0.140099451052192787092189324952327355      
  -3.79341008414353926661176869175883685        0.140567455521405223668472713784785722      
  -3.80454730628556417590855956958576660        0.141039993896915161995088260714811452      
  -3.81564697908163393095498801511794239        0.141517121432262270567804250312444401      
  -3.82670899298245915373269260821737939        0.141998894326339699566605380727820433      
  -3.83773323881042855877578167335812826        0.142485369743347939109682204860566260      
  -3.84871960776068649211743603878110721        0.142976605833258783923655163192990920      
  -3.85966799140220679128891643616813752        0.143472661752804658381673178995278606      
  -3.87057828167886295577241088545228610        0.143973597687009079663046151085915534      
  -3.88145037091049461734557174045086633        0.144479474871274580909290203525219184      
  -3.89228415179397029979211064623643181        0.144990355614044981571512631020066161      
  -3.90307951740424645748944211812588014        0.145506303320059479584637560093198633      
  -3.91383636119542278242109243341986967        0.146027382514216650531044420927917924      
  -3.92455457700179376919841966809317696        0.146553658866067073582334118627147049      
  -3.93523405903889652771312264803292593        0.147085199214953963794794400030844786      
  -3.94587470190455483307905095364224692        0.147622071595821876395021146091310010      
  -3.95647640057991940255896455215779200        0.148164345265714262194809591548309175      
  -3.96703905043050438920912976734891926        0.148712090730981395443946613016968589      
  -3.97756254720722008201197776384886956        0.149265379775220967551430281881473425      
  -3.98804678704740180230449215468857058        0.149824285487974443529130616610489691      
  -3.99849166647583498634753336613965332        0.150388882294203114153356023316606593      
  -4.00889708240577644391894864321035563        0.150959245984568647186391804452687028      
  -4.01926293213997178285105768057198222        0.151535453746543847113717713647286623      
  -4.02958911337166898947094444483536695        0.152117584196380276373988924385449653      
  -4.03987552418562815493992544147479256        0.152705717411960373711845958467160213      
  -4.05012206305912733752660309886190684        0.153299934966562728879860493133560166      
  -4.06032862886296455088604971740034909        0.153900319963570239359771224699672650      
  -4.07049512086245586845590218724847530        0.154506957072151986066849619520864833      
  -4.08062143871842963411848003622133032        0.155119932563950823250393506947497472      
  -4.09070748248821676931646895184866539        0.155739334350809885222865629820264251      
  -4.10075315262663716684823834894918817        0.156365252023572471470431048836278143      
  -4.11075834998698216160748444622180185        0.156997776891991084571024471192097613      
  -4.12072297582199306857060929106021425        0.157637002025782764754093692059912500      
  -4.13064693178483577837406084892714192        0.158283022296869293596837351198919114      
  -4.14053011993007140086276926909330291        0.158935934422842330127538754316459603      
  -4.15037244271462294702981936832854895        0.159595837011695098512796644983275489      
  -4.16017380299873803980659885326481035        0.160262830607863870719169295155072888      
  -4.16993410404694764420185544473711255        0.160937017739624183409395024307779636      
  -4.17965324952902080732738348662416462        0.161618502967888499388786275713152454      
  -4.18933114352091539888744142980310065        0.162307392936453873880691474439509474      
  -4.19896769050572484274847539013108112        0.163003796423750118706850459853888181      
  -4.20856279537462083024529039827916679        0.163707824396140977220724051036652252      
  -4.21811636342779200591946959826655814        0.164419590062832933960082464629686766      
  -4.22762830037537861642559211926109926        0.165139208932448490062729531771660817      
  -4.23709851233840311338064224930402690        0.165866798871323043397261705882012211      
  -4.24652690584969670097193548685950308        0.166602480163586926243629168142313150      
  -4.25591338785482181917891064236074320        0.167346375573096678650595134504574972      
  -4.26525786571299055350425101220750497        0.168098610407282278041741097042540951      
  -4.27456024719797896215000135605710220        0.168859312582979811308510152862706397      
  -4.28382044049903731161464057794835870        0.169628612694321970935752081246185528      
  -4.29303835422179621172745224512785047        0.170406644082761788439780125654345085      
  -4.30221389738916864117700597685401023        0.171193542909308193741475634870051213      
  -4.31134697944224785463112189950568406        0.171989448229055315645795019992430935      
  -4.32043751024120116258633739371515547        0.172794502068090924397038106278330231      
  -4.32948540006615957512562985281145016        0.173608849502873070842433456090951965      
  -4.33849055961810330080397072756518845        0.174432638742167807084624820315075750      
  -4.34745290001974309192219434717878685        0.175266021211644890192446598052642578      
  -4.35637233281639742749065947691817189        0.176109151641232583696177228413356938      
  -4.36524876997686552522526189413518865        0.176962188155337091954220033926561001      
  -4.37408212389429617395952203123759997        0.177825292366036801427720170469181363      
  -4.38287230738705237789772254013638330        0.178698629469366372514719214117231362      
  -4.39161923369957180417540607070908759        0.179582368344810838690833359375030104      
  -4.40032281650322302523496321789941514        0.180476681658135239881374050579222587      
  -4.40898296989715754756554406943130365        0.181381745967680958693156781871001949      
  -4.41759960840915761839811366912842333        0.182297741834265856703388346386291983      
  -4.42617264699647980198814158905097029        0.183224853934831539737184954579924749      
  -4.43470200104669431716016826582651254        0.184163271179987633288174402521904340      
  -4.44318758637852012783032539058013835        0.185113186835609840367173572838736894      
  -4.45162931924265577826480403487046101        0.186074798648655803692150488355473209      
  -4.46002711632260596487426193331434722        0.187048308977370423101471887796961897      
  -4.46838089473550383638624001263360320        0.188033924926060309565467715556906740      
  -4.47669057203292901427981744138211955        0.189031858484625512807691411811732364      
  -4.48495606620172132540897375851764896        0.190042326673045565483334246014344946      
  -4.49317729566479023878344560538417101        0.191065551691026269901624082910039247      
  -4.50135417928191999851826381689719578        0.192101761073023541990768775748269619      
  -4.50948663635057044500563370532227164        0.193151187848871052050287451725972136      
  -4.51757458660667351640537687477458945        0.194214070710249395309417866954078726      
  -4.52561795022542542259278641643927423        0.195290654183246122084112383226491435      
  -4.53361664782207448374545843274233468        0.196381188807268194411212913778899328      
  -4.54157060045270462579345110174975552        0.197485931320581352962179386176264574      
  -4.54947972961501452499998749863424968        0.198605144852764517026186585109540600      
  -4.55734395724909239398285971606518420        0.199739099124381746532484350482903093      
  -4.56516320573818640152970904603387227        0.200888070654189516705750582493692060      
  -4.57293739790947071860344967736088902        0.202052342974213144626124658085186228      
  -4.58066645703480718297727110063717168        0.203232206853043217924073077259273081      
  -4.58835030683150257498189676957799833        0.204427960527720868199759743454142061      
  -4.59598887146306149689109311793399497        0.205639909944599768833372444150153100      
  -4.60358207553993484851481334668933618        0.206868369009592886485682849926490989      
  -4.61112984412026389161282404903914428        0.208113659848233350493076128859926091      
  -4.61863210271061989578519930160734531        0.209376113076001402516812813978467116      
  -4.62608877726673935853967588985432776        0.210656068079393333871362764769446820      
  -4.63349979419425479227954442322730772        0.211953873308233699725253848658771778      
  -4.64086508034942107099950380021049290        0.213269886579759014263066590792385085      
  -4.64818456303983732952073037321543679        0.214604475395029682508619499496460206      
  -4.65545817002516440814030780569034946        0.215958017268257224178272649935929352      
  -4.66268582951783783561412857569810820        0.217330900069666012389597827280121362      
  -4.66986747018377634343641292759994510        0.218723522382542914107353584629895803      
  -4.67700302114308590442309537177898142        0.220136293875164518518571105057561616      
  -4.68409241197075928865050214625352054        0.221569635688330223410010485668895279      
  -4.69113557269737112984498494759127936        0.223023980839270478959614627056696666      
  -4.69813243380976849536348627509310559        0.224499774642743136585534517470811428      
  -4.70508292625175695294938947444596314        0.225997475150177304685657046872154821      
  -4.71198698142478212749245157695954736        0.227517553607773575114778796199688509      
  -4.71884453118860674106612886944476074        0.229060494934522172043963926303427604      
  -4.72565550786198312956018335845129213        0.230626798221156723885832349298614377      
  -4.73241984422332122927110247098679458        0.232216977251121223753624854957729376      
  -4.73913747351135202685757402137144586        0.233831561044691599691251707499487985      
  -4.74580832942578646611303322927263883        0.235471094427461460500875770244210994      
  -4.75243234612796980505213795530620140        0.237136138624474338871582959617324162      
  -4.75900945824153141685293188533649920        0.238827271881362470017330267634136924      
  -4.76553960085303002824142269957783469        0.240545090113935199838504486463980135      
  -4.77202270951259438895033286398464012        0.242290207587748922444577965009980136      
  -4.77845872023455936592887413478422516        0.244063257629285448453268370287980088      
  -4.78484756949809745602555272729901770        0.245864893370467386857643113807669709      
  -4.79118919424784571091122992175535306        0.247695788528348010395115568042021840      
  -4.79748353189452806805494221530114297        0.249556638221929739147491797924422788      
  -4.80373052031557308161032553406650962        0.251448159828190441761364021974055148      
  -4.80993009785572704711588904430819284        0.253371093879530895611676491712106569      
  -4.81608220332766251395784529939038392        0.255326205005000704427921916927584179      
  -4.82218677601258217958972438088807086        0.257314282917814548891928807472035205      
  -4.82824375566081815954857988818068332        0.259336143451836720167408652882564145      
  -4.83425308249242662735323365167590421        0.261392629649890416356159853531527748      
  -4.84021469719777781841570343982702366        0.263484612906940314181767723676399271      
  -4.84612854093814139214271324836749600        0.265612994171403607039073367126518341      
  -4.85199455534626714644999855009678494        0.267778705208067277756911402838734278      
  -4.85781268252696107895798869295846600        0.269982709926329220551934180180971139      
  -4.86358286505765678918337501033838367        0.272226005777739443348064707443054627      
  -4.86930504598898221608705569720260219        0.274509625227096615440169120087441206      
  -4.87497916884532170538498665506344033        0.276834637301656483215573330801917273      
  -4.88060517762537340107456086342891236        0.279202149223334142592623974983778587      
  -4.88618301680270195567528694043386244        0.281613308129134011911483694731044452      
  -4.89171263132628655372873995530651219        0.284069302885421992230615228331357742      
  -4.89719396662106424314901379419330685        0.286571366002066374456921997629473998      
  -4.90262696858846856906121400211717542        0.289120775652920464584598409564775026      
  -4.90801158360696350481189257042254429        0.291718857809603858824561358001888728      
  -4.91334775853257267488174115338496287        0.294366988496064351899279462058981808      
  -4.91863544069940386447732622163651245        0.297066596171972517684142725055861030      
  -4.92387457792016881062516823506964458        0.299819164253620389043667178163016330      
  -4.92906511848669826963803658481202222        0.302626233781669172630153129531515188      
  -4.93420701117045235586995235308963903        0.305489406245823870589030930221678909      
  -4.93930020522302614672306141119133194        0.308410346577310928435899346448891666      
  -4.94434465037665054891626055869613808        0.311390786320905117949608416350895929      
  -4.94934029684468842107222884051641855        0.314432526999201052557460717991136248      
  -4.95428709532212594772633440054879330        0.317537443682861091704581443005513815      
  -4.95918499698605925990775377973490422        0.320707488781703906737294692373982745      
  -4.96403395349617629749005497956069778        0.323944696072736670246383720934913313      
  -4.96883391699523390855545742644022397        0.327251184982589869755489884933763522      
  -4.97358484010953018106399072454353100        0.330629165143299619094467262179326256      
  -4.97828667594937200216582931048086065        0.334080941242012007360292124157038514      
  -4.98293937810953784054218135843073961        0.337608918186973115833504527662224159      
  -4.98754290066973574720725706392778099        0.341215606614134366696312781433616800      
  -4.99209719819505657025103329328715530        0.344903628760865504224177408444553025      
  -4.99660222573642237904976805777229352        0.348675724735648839559681311280737301      
  -5.00105793883103009351849889090552037        0.352534759215253265772530440909713668      
  -5.00546429350279031402708350713731174        0.356483728603782964358945843835297505      
  -5.00982124626276134764870863335705994        0.360525768691195251922900608714497807      
  -5.01412875410957842645720316394830230        0.364664162852420316880013565302221442      
  -5.01838677452987811363694432734430854        0.368902350832133000812102392152074998      
  -5.02259526549871789321663989898819762        0.373243938164568962719659108401792858      
  -5.02675418547999093928580518349553889        0.377692706282596329167438830302469867      
  -5.03086349342683606060033004849839503        0.382252623375608116371331120118797393      
  -5.03492314878204281653114825455675859        0.386927856061757238920847816223258502      
  -5.03893311147845180035767821969603764        0.391722781946691040348534674050029435      
  -5.04289334193935008595540071321329396        0.396642003148342992103196764324020007      
  -5.04680380107886183397467432064672435        0.401690360875604937038362524874081677      
  -5.05066445030233405365566338909357918        0.406872951157947819476291431768514529      
  -5.05447525150671751647206507788274831        0.412195141833412757770305801343583634      
  -5.05823616708094281784417163207514998        0.417662590914007488944518223388682210      
  -5.06194715990629158320969059312278069        0.423281266460588149781755494490721757      
  -5.06560819335676281478866888964436169        0.429057468113981910370907406354344841      
  -5.06921923129943437542682613868904534        0.434997850445641808958945836424479780      
  -5.07278023809481960594959756071990822        0.441109448309787005436697830664079465      
  -5.07629117859721907250721719616382795        0.447399704400077696029789976602400168      
  -5.07975201815506744043923713370442461        0.453876499237762077996205346213433078      
  -5.08316272261127547123497774615762462        0.460548183845329754825387868033378129      
  -5.08652325830356713921453700404450004        0.467423615390498019812534558539869547      
  -5.08983359206481186460315332480947069        0.474512196120413017512593902910149115      
  -5.09309369122335185971991564164075681        0.481823915945933032563445388040032146      
  -5.09630352360332458505004596432739152        0.489369399081558583921708587236211497      
  -5.09946305752498031201824317950670027        0.497159955198904928801659943952459947      
  -5.10257226180499478932887172267706952        0.505207635611664463186032219982039251      
  -5.10563110575677700978710457282186698        0.513525295079066170742251442172759420      
  -5.10863955919077207456348629545537159        0.522126659894433462106303956662249472      
  -5.11159759241475915191276811410353541        0.531026403017386759230971241654293731      
  -5.11450517623414452740628274611853230        0.540240227114699825819119885545381354      
  -5.11736228195224974278557151845245599        0.549784956498391559345630158361147290      
  -5.12016888137059482059344960445166405        0.559678639093428664296838716506727828      
  -5.12292494678917657178719661546715905        0.569940659735173947735619122542634638      
  -5.12563045100674198358708876241867692        0.580591866292961731728519243425620452      
  -5.12828536732105668486204489343953546        0.591654710346394414846616142251774526      
  -5.13088966952916848640274143513667727        0.603153404411792494569421736871944527      
  -5.13344333192766599348116013733388932        0.615114098035819532369767849927379348      
  -5.13594632931293228814416706467597229        0.627565075451592764829147795349108200      
  -5.13839863698139367873738101315431116        0.640536977941808514748947426018971066      
  -5.14080023072976351420427397521801203        0.654063054588650561211964487502600595      
  -5.14315108685528106075415495316358926        0.668179445730209307426468628374919779      
  -5.14545118215594543854142084621519757        0.682925504211091201038220733845782778      
  -5.14770049393074461604721383114730202        0.698344160439930489782380866943311063      
  -5.14989899997987945990340313826328311        0.714482338385159503851593641007269176      
  -5.15204667860498283794760991260302249        0.731391430998747216683004095023940821      
  -5.15414350860933377334681646276585573        0.749127845214144567972143146994476111      
  -5.15618946929806664767594515484290118        0.767753628693922729550216144566000625      
  -5.15818454047837545088665702458467579        0.787337193000126121627031737576472163      
  -5.16012870245971307615050537480993986        0.807954150949419209603866995543766686      
  -5.16202193605398565760948471471288567        0.829688289755555631776378178266989716      
  -5.16386422257574194911593990047449349        0.852632706362260108392173370768064344      
  -5.16565554384235774209274376956512078        0.876891137404605685566210989867049586      
  -5.16739588217421532069361344128718198        0.902579523869458880223325214766764383      
  -5.16908522039487795249241530021514867        0.929827860239643490175636517380181866      
  -5.17072354183125941297930600383378325        0.958782390352636524550989483000845051      
  -5.17231083031378854219057117727065967        0.989608228264174472508789600328250326      
  -5.17384707017656883184805429281410244         1.02249250328458231971564060130371603      
  -5.17533224625753304143311509598809347         1.05764815571227562820357213261136289      
  -5.17676634389859284166911934924877608         1.09531854593872894264638443959436735      
  -5.17814934894578348393553913464666457         1.13578308779899438263967039056152598      
  -5.17948124774940349418583500368982965         1.17936418192618777592559876568188013      
  -5.18076202716414938999039740162738906         1.22643581311105324118675127234144621      
  -5.18199167454924541937494453979192499         1.27743429700142076534739525333071459      
  -5.18317017776856832017390675870180206         1.33287183028848072736591333230641935      
  -5.18429752519076709866747293140828185         1.39335373639840803042924071875845386      
  -5.18537370568937782632013211603146871         1.45960063852445237578416877115683996      
  -5.18639870864293345348771299339720452         1.53247728456865782485961110912895965      
  -5.18737252393506863900910413488269281         1.61303047469675927926678509524445800      
  -5.18829514195461959464802935161010287         1.70253963141138023266247929958475568      
  -5.18916655359571894339945379349725894         1.80258521788636172695036347405398457      
  -5.18998675025788559072440760978478763         1.91514281317646741168301790471686297      
  -5.19075572384610960782623436581547113         2.04271481751097355174336183380879660      
  -5.19147346677093212613050054825888425         2.18851860271308645430270076963242500      
  -5.19213997194852024218003989678091659         2.35676150127447899913102226904466516      
  -5.19275523280073693220585148840008709         2.55305328996709907919387032207408253      
  -5.19331924325520597568382298542071643         2.78504366451596843633597392472444268      
  -5.19383199774537188723650975278468262         3.06344219907566516466733822846670204      
  -5.19429349121055485628846616976944010         3.40371827869113272959505868387207104      
  -5.19470371909600069393289691794841089         3.82907598110410119724739635165564825      
  -5.19506267735292578651667283593133388         4.37597885725073287388521936779809301      
  -5.19537036243855705550003760527455195         5.10519949225692081039031413934950792      
  -5.19562677131616692319661758470425289         6.12612853962795411844809927354692996      
  -5.19583190145510328404863705499590011         7.65754730672269178813849401196649727      
  -5.19598575083081448114153448802868484         10.2099455111760970660097880261030787      
  -5.19608831792486928771147172417931997         15.3147923065893860569866432875714727      
  -5.19613960172497189344852664580048450         30.6294334623609408576266090224386728      
