   4.99998766300464541528057387738645604                                            Infinity
   4.99993831514498823990610534453490428         31.8310409783169182696647625133514784      
   4.99983961991271734143658530264029762         15.9155990294269757242998707936586365      
   4.99969157828191481750860119766179399         10.6104866207202137267159077725325736      
   4.99949419171369179731886007633446618         7.95795659796362954294396920219641572      
   4.99924746215617402104721784072238408         6.36645953060005670670134159160536276      
   4.99895139204448261264211385157833447         5.30547894201832781803795114674551405      
   4.99860598430071004615817572593009567         4.54765062816330425677644208686351806      
   4.99821124233389130588319687395188727         3.97929248718838926174034937264931769      
   4.99776717003997024053912467872494415         3.53724779600637064838754467120614753      
   4.99727377180176111188912977177531635         3.18362252090976241962853278945904404      
   4.99673105248890533813025612915981046         2.89430227694369143045702112124333289      
   4.99613901745782343249857723924477343         2.65321080759234449348229041427834595      
   4.99549767255166213756120490611628223         2.44921839691782799751830962620431760      
   4.99480702410023675571691388374512626         2.27437524792523378462234259124449840      
   4.99406707891996867647455701762267815         2.12285150958168170027107815685358465      
   4.99327784431381810112585143465217224         1.99027479370322402417916854800420898      
   4.99243932807121196547651610074735147         1.87330150941108042117904423451600396      
   4.99155153846796706134713429104016655         1.76933108610246376753803913603099723      
   4.99061448426620835760250072207924301         1.67631044179904232175070304145128490      
   4.98962817471428252151559181122848241         1.59259711099086552135837161583112412      
   4.98859261954666664131966828804156510         1.51686147881059886592778594573906643      
   4.98750782898387215084938171816311441         1.44801567861478772457239207097473742      
   4.98637381373234395721910994484361872         1.38516103802218474533603969591398967      
   4.98519058498435477253409053909357075         1.32754866344249731809404384498646236      
   4.98395815441789465067725560957567216         1.27454948431823747820132077121814394      
   4.98267653419655573026199529037225057         1.22563121023383898060868332299057593      
   4.98134573696941218488839043169989756         1.18034040866719450249615806374228556      
   4.97996577587089538188775699851243279         1.13828842322300794455194554381007344      
   4.97853666452066425078763496788521546         1.09914020533510991280498691595578637      
   4.97705841702347086277663264137253514         1.06260537962831164116483835125730545      
   4.97553104796902122249580278655928236         1.02843103856506287035198869160960587      
   4.97395457243183127353047942629698001        0.996395888095862820063738122206565843      
   4.97232900597107811902374293826038791        0.966305457736870570247854823468549645      
   4.97065436463044645887990594525587888        0.937988155927938504876356552328225411      
   4.96893066493797024507362280206689593        0.911292001614984208055494523948776015      
   4.96715792390586955662742085158800913        0.886081900568635004641021188088290864      
   4.96533615903038269586763156577830789        0.862237363380931404158412563834435377      
   4.96346538829159350761586373991006792        0.839650583778341757677584428674131433      
   4.96154563015325392302030860620956208        0.818224812578929707176365573724047671      
   4.95957690356260172977829760995502269        0.797872975555947691087862961334836468      
   4.95755922795017357054864718224912250        0.778516493565295962242867438867485136      
   4.95549262322961317139942068402796633        0.760084271226202868538386344257300465      
   4.95337710979747480218381532058853096        0.742511826716229914107274481914489311      
   4.95121270853302197078394077037451359        0.725740540230595388321785277122903558      
   4.94899944079802135320929607150396405        0.709717002646922565610359520758218938      
   4.94673732843653196158377150028700454        0.694392449146760913391540523318184594      
   4.94442639377468955210200229369810850        0.679722265140743905095796397164706976      
   4.94206665962048627508288064856255602        0.665665553953103102475597888304946584      
   4.93965814926354556929499101042144735        0.652184757442773328326415177373997176      
   4.93720088647489230277567078119167429        0.639245322149966179417815157372554105      
   4.93469489550671816241231376358620601        0.626815404719618188344135073600418496      
   4.93214020109214229460142645877195072        0.614865611314442049411019516251109983      
   4.92953682844496719934781727910432862        0.603368766528388053521494077162336678      
   4.92688480325942988021314536740208641        0.592299707976388485231627493485338918      
   4.92418415170994825256987856575544262        0.581635103292494425645938411471581297      
   4.92143490045086281266350868817283559        0.571353286735355912921229692898210327      
   4.91863707661617357003264616058281231        0.561434112993126103178097349035849450      
   4.91579070781927224588336483717849590        0.551858826111996882559202408109411701      
   4.91289582215266974006089092243120361        0.542609941754036777732809025421065384      
   4.90995244818771886930842696216895994        0.533671141229245899215823285172287099      
   4.90696061497433237954957235403390689        0.525027175950688260545518019214104326      
   4.90392035204069623497744530678108775        0.516663781135902417276333217236623024      
   4.90083168939297818678022718890752558        0.508567597727226170590261940327544525      
   4.89769465751503162437943828992365723        0.500726101632091612257479417167397584      
   4.89450928736809471210381371239347506        0.493127539494986015208663806674926524      
   4.89127561039048481426817896014980980        0.485760870308326134115737323268664928      
   4.88799365849728821167322632859630915        0.478615712252210189151815576202490677      
   4.88466346408004511258856497778649517        0.471682294224780715184763214500011558      
   4.88128506000642996132785911936505042        0.464951411587339205688216546191628510      
   4.87785847961992704757127961610795089        0.458414385702737374494131230783646993      
   4.87438375673950141963687401964960131        0.452063026893060019329351810638132093      
   4.87086092565926510494880820028763902        0.445889600484168361795072690584775834      
   4.86729002114813864099674879507219083        0.439886795641103546747585889615226246      
   4.86367107844950792012693925959515894        0.434047696730350018356102718855232193      
   4.86000413328087635155177289819658922        0.428365756973118520312983154486057418      
   4.85628922183351234401088341022459399        0.422834774178633757453128677291180638      
   4.85252638077209211256295677037804300        0.417448868368335388573780864503182988      
   4.84871564723433781303361720321685215        0.412202461121295002872873836815244379      
   4.84485705883065100769085416017183424        0.407090256488336273992478701553634814      
   4.84095065364374146576553610669671806        0.402107223337596766296070917149085969      
   4.83699647022825130248060012279885355        0.397248579007826561912770484605172789      
   4.83299454761037446029851335763470167        0.392509774157787641167594777372435173      
   4.82894492528747153614257280409042151        0.387886478710878051936963486772952301      
   4.82484764322767995839354321857729634        0.383374568803712138219124083755176119      
   4.82070274186951951750902885131259295        0.378970114655978096339213153037551799      
   4.81651026212149325415883252015536433        0.374669369286585172046289303170032690      
   4.81227024536168370881537500402497718        0.370468758008008231269517790293855240      
   4.80798273343734453678402829782847998        0.366364868636927643451824907170302860      
   4.80364776866448749270395750782548951        0.362354442364826646627809961783080955      
   4.79926539382746478859576762301860972        0.358434365237216170636582469916701358      
   4.79483565217854682957791262341857817        0.354601660194669624446803515906465184      
   4.79035858743749533141944492923841853        0.350853479632921240046347062436519141      
   4.78583424379113182414226260596366755        0.347187098442958675713897041331407212      
   4.78126266589290154593154956897566463        0.343599907495365628096616085784867772      
   4.77664389886243273165859982853217028        0.340089407536180244709721462134983105      
   4.77197798828509130036567013240887351        0.336653203464262979210295389817104817      
   4.76726498021153094610791575077088414        0.333288998962642282981543163891683230      
   4.76250492115723863659283115769290560        0.329994591458554004679956940656185867      
   4.75769785810207552410294054842627090        0.326767867388933531321968972910319109      
   4.75284383848981327323276204369899091        0.323606797749978981837901226009853621      
   4.74794291022766581001630362514671637        0.320509433911097363192699265767837197      
   4.74299512168581649706653787296494102        0.317473903675089763123859615782938316      
   4.73800052169694073939344599204830100        0.314498407567840890550985481583527185      
   4.73295915955572402561231897069425878        0.311581215342065558513433527650200967      
   4.72787108501837540929905457130309034        0.308720662680841649683214627544364422      
   4.72273634830213643529419276077005058        0.305915148087736120382643507830433689      
   4.71755500008478551580238870526865541        0.303163129951317024797897832937442336      
   4.71232709150413776117893113616333014        0.300463123772748764694786203231794306      
   4.70705267415754027033977429763478751        0.297813699545997332892973388473118867      
   4.70173180010136288577636336949832413        0.295213479280934008372872896920688860      
   4.69636452185048441820129577837048539        0.292661134660325891889989027211936548      
   4.69095089237777434589557372500532015        0.290155384822345357516943722237069982      
   4.68549096511356999387286612397926165        0.287694994260822915009170513818173307      
   4.67998479394514919802081053314907416        0.285278770836013627407680279960995368      
   4.67443243321619845942394710413410367        0.282905563889150174804303154496498872      
   4.66883393772627659411738667167868377        0.280574262454519579994962607906405543      
   4.66318936273027388356477337983640978        0.278283793563228850023892242055042346      
   4.65749876393786673119850827769984940        0.276033120633220363657860149897917423      
   4.65176219751296783040455366860742107        0.273821241940463493350575031954137262      
   4.64597972007317184937843822664397240        0.271647189166587184389770360639009656      
   4.64015138868919663832332956558776364        0.269510026018531290141413899169594562      
   4.63427726088431996450523362154711085        0.267408846916084442740874721749604752      
   4.62835739463381178072451845521119572        0.265342775743445000935927449058500882      
   4.62239184836436203280704345728476646        0.263310964661190872196698800239879169      
   4.61638068095350401176220301620044696        0.261312592975275315228654578174764877      
   4.61032395172903325629916604606592271        0.259346866059880615973095639250240462      
   4.60422172046842201143650894101705042        0.257413014331161096005983514926200342      
   4.59807404739822924898429908627715130        0.255510292269092446100411904299154034      
   4.59188099319350625572148858339117465        0.253637977484816967350439654278070007      
   4.58564261897719779513522290499779126        0.251795369831034943373700200077923070      
   4.57935898631953884863235635137682851        0.249981790553141971817411979625960003      
   4.57303015723744694217709500568898387        0.248196581478951487778993481586279460      
   4.56665619419391006435225794671083025        0.246439104244971682759840266751889137      
   4.56023716009737018188515834694161203        0.244708739557327264382477968412837796      
   4.55377311830110235872255733078461455        0.243004886485529660939172591571083684      
   4.54726413260258948478253466323874453        0.241326961787404945225763748944772468      
   4.54071026724289262055445105592165879        0.239674399263587480650341132207460511      
   4.53411158690601696376144668662782632        0.238046649140079582325010104723203796      
   4.52746815671827344434312900394760825        0.236443177477463799974654152951705527      
   4.52078004224763595405924960328666269        0.234863465605435194857373156477157199      
   4.51404730950309421705825448908803406        0.233307009581396593016586188384245534      
   4.50727002493400230779761395494531592        0.231773319671930615119390956090425568      
   4.50044825542942282274579719399523652        0.230261919856028643997904581468599869      
   4.49358206831746671233865217250522805        0.228772347349019104318898133222077421      
   4.48667153136462877970578283656540410        0.227304152146195780600260044982406284      
   4.47971671277511885272528295252495979        0.225856896585201654558039440357119830      
   4.47271768119018863600788838418505442        0.224430154926275145200816635342721143      
   4.46567450568745424945424696231717721        0.223023512949513911697862897684166941      
   4.45858725578021446007157688400452407        0.221636567568356739620786786381644746      
   4.45145600141676461377849037043755902        0.220268926458526670097556529735193207      
   4.44428081297970627396919869261885665        0.218920207701718628963606543840221768      
   4.43706176128525257365068722608684777        0.217590039443352536344118346746762721      
   4.42979891758252928800875450005332007        0.216278059563748381430754025684763253      
   4.42249235355287163430104684572910725        0.214983915362113176617339057375925682      
   4.41514214130911680601738980621801852        0.213707263252761193498565873610857491      
   4.40774835339489224828981852999399067        0.212447768473018554940753209047895644      
   4.40031106278389968157674151612048948        0.211205104802291228213264519340499087      
   4.39283034287919488068763489718379131        0.209978954291801841676872345754987550      
   4.38530626751246321625655752123704100        0.208769007004525631966938058061804112      
   4.37773891094329096581460001342205688        0.207574960764879313301393994807323004      
   4.37012834785843240165313334857548514        0.206396520917738832427132974826119385      
   4.36247465337107266271140383595620355        0.205233400096382912831094990028829120      
   4.35477790302008641776363139487354806        0.204085317998979075752866348459478006      
   4.34703817276929232722230617477734496        0.202952001173247523744109156700209800      
   4.33925553900670331091584453532578263        0.201833182808955950826746308343893767      
   4.33143007854377262924015874182367155        0.200728602537915063146417225656737142      
   4.32356186861463578512501504068589047        0.199638006241160412793232610216855659      
   4.31565098687534825429730165041422144        0.198561145863021118803361503369285153      
   4.30769751140311905136450122889021542        0.197497779231790223406510208618331817      
   4.29970152069554013928276115122116513        0.196447669886724855245315666644782218      
   4.29166309366981168981497904830235014        0.195410586911117088445569874384029128      
   4.28358230966196320262527010978498860        0.194386304771188438137072561015620612      
   4.27545924842607049069705624211520004        0.193374603160572357778059974300824187      
   4.26729399013346853980281488932890734        0.192375266850159937454211654784992501      
   4.25908661537196024979424676869398281        0.191388085543094278973919530703071943      
   4.25083720514502106552226654317992227        0.190412853734708774722056852188517733      
   4.24254584087099950523678814695937792        0.189449370577213772554751527409130957      
   4.23421260438231359435676669831820243        0.188497439748944896372726934991016777      
   4.22583757792464321254137127684928563        0.187556869327994637543936398983909922      
   4.21742084415611836203349690977673146        0.186627471670056760603151512922370993      
   4.20896248614650336528707950761996292        0.185709063290320600690810171091146330      
   4.20046258737637699992985381485762141        0.184801464749259491666358314218334112      
   4.19192123173630857915329130026452195        0.183904500542164373101099377381607119      
   4.18333850352602998566147190843167936        0.183017998992280100563678280651790578      
   4.17471448745360366735058033368784571        0.182141792147408144761111525533775922      
   4.16604926863458660293057356606165866        0.181275715679845228128357027105967689      
   4.15734293259119024574034150269289950        0.180419608789533028312032537852951787      
   4.14859556525143645404737602465581112        0.179573314110299391678485401002454320      
   4.13980725294830941616257571673713444        0.178736677619076560628868869962485963      
   4.13097808241890357874034296536417633        0.177909548547986739441678333485218572      
   4.12210814080356758667357711746306611        0.177091779299189917136855867540264238      
   4.11319751564504424303253133121898043        0.176283225362393244296555332429942773      
   4.10424629488760649753578131000216231        0.175483745234925435043111977893859500      
   4.09525456687618947208075089543281716        0.174693200344283645989198223207247353      
   4.08622242035551853190035211782802687        0.173911454973064080869398277496943731      
   4.07714994446923341095132537607876403        0.173138376186191192109983622301364357      
   4.06803722875900840017880855915372224        0.172373833760363807644611673234908604      
   4.05888436316366860734052174356587378        0.171617700115639811196422022674936608      
   4.04969143801830229711272622175635091        0.170869850249084154917966213225873053      
   4.04045854405336932023880265278336650        0.170130161670407992171673887292524684      
   4.03118577239380564051989269713577340        0.169398514339529592398852964994010440      
   4.02187321455812396848556122095937840        0.168674790605990446134153265634204211      
   4.01252096245751051062086165138425061        0.167958875150162592583193452130224769      
   4.00312910839491784306452495472883538        0.167250654926185710761714042899583414      
   3.99369774506415391873124261475223925        0.166550019106574913642991262462771090      
   3.98422696554896721684917553131839536        0.165856859028442478422562092528812566      
   3.97471686332212804394189356418605493        0.165171068141278939947705119700413271      
   3.96516753224450599532193413638329032        0.164492541956241073368020759156866921      
   3.95557906656414358620106251188096154        0.163821177996896300684946147276904339      
   3.94595156091532606156012069904574015        0.163156875751374978416293620973186640      
   3.93628511031764739395906603151639921        0.162499536625883864126698546128195530      
   3.92657981017507247850542396948415884        0.161849063899535821974296960094367614      
   3.91683575627499553423691217554025409        0.161205362680452515356360032508653697      
   3.90705304478729472121143407985087363        0.160568339863098451681765577830372515      
   3.89723177226338298263498958990199276        0.159937904086806293557826731362955171      
   3.88737203563525512139530795180058026        0.159313965695454835386720322504692189      
   3.87747393221453112040617266540910365        0.158696436698262467497312564987023278      
   3.86753755969149571620448042762472233        0.158085230731660314316215585883872800      
   3.85756301613413423527905496100662258        0.157480263022210541390195983746486731      
   3.84755039998716470264712191373802062        0.156881450350536580859228548455699751      
   3.83749981007106623223114242754006511        0.156288711016233228667322091993842365      
   3.82741134558110370862540009951690869        0.155701964803725721688519748212063441      
   3.81728510608634876987833854981869713        0.155121132949048011226432222704090488      
   3.80712119152869710095315428821036721        0.154546138107511513098080370598607662      
   3.79691970222188204756556168881493545        0.153976904322236635715757245910730317      
   3.78668073885048456013396327408739118        0.153413356993520368116797965896531333      
   3.77640440246893947761347881804136199        0.152855422849014151552063502134450334      
   3.76609079450053816102141064741550347        0.152303029914687162734665312213029061      
   3.75574001673642748649774959130210923        0.151756107486551005794142530441189936      
   3.74535217133460520778025594919406984        0.151214586103122644923483890074333658      
   3.73492736081891169800948225982426189        0.150678397518603212118997672816694275      
   3.72446568807801808081483920492221009        0.150147474676751095698219889912358084      
   3.71396725636441076066844232041094523        0.149621751685428456774763137175285355      
   3.70343216929337236252901496089597188        0.149101163791801033844394752740799045      
   3.69286053084195909083356182081482352        0.148585647358171781307247592434186569      
   3.68225244534797451792986690755247322        0.148075139838429547273900615876114737      
   3.67160801750893981207810983939749198        0.147569579755094630481410375166419948      
   3.66092735238106041518503435661188682        0.147068906676943666631526939707416805      
   3.65021055537818918046914264029623077        0.146573061197196881961155277209781531      
   3.63945773227078598029032808532334616        0.146081984912251317322481726271132294      
   3.62866898918487379441219722555396218        0.145595620400944170401211583786855619      
   3.61784443260099128900006821799905111        0.145113911204330927808643102283418457      
   3.60698416935314189669226831471857849        0.144636801805963463479920856910439241      
   3.59608830662773940811688574521154685        0.144164237612653765892296011108228970      
   3.58515695196255008526056205703072245        0.143696164935709424843383527223690249      
   3.57419021324563130713023887853099044        0.143232530972627459626082726178745351      
   3.56318819871426675818299793623015403        0.142773283789233505097529157399291082      
   3.55215101695389817003325464243959793        0.142318372302253791026923413993008303      
   3.54107877689705362698058332984425745        0.141867746262307753854809227925535318      
   3.52997158782227244593536591283526701        0.141421356237309509209949153598436386      
   3.51882955935302664135326506590986635        0.140979153596266788788431542164410982      
   3.50765280145663898582322759366748910        0.140541090493466307056821184722878345      
   3.49644142444319767698732319219763874        0.140107119853034872226744414612211208      
   3.48519553896446762150421793636064735        0.139677195353865892569044172280993920      
   3.47391525601279834680147024103286329        0.139251271414901253876457752832237240      
   3.46260068692002855139511940729333357        0.138829303180758857208730222684600258      
   3.45125194335638730458821284828589214        0.138411246507696408407387572147588435      
   3.43986913732939190639298736666539412        0.137997057949902342674324400109293110      
   3.42845238118274241855438209974906070        0.137586694746105049176118693272994916      
   3.41700178759521287758541563441960298        0.137180114806491832554550613889605228      
   3.40551746957953920075770699720141546        0.136777276699929310766716943056043060      
   3.39399954048130379602305942255307449        0.136378139641477202203258770889013430      
   3.38244811397781688687455667215289056        0.135982663480187699883450618298471702      
   3.37086330407699456318804389873281711        0.135590808687182867029840803062700031      
   3.35924522511623356911717829984536538        0.135202536344002716797751821875273970      
   3.34759399176128283914743877090959096        0.134817808131216859678187362696683295      
   3.33590971900511179344657812513555190        0.134436586317292815396051481735294758      
   3.32419252216677540368098588371355498        0.134058833747714292266685300454361878      
   3.31244251689027604049930383730150779        0.133684513834342936218834825562826374      
   3.30065981914342211391640022476537579        0.133313590545017244296699945697739591      
   3.28884454521668351786246115382963984        0.132946028393382523662731686635251172      
   3.27699681172204389019349948837679725        0.132581792428945957171484772586100260      
   3.26511673559184969949101153729426201        0.132220848227351010698763398852353855      
   3.25320443407765617000983018980119827        0.131863161880865585806128360153209805      
   3.24126002474907005616442934299768311        0.131508699989078484206507648848351110      
   3.22928362549258927797502825097154358        0.131157429649798908071827252982433511      
   3.21727535451043942892582548429121327        0.130809318450153872679982651530285235      
   3.20523533031940716771856021833536562        0.130464334457878555420246757407570311      
   3.19316367174967050543535326400702784        0.130122446212794747940239250096054256      
   3.18106049794362599965542131141482548        0.129783622718472716393799081171886112      
   3.16892592835471286710078497366214685        0.129447833434071908500788146271098687      
   3.15676008274623402641650409267607559        0.129115048266356075613922488478582434      
   3.14456308119017408272127210186899298        0.128785237561878503354991861065507228      
   3.13233504406601426559438473232462569        0.128458372099333165778261802194587807      
   3.12007609205954433219516670223805112        0.128134423082067735581832118262537591      
   3.10778634616167144724089294675328997        0.127813362130754496752268948870832662      
   3.09546592766722605159907813150938313        0.127495161276215316322815197207372400      
   3.08311495817376473127972935364534794        0.127179792952396938774874563239522109      
   3.07073355958037009864276177539020524        0.126867229989492970135498317971140287      
   3.05832185408644769766526516548861709        0.126557445607209019134999233220702686      
   3.04587996419051994514268065154852856        0.126250413408167559998955490985804393      
   3.03340801268901711972720112206157667        0.125946107371449175663972730394094294      
   3.02090612267506541073584537161326242        0.125644501846266931528880768696593051      
   3.00837441753727203868967496910102240        0.125345571545770718380964171567020750      
   2.99581302095850745957452366020971810        0.125049291540978488965104652285372801      
   2.98322205691468466484239160671608198        0.124755637254831395883569603947144186      
   2.97060164967353558920132063233478956        0.124464584456369919213457966930851323      
   2.95795192379338463827011160487827726        0.124176109255028150492112900836443545      
   2.94527300412191934820267085575293133        0.123890188095043475629619032108175219      
   2.93256501579495818941507883970496675        0.123606797749978972940321412347939152      
   2.91982808423521552657666079088844470        0.123325915317355913917766248632041038      
   2.90706233515106374705440565756548746        0.123047518213393823682447916650445613      
   2.89426789453529257002802582005963928        0.122771584167855625279485256448467921      
   2.88144488866386554852077573914943631        0.122498091218995457261534181222367955      
   2.86859344409467377661885247028290927        0.122227017708606817326123669646331403      
   2.85571368766628681417978463937965931        0.121958342277168746249083426613938449      
   2.84280574649670084135767873632593135        0.121692043859087826027465426759690465      
   2.82986974798208405530053217151817551        0.121428101678033824074833924905578813      
   2.81690581979551932140204118913147636        0.121166495242366871555413352123616883      
   2.80391408988574409151742816954380373        0.120907204340654118555743726572735408      
   2.79089468647588760157978681510439411        0.120650209037273861825677811430137408      
   2.77784773806220536108029493197262676        0.120395489668105192325392372064757142      
   2.76477337341281094690237273106180172        0.120143026836301259840427680404063661      
   2.75167172156640511402646950940360541        0.119892801408144300519754072606372202      
   2.73854291183100223564864297692380044        0.119644794508980620397985285956017092      
   2.72538707378265408528245310132697944        0.119398987519233773826025598791686081      
   2.71220433726417097343992589538919801        0.119155362070494220297038247957917220      
   2.69899483238384025151345180753732275        0.118913900041683786457577125483348572      
   2.68575868951414219550646804046542931        0.118674583555293302176542580757595623      
   2.67249603929046328228663395724335508        0.118437394973691820445457702053086521      
   2.65920701260980687106094348468450177        0.118202316895505870639259117498247859      
   2.64589174062950130279782783566752593        0.117969332152067233312943222056396256      
   2.63255035476590543034678569289514823        0.117738423803927762280380326249341307      
   2.61918298669311159203143597470787679        0.117509575137439816250614377252353510      
   2.60578976834164604151712018877804570        0.117282769661400897816089871288681958      
   2.59237083189716684677928692276162053        0.117057991103761132127493376796214073      
   2.57892630979915927102386997450016029        0.116835223408392251181225232547607065      
   2.56545633473962864843572374161103928        0.116614450731916782316883626557895543      
   2.55196103966179076765590452600001123        0.116395657440596171301536834395520596      
   2.53844055775875977591318411895048260        0.116178828107276601292035812289893285      
   2.52489502247223361675965217421884403        0.115963947508391299042335807797616143      
   2.51132456749117701438460620848458517        0.115751000621018148985043160192352515      
   2.49772932675050201750514235031860407        0.115539972619991464289638013311018797      
   2.48410943442974611585594595155800280        0.115330848875066791707696269877894381      
   2.47046502495174794232473864089165336        0.115123614948137653980819651733634043      
   2.45679623298132057380366710211748172        0.114918256590503159832007654758982737      
   2.44310319342392244385061856374997106        0.114714759740185437107274205047692867      
   2.42938604142432588027801845852843040        0.114513110519295869502133516106505270      
   2.41564491236528328081010671827198279        0.114313295231449141517191125410986572      
   2.40187994186619093997300048009276397        0.114115300359224119857866698068557420      
   2.38809126578175054040503236414126056        0.113919112561670622444009311071486590      
   2.37427902020062832179790471202615327        0.113724718671861148544004936561723449      
   2.36044334144411194070212102131910981        0.113532105694486665312499173331984256      
   2.34658436606476503445294604890326106        0.113341260803495567208083771723927084      
   2.33270223084507950249580545942209081        0.113152171339774945413698933822987543      
   2.31879707279612551841256424109402060        0.112964824808873324494037270126825230      
   2.30486902915619928597252017733142815        0.112779208878764043116347028663446927      
   2.29091823738946855255421422789118016        0.112595311377648474748681436119403720      
   2.27694483518461589330629351793480810        0.112413120291798302847316416467793633      
   2.26294896045347977943766453893818362        0.112232623763436083166794511679450530      
   2.24893075132969344404904391471296925        0.112053810088653343485443228203585668      
   2.23489034616732155893975146303961090        0.111876667715365488249431739252124233      
   2.22082788353949473584519507402517064        0.111701185241302792412231546891805061      
   2.20674350223704186558196891705818745        0.111527351412036785096099106012018977      
   2.19263734126712030859882546721719429        0.111355155119041339639883781019354137      
   2.17850953985184395045298759859238261        0.111184585397787802134695487567391355      
   2.16436023742690913575233931690893696        0.111015631425873505696998438523306295      
   2.15018957364021849412497238912040839        0.110848282521183032498440853412859494      
   2.13599768835050267179837096661482996        0.110682528140081599973761956856317411      
   2.12178472162593998239118708600965612        0.110518357875639961672691236036249771      
   2.10755081374277399054109646319180449        0.110355761455890226918813133883286660      
   2.09329610518392904201262606959874761        0.110194728742112016797554086831485926      
   2.07902073663762375394911239337553324        0.110035249727148387026107594023070719      
   2.06472484899598247895308184194961404        0.109877314533750960969314527338623715      
   2.05040858335364475669934223804029463        0.109720913412953728466055314382182888      
   2.03607208100637276680493660079518010        0.109566036742474978229119512150500013      
   2.02171548344965679669983719159001043        0.109412675025146843386073239835439095      
   2.00733893237731873826184894534525098        0.109260818887371951247375925210822709      
   1.99294256968011362699864670964605763        0.109110459077606679628696213485029858      
   1.97852653744432923757918998348589180        0.108961586464870533024603219563812496      
   1.96409097795038374953594189441462035        0.108814192037281162637900741341968995      
   1.94963603367142149697836578793054495        0.108668266900614564719949618242994785      
   1.93516184727190681617708283812983101        0.108523802276890001879298968632462236      
   1.92066856160621600489684733728184949        0.108380789502979201975529979692474075      
   1.90615631971722740737513259885059586        0.108239220029239398938919710899696153      
   1.89162526483490963886161952959815802        0.108099085418169789350680783942384243      
   1.87707554037490796365224170920715153        0.107960377343090987889266018136401857      
   1.86250728993712884056966507912195936        0.107823087586847073801507401875671384      
   1.84792065730432264986016690616719516        0.107687208040529829398976504716506614      
   1.83331578644066461549482737244905642        0.107552730702224780215532088798178338      
   1.81869282149033393688075777393487950        0.107419647675778654897022417794552565      
   1.80405190677609114400576171015445952        0.107287951169587891133840408620400799      
   1.78939318679785369005735964225412749        0.107157633495407821996643741174993309      
   1.77471680623126979557450261310777367        0.107028687067182184900057093835198586      
   1.76002290992629055820755758966212891        0.106901104399892603103435500891271905      
   1.74531164290574034217926463385047202        0.106774878108427697166514496973409932      
   1.73058315036388546155634476530414881        0.106650000906471491115598945406585836      
   1.71583757766500117145827677915245732        0.106526465605410785247313767816288825      
   1.70107507034193698134646125923047787        0.106404265113261174506196535843761781      
   1.68629577409468030455355041618923647        0.106283392433611398223773069656187335      
   1.67149983478891845822914301787890249        0.106163840664585713704324256643995455      
   1.65668739845459902789432440388838460        0.106045602997823992690312750552851435      
   1.64185861128448861081367222658961285        0.105928672717479246142269080166639226      
   1.62701361963272995240934897815018096        0.105813043199232289027607968852277669      
   1.61215257001339748995776238882631409        0.105698707909323262934023536434386588      
   1.59727560909905131782499425989718373        0.105585660403599740309362099785569361      
   1.58238288371928958851277706970656863        0.105473894326581139984661532737940525      
   1.56747454085929936380223560968250972        0.105363403410539189363750027701238138      
   1.55255072765840593029790781654391539        0.105254181474594174264696342556112769      
   1.53761159140862059368971471620071627        0.105146222423826722878690999550594438      
   1.52265727955318696606556383453004331        0.105039520248404875673719959031012147      
   1.50768793968512576062214341207848223        0.104934069022726198316691900567065133      
   1.49270371954577810813619613700952820        0.104829862904574699821439155762882991      
   1.47770476702334740957315073789306180        0.104726896134292323154093604407944728      
   1.46269123015143973922443751122633927        0.104625163033964780444529187398690155      
   1.44766325710760281277911955529031119        0.104524658006621509765574774960994582      
   1.43262099621186353474963500088961044        0.104425375535449535153175788763649693      
   1.41756459592526413968546673091105741        0.104327310183021016153191348653558761      
   1.40249420484839694162243482608043455        0.104230456590534277696559316865928666      
   1.38740997171993770622904312682298564        0.104134809477068115526582353517533459      
   1.37231204541517766012490472516923504        0.104040363638849176732458224046595421      
   1.35720057494455415185972176203283608        0.103947113948532219184209583830791277      
   1.34207570945217997905460247116948098        0.103855055354493057818114831907021938      
   1.32693759821437139622066285036523813        0.103764182880134009790796722733319479      
   1.31178639063817481778288152297128898        0.103674491623201654506427140714142177      
   1.29662223625989223085005415028609237        0.103585976755116728427137869005738627      
   1.28144528474360533228442804038686114        0.103498633520315978403718230476238748      
   1.26625568587969840463718824614766575        0.103412457235605801014009432592507598      
   1.25105358958337994552841333008678910        0.103327443289527499072000492292332544      
   1.23583914589320306506242197351555805        0.103243587141733990073371298664738811      
   1.22061250496958466588159060078898450        0.103160884322377804874947026670490602      
   1.20537381709332342047373705628091172        0.103079330431510218368011251247043745      
   1.19012323266411656036003599344103373        0.102998921138491357300414746134405993      
   1.17486090219907549180215789477993165        0.102919652181411133731611914966485747      
   1.15958697633124025267890542313766627        0.102841519366520855869813995288282536      
   1.14430160580809282519405799381402969        0.102764518567675371242983796883063996      
   1.12900494149006931908842794119375636        0.102688645725785600296987465197368018      
   1.11369713434907104004027932093569160        0.102613896848281321596402915462109548      
   1.09837833546697445794926312958801916        0.102540268008584072827763234079973166      
   1.08304869603414008980988042904962307        0.102467755345590034772851401356325710      
   1.06770836734792031189119742645930302        0.102396355063162768332489957585193060      
   1.05235750081116611595010387513120906        0.102326063429635677540481433534592170      
   1.03699624793073282421582812477137885        0.102256876777324074314315127595999553      
   1.02162476031598477789369865654607724        0.102188791502046723445293641778481187      
   1.00624318967729901394627288920280606        0.102121804062656749037147806575385568      
  0.990851687824567944919939336380904863        0.102055910980581786260270273014540932      
  0.975450406665701056594938733939892326        0.101991108839373264899645779347069773      
  0.960039498205125638246443442467722053        0.101927394284264713739601027808161154      
  0.944619114542286560313882168435235688        0.101864764021738977348822654642803058      
  0.929189407870145114285098743504956234        0.101803214819104239305854480081727095      
  0.913750530473676929611189262491021773        0.101742743504078748339615524539105716      
  0.898302634728368982476971215053861997        0.101683346964384146252483285288824119      
  0.882845873098715711261001264492750892        0.101625022147347298846243014893735940      
  0.867380398136714253527874940510172330        0.101567766059510533384769903611780869      
  0.851906362480358819404211634547703522        0.101511575766250188402720668219642637      
  0.836423918852134216198251830663165473        0.101456448391403383907775152008240772      
  0.820933220057508539131370387809206214        0.101402381116902922226076414020718142      
  0.805434418983425043058039828107821932        0.101349371182420231907437555627291446      
  0.789927668596793210058860899065417878        0.101297415885016269239562815223485255      
  0.774413121942979027799214085859846713        0.101246512578800294019896980187234875      
  0.758890932144294493553875174525265359        0.101196658674596438300679349894350078      
  0.743361252398486358805580331184197243        0.101147851639617988858226057955083653      
  0.727824235977224129333021391001721423        0.101100088997149306142269112001637064      
  0.712280036224587335711100069289509423        0.101053368326235304436196039593758106      
  0.696728806555552089153470543645349790        0.101007687261378419905097502926841734      
  0.681170700454476937634453239108604015        0.100963043492242995126462114176890001      
  0.665605871473588037234308608429611399        0.100919434763367010588962400676826637      
  0.650034473231463653658618168532397594        0.100876858873881095508842391904784047      
  0.634456659411518008889130965391766742        0.100835313677234752151719579512996329      
  0.618872583760484487929896927600968974        0.100794797080929729660911460165703547      
  0.603282400086898220618824170084535110        0.100755307046260485182434869986927308      
  0.587686262259578053480965161380211567        0.100716841588061671842336614095918227      
  0.572084324206107926605856709799919148        0.100679398774462594874715079102676274      
  0.556476739911317670537110896166957444        0.100642976726648578919390458280907032      
  0.540863663415763238168178325759311814        0.100607573618629191207369484695589164      
  0.525245248814206386643781333070894226        0.100573187677013267030710836995841357      
  0.509621650254093824271942994998412227        0.100539817180790685551799856143660411      
  0.493993021934035837456817937496991506        0.100507460461120845646045006755220517      
  0.478359518102284412667662905509850522        0.100476115901127793092262058046315528      
  0.462721293055210868464268855415735201        0.100445781935701952027153357699413818      
  0.447078501135783012604011874164366166        0.100416457051308415164946998278295908      
  0.431431296732041839260367481960033994        0.100388139785801748851052726214022361      
  0.415779834275577781387271789545364629        0.100360828728247270570127497111871809      
  0.400124268240006533268103512033937352        0.100334522518748758064824151570828017      
  0.384464753139444458292302945509095740        0.100309219848282550742313764720130232      
  0.368801443526983597006737648379084987        0.100284919458538005552009618476821937      
  0.353134493993166290492869696353081435        0.100261620141764271010354414427401133      
  0.337464059164459434124575958941856259        0.100239320740623344527630717489598095      
  0.321790293701728376765120839120161709        0.100218020148049379658078920516577243      
  0.306113352298710480465280290211089922        0.100197717307114211348711581127949480      
  0.290433389680488355727966640628326842        0.100178411210899068704645556290192216      
  0.274750560601962787407905784770143566        0.100160100902372446220075422934316820      
  0.259065019846325366317971605496437262        0.100142785474274105844718723118343877      
  0.243376922223530841616687050102217868        0.100126464069005183666205428030129442      
  0.227686422568769209054157058860886180        0.100111135878524376389985105242526997      
  0.211993675740937550156305515849965614        0.100096800144250184190404924956964276      
  0.196298836621111637429746530161006940        0.100083456156969187890184362204936319      
  0.180602060111017320671929637473235297        0.100071103256750339801088213792845702      
  0.164903501131501709473358914545545032        0.100059740832865248926684060624571232      
  0.149203314621004167000697501131336156        0.100049368323714442589165289816510418      
  0.133501655534027130151431605292729335        0.100039985216759587896824251818116826      
  0.117798678839606771172481710701956255        0.100031591048461657817366621853690485      
  0.102094539519783515836713391355239533        0.100024185404225027965358935378094222      
   8.63893925680724332727158547454523177E-0002  0.100017767918347491550185026694302919      
   7.06833929879335125444830649716622339E-0002  0.100012338273976181264439512066944069      
   5.49766957912418410787500300043196991E-0002  0.100007896203069388222190917154181542      
   3.92694559967577000387055613426564050E-0002  0.100004441486364269382484804175569480      
   2.35618286285965917436225200349788426E-0002  0.100001973953350436216307670726634859      
   7.85396871469921423461724239277774124E-0003  0.100000493482249418695473200692758657      
  -7.85396871469860191272851490339888614E-0003   1.00000000000000000000000000000000185E-0001
  -2.35618286285959794277771623829932446E-0002  0.100000493482249418656999470385272043      
  -3.92694559967570877349468837198368410E-0002  0.100001973953350436139358311467634038      
  -5.49766957912412287931212233117866497E-0002  0.100004441486364269267056018448374871      
  -7.06833929879329002830271411760294356E-0002  0.100007896203069388068277008112161714      
  -8.63893925680718210414755872367382882E-0002  0.100012338273976181072032882847437648      
 -0.102094539519782903641731255307133738        0.100017767918347491319276179503608705      
 -0.117798678839606159019799823435028722        0.100024185404225027695936470347324395      
 -0.133501655534026518047091666641171918        0.100031591048461657509417235665230060      
 -0.149203314621003554950740733813824265        0.100039985216759587550332736102381756      
 -0.164903501131501097483826004540808372        0.100049368323714442204114529318644188      
 -0.180602060111016708748860674400926103        0.100059740832865248503055031140668951      
 -0.196298836621111025579180947668453653        0.100071103256750339338859979875241899      
 -0.211993675740936938384282032005401361        0.100083456156969187389334074636041399      
 -0.227686422568768597366713616553738923        0.100096800144250183650907817991081791      
 -0.243376922223530230019860757451052000        0.100111135878524375811814493615031693      
 -0.259065019846324754817798676265133878        0.100126464069005183049332703733333097      
 -0.274750560601962176010421478792907080        0.100142785474274105189113351943323452      
 -0.290433389680487744439205204244107326        0.100160100902372445525704940777925785      
 -0.306113352298709869291274896708007914        0.100178411210899067971475565226422696      
 -0.321790293701727765711903529190523172        0.100197717307114210576705745242759092      
 -0.337464059164458823198177581148346605        0.100218020148049378847198961505240344      
 -0.353134493993165679699319847606724623        0.100239320740623343677836410015586642      
 -0.368801443526982986352064614429556447        0.100261620141764270121603581241745765      
 -0.384464753139443847782533641447975716        0.100284919458538004624258125296848514      
 -0.400124268240005922909263422811492176        0.100309219848282549775515514866411456      
 -0.415779834275577171185384910501442596        0.100334522518748757058931080361134127      
 -0.431431296732041229221456259369663459        0.100360828728247269525089566010847278      
 -0.447078501135782402734097145798642437        0.100388139785801747766817916737259134      
 -0.462721293055210258769369791118582152        0.100416457051308414041461305649416139      
 -0.478359518102283803153796947791244381        0.100445781935701950864360784258717047      
 -0.493993021934035228130000742143232495        0.100476115901127791890104606409486746      
 -0.509621650254093215138188371700030689        0.100507460461120844404462672720537043      
 -0.525245248814205777709101186068775999        0.100539817180790684270730621346075295      
 -0.540863663415762629438582594509633928        0.100573187677013265710090661306261213      
 -0.556476739911317062018607496025506901        0.100607573618629189847132298363603563      
 -0.572084324206107318304451472726397030        0.100642976726648577519468153819164910      
 -0.587686262259577445402661776663095294        0.100679398774462593435037502911042980      
 -0.603282400086897612769624125087089716        0.100716841588061670362831557823483853      
 -0.618872583760483880315799448528989036        0.100755307046260483663028061629873222      
 -0.634456659411517401516132958083635701        0.100794797080929728101526554898970675      
 -0.650034473231463046532714159272048686        0.100835313677234750552278150253632231      
 -0.665605871473587430361490684782972710        0.100876858873881093869263919604781440      
 -0.681170700454476331020710990784113995        0.100919434763367008909164264343198482      
 -0.696728806555551482804791003379124095        0.100963043492242993406359580616659065      
 -0.712280036224586729633467653755745627        0.101007687261378418144603716214554223      
 -0.727824235977223523532417841748922067        0.101053368326235302635222010259061488      
 -0.743361252398485753287984655597795559        0.101100088997149304300723705934392298      
 -0.758890932144293888325263586817236735        0.101147851639617986976015985025410445      
 -0.774413121942978422865559948085886383        0.101196658674596436377709152284932060      
 -0.789927668596792605426134662170269828        0.101246512578800292056069020435138111      
 -0.805434418983424438732208972999337681        0.101297415885016267234777263968669561      
 -0.820933220057507935118399366461717687        0.101349371182420229861592379064918247      
 -0.836423918852133612504102007250752062        0.101402381116902920139067361054282674      
 -0.851906362480358216034841226607934586        0.101456448391403381779495741100478483      
 -0.867380398136713650489238960138904928        0.101511575766250186233062173938081207      
 -0.882845873098715108559051459570564955        0.101567766059510531173621342865729079      
 -0.898302634728368380117656010504711308        0.101625022147347296593491132859419374      
 -0.913750530473676327600453701573682280        0.101683346964384143958012541019295642      
 -0.929189407870144512628884429137847544        0.101742743504078746003308076255474236      
 -0.944619114542285959018127204555200764        0.101803214819104236927590170142163584      
 -0.960039498205125037317082375423337664        0.101864764021738974928478994185695744      
 -0.975450406665700456037902493919892586        0.101927394284264711277053181065704157      
 -0.990851687824567344741155178878294835        0.101991108839373262394766547625480097      
  -1.00624318967729841415166433651524285        0.102055910980581783712930078337007226      
  -1.02162476031598417848918543931309625        0.102121804062656746447214674983760317      
  -1.03699624793073222520732612354904265        0.102188791502046720812633186289633391      
  -1.05235750081116551734352506200475453        0.102256876777324071638790530808649498      
  -1.06770836734791971369244980669436307        0.102326063429635674821953429882352201      
  -1.08304869603413949202486798278260045        0.102396355063162765570816815231439715      
  -1.09837833546697386058388575355618600        0.102467755345590031967888903726426992      
  -1.11369713434907044310043277024759023        0.102540268008584069979364661026292590      
  -1.12900494149006872258000377114047643        0.102613896848281318704419024057103956      
  -1.14430160580809222912294350172193648        0.102688645725785597361266470149989197      
  -1.15958697633123965705098359026315267        0.102764518567675368263371350573566641      
  -1.17486090219907489662330732824676737        0.102841519366520852846153167416429694      
  -1.19012323266411596563613086822088974        0.102919652181411130663743171808031165      
  -1.20537381709332282621064705721761917        0.102998921138491354188175929400617559      
  -1.22061250496958407208518086466711919        0.103079330431510215211237556541916001      
  -1.23583914589320247173855303117390675        0.103160884322377801673470981540174722      
  -1.25105358958337935268294104857727684        0.103243587141733986827022740233597806      
  -1.26625568587969781227596377094031136        0.103327443289527495780606544479905131      
  -1.28144528474360474041329773762133367        0.103412457235605797677394482905538409      
  -1.29662223625989163947485954907043859        0.103498633520315975021703906369804457      
  -1.31178639063817422690945925772839832        0.103585976755116724999543013807367725      
  -1.32693759821437080585484460322761704        0.103674491623201651033067789104692940      
  -1.34207570945217938920221491442290670        0.103764182880134006271486075778244625      
  -1.35720057494455356252658650060945082        0.103855055354493054252663231631508634      
  -1.37231204541517707131683823919065751        0.103947113948532215572424487332124142      
  -1.38740997171993711795185671419399927        0.104040363638849173074144177136944912      
  -1.40249420484839635388193454513382403        0.104134809477068111821540963890224639      
  -1.41756459592526355248745334310415633        0.104230456590534273944589226778094341      
  -1.43262099621186294809990391355312854        0.104327310183021012354088207117927596      
  -1.44766325710760222668346076443000273        0.104425375535449531306732223242062472      
  -1.46269123015143915368863554437808023        0.104524658006621505871580362552081879      
  -1.47770476702334682460298459703189857        0.104625163033964776502770425511980836      
  -1.49270371954577752373743924151326115        0.104726896134292319164353880916507879      
  -1.50768793968512517680056354174634723        0.104829862904574695783498718626434957      
  -1.52265727955318638282692307265705375        0.104934069022726194230327826917299458      
  -1.53761159140862001103976939270822703        0.105039520248404871538706123710732310      
  -1.55255072765840534824240845116697037        0.105146222423826718694798043098047241      
  -1.56747454085929878234692685521453355        0.105254181474594170031691638625734901      
  -1.58238288371928900766339765530196374        0.105363403410539185081397649911838867      
  -1.59727560909905073758727693443238908        0.105473894326581135652722220939149316      
  -1.61215257001339691033743386431988914        0.105585660403599735927593225733179735      
  -1.62701361963272937341212987324246896        0.105698707909323258502179068865024988      
  -1.64185861128448803244527701008254603        0.105813043199232284545438437947619196      
  -1.65668739845459845016046133834598238        0.105928672717479241609521541397181373      
  -1.67149983478891788113551410328902620        0.106045602997823988106730747891040122      
  -1.68629577409467972810585133368714928        0.106163840664585709069647785136277822      
  -1.70107507034193640555038131488477381        0.106283392433611393537738537343339287      
  -1.71583757766500059631949884781390531        0.106404265113261169768536725018607863      
  -1.73058315036388488708054523451801256        0.106526465605410780457757795607695956      
  -1.74531164290573976837211334783285849        0.106650000906471486273872223678371314      
  -1.76002290992628998507471779334091202        0.106774878108427692272338691526556979      
  -1.77471680623126922312163089622865563        0.106901104399892598156528489957594032      
  -1.78939318679785311829010588355238001        0.107028687067182179900132925850335741      
  -1.80405190677609057292976902159290172        0.107157633495407816943412591818358637      
  -1.81869282149033336650166244500864362        0.107287951169587886027008537109427180      
  -1.83331578644066404581825881455768175        0.107419647675778649736292122420310686      
  -1.84792065730432208089174759705461368        0.107552730702224775000601661689156762      
  -1.86250728993712827231501050738490813        0.107687208040529824129540185817053691      
  -1.87707554037490739611696031887256902        0.107823087586847068477255332125303245      
  -1.89162526483490907205131266477010493        0.107960377343090982509884191835878048      
  -1.90615631971722684129539444842724942        0.108099085418169783915851000292141580      
  -1.92066856160621543955326487974311866        0.108239220029239393448319524695914796      
  -1.93516184727190625157523578639613465        0.108380789502979196428832651165724296      
  -1.94963603367142093312382653429329617        0.108523802276889996276173412413547839      
  -1.96409097795038318643427545553896620        0.108668266900614559060060351440268377      
  -1.97852653744432867523595394548624501        0.108814192037281156920907830714045990      
  -1.99294256968011306541939117323496411        0.108961586464870527250162227771253056      
  -2.00733893237731817745211647105613769        0.109110459077606673796458144404192730      
  -2.02171548344965623666516274507435068        0.109260818887371945356987168292719997      
  -2.03607208100637220755084749819461616        0.109412675025146837437175513492037749      
  -2.05040858335364419823135809143425972        0.109566036742474972221349806150522806      
  -2.06472484899598192127671450487898869        0.109720913412953722399045831238058874      
  -2.07902073663762319706986590644287658        0.109877314533750954842692622665826158      
  -2.09329610518392848593599660614564029        0.110035249727148380839495715852657932      
  -2.10755081374277343527257227505383111        0.110194728742112010550569713856227516      
  -2.12178472162593942793624844934958208        0.110355761455890220611068712617314186      
  -2.13599768835050211816249012783448671        0.110518357875639955303794116867716130      
  -2.15018957364021794131361351085182502        0.110682528140081593543314328972083809      
  -2.16436023742690858377095842408527031        0.110848282521183026006039678573751016      
  -2.17850953985184339930703252459914486        0.111015631425873499142235383667987763      
  -2.19263734126711975829373580012434374        0.111184585397787795517156856222413863      
  -2.20674350223704131612317594593358332        0.111355155119041332959150443492407614      
  -2.22082788353949418723812173532995154        0.111527351412036778351746428344899754      
  -2.23489034616732101118981228710599270        0.111701185241302785603829318549065941      
  -2.24893075132969289716164497230502202        0.111876667715365481376544099520820867      
  -2.26294896045347923341820338789609533        0.112053810088653336547628591278963797      
  -2.27694483518461534816015914990316430        0.112232623763436076163605490410836373      
  -2.29091823738946800828678701513179778        0.112413120291798295778299744738351245      
  -2.30486902915619874258917181962124493        0.112595311377648467613377889832809516      
  -2.31879707279612497591865771270859628        0.112779208878764035914291345309903173      
  -2.33270223084507896089669495620520904        0.112964824808873317224758066900187698      
  -2.34658436606476449375397693542318149        0.113152171339774938076718624260121233      
  -2.36044334144411140090862977811197976        0.113341260803495559802918480836723609      
  -2.37427902020062778291521888292709387        0.113532105694486657838658651201777470      
  -2.38809126578175000243847050370366470        0.113724718671861141000992470365124589      
  -2.40187994186619040292787210109630568        0.113919112561670614831321635505924966      
  -2.41564491236528274469171223931987499        0.114115300359224112174993904145059994      
  -2.42938604142432534509164915173442673        0.114313295231449133763616567580954819      
  -2.44310319342392190960155650251565265        0.114513110519295861677333717688454465      
  -2.45679623298132004049718510900031990        0.114714759740185429210718761919102724      
  -2.47046502495174740996610023556438271        0.114918256590503151863159137277571354      
  -2.48410943442974558445040529885980900        0.115123614948137645939133504851507696      
  -2.49772932675050148705794420839863202        0.115330848875066783592620711411142263      
  -2.51132456749117648490098587703829964        0.115539972619991456100613930326415761      
  -2.52489502247223308824483544281773046        0.115751000621018140721504003471901260      
  -2.53844055775875924837238721546561821        0.115963947508391290703707484340704636      
  -2.55196103966179024109433406511999543        0.116178828107276592877736575811859214      
  -2.56545633473962812285857667345481661        0.116395657440596162810977173780407337      
  -2.57892630979915874643633353332521352        0.116614450731916773749466152222145289      
  -2.59237083189716632318653857576806848        0.116835223408392242536344560670372649      
  -2.60578976834164551892432758500913037        0.117057991103761123404536011370875374      
  -2.61918298669311107044375689404734987        0.117282769661400889014434083949027674      
  -2.63255035476590490976936799516207416        0.117509575137439807369630084825733243      
  -2.64589174062950078323580940980897387        0.117738423803927753319428965987903707      
  -2.65920701260980635251945219806666296        0.117969332152067224271377624496307565      
  -2.67249603929046276477078760504155900        0.118202316895505861516423376895528617      
  -2.68575868951414167902137429515357177        0.118437394973691811240687044343414209      
  -2.69899483238383973606420816847720424        0.118674583555293292889163228986091243      
  -2.71220433726417045903161963852025658        0.118913900041683777086906162649001667      
  -2.72538707378265357192016122895693768        0.119155362070494210842383477215898771      
  -2.73854291183100172333743216762069529        0.119398987519233764286685400955355017      
  -2.75167172156640460277139606798972284        0.119644794508980610773248474238940772      
  -2.76477337341281043670848253870998345        0.119892801408144290808899744543152960      
  -2.77784773806220485195262339640546816        0.120143026836301250042725066887192695      
  -2.79089468647588709352335882089679223        0.120395489668105182440100683433098326      
  -2.80391408988574358453725802852938451        0.120650209037273851852046080542981255      
  -2.81690581979551881550313259091335760        0.120907204340654108493010648801649798      
  -2.82986974798208355048787813408456940        0.121166495242366861402807122192559595      
  -2.84280574649670033763626155677107489        0.121428101678033813831572070507923160      
  -2.85571368766628631155457584473054999        0.121692043859087815692754638878948182      
  -2.86859344409467327509481276843234624        0.121958342277168735822119386473042426      
  -2.88144488866386504810285496989583017        0.122227017708606806806090872208361781      
  -2.89426789453529207072116290625409534        0.122498091218995446647605755163568578      
  -2.90706233515106324886352855636662942        0.122771584167855614570822780522301592      
  -2.91982808423521502950668644512546591        0.123047518213393812878201232359277217      
  -2.93256501579495769347091312934939679        0.123325915317355903017073269120811446      
  -2.94527300412191885338920854949956893        0.123606797749978961942307927431902037      
  -2.95795192379338414459223631183581102        0.123890188095043464533398509344407844      
  -2.97060164967353509666390475382653808        0.124176109255028139296786282546409878      
  -2.98322205691468417345029628819137005        0.124464584456369907918113463078790873      
  -2.99581302095850696933259874326632328        0.124755637254831384487282480776476496      
  -3.00837441753727154960275894361920343        0.125049291540978477466937016612647794      
  -3.02090612267506492280876532800181433        0.125345571545770706779964750630201070      
  -3.03340801268901663296477270361639910        0.125644501846266919824084685451629191      
  -3.04587996419051945954970800692416991        0.125946107371449163854401274150837467      
  -3.05832185408644721324654090128326558        0.126250413408167548083615883271298709      
  -3.07073355958036961540306690884459912        0.126557445607209007112884388754800409      
  -3.08311495817376424922383326545606085        0.126867229989492958005586600636188951      
  -3.09546592766722557073173851875696929        0.127179792952396926536129536922578687      
  -3.10778634616167096756685577594572667        0.127495161276215303974185371390001136      
  -3.12007609205954385371916616246997121        0.127813362130754484292687518838039435      
  -3.13233504406601378832114318855278227        0.128134423082067723010216699798777157      
  -3.14456308119017360665550004830441998        0.128458372099333153093514160631049964      
  -3.15676008274623355156290010629341390        0.128785237561878490555997634539039788      
  -3.16892592835471239346403566782658659        0.129115048266356062699550905258634964      
  -3.18106049794362552724020128962712511        0.129447833434071895469891736006973299      
  -3.19316367174967003424632507376706151        0.129783622718472703245213379908348597      
  -3.20523533031940669776037430512466492        0.130122446212794734672782498900991263      
  -3.21727535451043896020312014567494630        0.130464334457878542032719594450868323      
  -3.22928362549258881049242959082039080        0.130809318450153859171167797448450574      
  -3.24126002474906958992655122583006116        0.131157429649798894440489189358663637      
  -3.25320443407765570502127419524627652        0.131508699989078470451392289632801127      
  -3.26511673559184923575636691467623339        0.131863161880865571925962715843069266      
  -3.27699681172204342771734311142083507        0.132220848227350996692255233246048116      
  -3.28884454521668305664935747549000946        0.132581792428945943037322251920458385      
  -3.30065981914342165397090123217611819        0.132946028393382509399583020908822858      
  -3.31244251689027558182594900685017242        0.133313590545017229903213021977600664      
  -3.32419252216677494628430213623839043        0.133684513834342921693636833066168153      
  -3.33590971900511133733107978124663635        0.134058833747714277608382347189917484      
  -3.34759399176128238431762750643430301        0.134436586317292800603228202483197890      
  -3.35924522511623311557754310139866045        0.134817808131216844749406518098681250      
  -3.37086330407699411094306101941274718        0.135202536344002701731553888400315581      
  -3.38244811397781643592868958736178764        0.135590808687182851824743553605781288      
  -3.39399954048130334638075878594485484        0.135982663480187684537948693163240591      
  -3.40551746957953875242341059675542088        0.136378139641477186715823238896999057      
  -3.41700178759521243056354834864142862        0.136777276699929295135794852517475306      
  -3.42845238118274197284935585399878935        0.137180114806491816778564533162616721      
  -3.43986913732939146200920108961367216        0.137586694746105033253466240629539510      
  -3.45125194335638686153005242849828362        0.137997057949902326603377762617361625      
  -3.46260068692002810966695764994336335        0.138411246507696392186493013270240839      
  -3.47391525601279790640766682474420499        0.138829303180758840836207578286954443      
  -3.48519553896446718244911937017884781        0.139251271414901237350599915277841935      
  -3.49644142444319723927526277269183421        0.139677195353865875888116562288958476      
  -3.50765280145663854945852536216250894        0.140107119853034855388984440536048225      
  -3.51882955935302620634022776584918040        0.140541090493466290060437688901229675      
  -3.52997158782227201227828694727515864        0.140979153596266771631604233982651589      
  -3.54107877689705319468374271907967163        0.141421356237309491890828028888572432      
  -3.55215101695389773910091898176206837        0.141867746262307736371513974319816660      
  -3.56318819871426632861942035381822898        0.142318372302253773377542801834240797      
  -3.57419021324563087893965899347357687        0.142773283789233487280120415797947597      
  -3.58515695196254965844720593748375510        0.143232530972627441638670903793613834      
  -3.59608830662773898268496586668840306        0.143696164935709406683960837328946677      
  -3.60698416935314147264598351851464443        0.144164237612653747558821160495457896      
  -3.61784443260099086634360366975085398        0.144636801805963444970318358159229899      
  -3.62866898918487337314972437393327723        0.145113911204330909120802568918711651      
  -3.63945773227078556042600462086667785        0.145595620400944151532987007825186225      
  -3.65021055537818876200711245437008918        0.146081984912251298271690737641282438      
  -3.66092735238105999812942750051424981        0.146573061197196862725578384516096267      
  -3.67160801750893939643304248359587030        0.147068906676943647208906751786123870      
  -3.68225244534797410369944130105896487        0.147569579755094610869450802866696494      
  -3.69286053084195867802186625069857733        0.148075139838429527470266053478340818      
  -3.70343216929337195114012371193344177        0.148585647358171761309562078097775692      
  -3.71396725636441035070641563487434344        0.149101163791801013650241107353177927      
  -3.72446568807801767228372324250655923        0.149621751685428436381682080951969585      
  -3.73492736081891129091330905771342543        0.150147474676751075103709136075602632      
  -3.74535217133460480212304338226617925        0.150678397518603191320510997656856815      
  -3.75574001673642708228350133247475691        0.151214586103122623918430178673827398      
  -3.76609079450053775825411612813111223        0.151756107486550984579884797315690865      
  -3.77640440246893907629711318889310040        0.152303029914687141308519696098388501      
  -3.78668073885048416027248736558604811        0.152855422849014129911298234120512762      
  -3.79691970222188164916292197229712055        0.153413356993520346258632310080715284      
  -3.80712119152869670401328283688842897        0.153976904322236613637360411714753044      
  -3.81728510608634837440515299997275186        0.154546138107511490796570395861072623      
  -3.82741134558110331462280361182934826        0.155121132949047988698874826629748940      
  -3.83749981007106583970302364857294098        0.155701964803725698931927153225365109      
  -3.84755039998716431159735493755366885        0.156288711016233205678651813509830850      
  -3.85756301613413384571149929093192015        0.156881450350536557635382151545339622      
  -3.86753755969149532812298093815934709        0.157480263022210517928017805636051758      
  -3.87747393221453073381455956427817745        0.158085230731660290612491423189024687      
  -3.88737203563525473629739674215206494        0.158696436698262443548768324541582172      
  -3.89723177226338259903458103264920958        0.159313965695454811190020634601780232      
  -3.90705304478729433911231415616053330        0.159937904086806269109573524182097521      
  -3.91683575627499515364285204946634705        0.160568339863098426978496611778181828      
  -3.92657981017507209942017995074809297        0.161205362680452490394547393152824912      
  -3.93628511031764701638637953843373474        0.161849063899535796750345508320765653      
  -3.94595156091532568550371822159990300        0.162499536625883838636944324098745394      
  -3.95557906656414321166465557494429348        0.163156875751374952657002212407960709      
  -3.96516753224450562230921926308579322        0.163821177996896274652310990527144433      
  -3.97471686332212767245655223943220437        0.164492541956241047058161411476564723      
  -3.98422696554896684689487416545236684        0.165171068141278913356665471062380180      
  -3.99369774506415355031163250737192012        0.165856859028442451546308527266778863      
  -4.00312910839491747618324225864897160        0.166550019106574886477410766953825701      
  -4.01252096245751014528152733674908723        0.167250654926185683302612257431067529      
  -4.02187321455812360469178103950514475        0.167958875150162564826292665021871357      
  -4.03118577239380527827525714660336880        0.168674790605990418075090347609721953      
  -4.04045854405336895954688694148159984        0.169398514339529564033177241716278036      
  -4.04969143801830193797709023327607526        0.170130161670407963494844947892917395      
  -4.05888436316366824976471000164537425        0.170869850249084125925351652570810645      
  -4.06803722875900804416635019269569544        0.171617700115639781883295115021318736      
  -4.07714994446923305650573408431924404        0.172373833760363778006148974830501396      
  -4.08622242035551817902512613565758839        0.173138376186191162141262500386190203      
  -4.09525456687618912077937295887041248        0.173911454973064050565394363057094387      
  -4.10424629488760614781171862182192096        0.174693200344283615344782784723035529      
  -4.11319751564504389488923552673031983        0.175483745234925404053049213209606690      
  -4.12210814080356724011448423044444138        0.176283225362393212955499575752688458      
  -4.13097808241890323376887339415081660        0.177091779299189885439348708449007659      
  -4.13980725294830907278213419046309243        0.177909548547986707382145644700657165      
  -4.14859556525143611226135156965065720        0.178736677619076528201617740489280715      
  -4.15734293259118990555210740903340529        0.179573314110299358877700971111504218      
  -4.16604926863458626434348735427878150        0.180419608789532995131774732219627787      
  -4.17471448745360333036798372162936063        0.181275715679845194562557182261380537      
  -4.18333850352602965028669077828076819        0.182141792147408110803568907619520246      
  -4.19192123173630824538963566571466248        0.183017998992280066208056489293809295      
  -4.20046258737637666778061778844408930        0.183904500542164338340922631315395639      
  -4.20896248614650303475554126820826685        0.184801464749259456495007614105187618      
  -4.21742084415611803312291867020831281        0.185709063290320565101519334763040510      
  -4.22583757792464288525499925174479770        0.186627471670056724589003078080812739      
  -4.23421260438231326869783107203868131        0.187556869327994601097857388155148243      
  -4.24254584087099918120850304172562153        0.188497439748944859487484477305746079      
  -4.25083720514502074312782998735040810        0.189449370577213735222948331528621730      
  -4.25908661537195992903684066520161867        0.190412853734708736936126524440282793      
  -4.26729399013346822068560498427693171        0.191388085543094240726121732217004020      
  -4.27545924842607017322319209353254554        0.192375266850159898736627091134617729      
  -4.28358230966196288679788505654141602        0.193374603160572318582585210853085697      
  -4.29166309366981137563719017918366420        0.194386304771188398455414656875574089      
  -4.29970152069553982675766927416479782        0.195410586911117048269240827487057880      
  -4.30769751140311874049519084038151049        0.196447669886724814565626662197452109      
  -4.31565098687534794508684090504369499        0.197497779231790182214565662718735718      
  -4.32356186861463547757645572086778592        0.198561145863021077090052893247571711      
  -4.33143007854377232335653622767610014        0.199638006241160370549232082125384920      
  -4.33925553900670300670017777471274366        0.200728602537915020362170971005694270      
  -4.34703817276929202467759765351293327        0.201833182808955907492467698220859579      
  -4.35477790302008611689286710708862830        0.202952001173247479849771624429673150      
  -4.36247465337107236351755325462785485        0.204085317998979031288196009349050489      
  -4.37012834785843210413914939621950112        0.205233400096382867785562986911307745      
  -4.37773891094329066998341903294879307        0.206396520917738786789947537438794166      
  -4.38530626751246292211109924697089539        0.207574960764879267061492200450132939      
  -4.39283034287919458823080242604660390        0.208769007004525585112977280342104198      
  -4.40031106278389939081142127897915280        0.209978954291801794197221377556621542      
  -4.40774835339489195921888026317253621        0.211205104802291180095994355446277868      
  -4.41514214130911651864368652317448038        0.212447768473018506173627473094975352      
  -4.42249235355287134862741480889743100        0.213707263252761144069030873265235541      
  -4.42979891758252900403801319285059891        0.214983915362113126512513450772495455      
  -4.43706176128525229138563932508615852        0.216278059563748330637418081290023228      
  -4.44428081297970599341263003988797003        0.217590039443352484848702777859109401      
  -4.45145600141676433493316994604381136        0.218920207701718576752180897944239435      
  -4.45858725578021418294025677868609251        0.220268926458526617155817111867736420      
  -4.46567450568745397403966235032106185        0.221636567568356685934044094544732882      
  -4.47271768119018836231275749627200779        0.223023512949513857251028547148424045      
  -4.47971671277511858075230704914165399        0.224430154926275089978389747420635052      
  -4.48667153136462850945764618118407075        0.225856896585201598544092469882713077      
  -4.49358206831746644381802200513107208        0.227304152146195723778424019307617657      
  -4.50044825542942255595532370484184348        0.228772347349019046672347274024397128      
  -4.50727002493400204273993025827835320        0.230261919856028585509340279053028990      
  -4.51404730950309395373597659723747251        0.231773319671930555771025064154855484      
  -4.52078004224763569247497640082778905        0.233307009581396532790123605393596622      
  -4.52746815671827318449944222205108880        0.234863465605435133733993657850203473      
  -4.53411158690601670566091087757905823        0.236443177477463737934993436196941275      
  -4.54071026724289236419961356780967569        0.238046649140079519349140007457221312      
  -4.54726413260258923017592561481491824        0.239674399263587416717748980641170967      
  -4.55377311830110210586668958649140721        0.241326961787404880315330791918718999      
  -4.56023716009736993078252749211161660        0.243004886485529595029151472549448200      
  -4.56665619419390981500534226293635135        0.244708739557327197450469184994004938      
  -4.57303015723744669458835544636239624        0.246439104244971614782767564207987893      
  -4.57935898631953860280423651740196573        0.248196581478951418733078123690263107      
  -4.58564261897719755107014902067258896        0.249981790553141901678145836546531368      
  -4.59188099319350601342186947246181390        0.251795369831034872115817589402632472      
  -4.59807404739822900845252614816394408        0.253637977484816894947887867244412228      
  -4.60422172046842177267495612721228839        0.255510292269092372526320345052016014      
  -4.61032395172903301931018983670394176        0.257413014331161021232631376055376048      
  -4.61638068095350377654814239680011340        0.259346866059880539971878031969755495      
  -4.62239184836436179937021989566463437        0.261312592975275237970047030260166878      
  -4.62835739463381154906723587857756117        0.263310964661190793650220029211817645      
  -4.63427726088431973462977839375517642        0.265342775743444921070100312059624706      
  -4.64015138868919641023197046457615285        0.267408846916084361523185237073046995      
  -4.64597972007317162307342642204280350        0.269510026018531207538268227423928072      
  -4.65176219751296760588812269952017832        0.271647189166587100366449626036026296      
  -4.65749876393786650847287403065924669        0.273821241940463407871187856137776403      
  -4.66318936273027366263213406693448778        0.276033120633220276685292762046722931      
  -4.66883393772627637497992280887134852        0.278283793563228761519756019633584407      
  -4.67443243321619824208382148972030699        0.280574262454519489919538892355104287      
  -4.67998479394514898248016822642487156        0.282905563889150083116485175270547565      
  -4.68549096511356978013383442406694347        0.285278770836013534064912008587757205      
  -4.69095089237777413396026214985782694        0.287694994260822819967382256961868766      
  -4.69636452185048420807179604395131556        0.290155384822345260730484249055521990      
  -4.70173180010136267745474936913714655        0.292661134660325793311554011470013732      
  -4.70705267415754006382810208155894771        0.295213479280933907953429438286933063      
  -4.71232709150413755647923889120546586        0.297813699545997230581680360057641369      
  -4.71755500008478531291669673475061642        0.300463123772748660438910153601109543      
  -4.72273634830213623422450346456331684        0.303163129951316918542724150428990131      
  -4.72787108501837521004735242606589969        0.305915148087736012071382532835359909      
  -4.73295915955572382818057051028561660        0.308720662680841539256902374365062180      
  -4.73800052169694054378359978811908994        0.311581215342065445910826651384867151      
  -4.74299512168581630328052451572630641        0.314498407567840775708450097039427531      
  -4.74794291022766561805603570431591376        0.317473903675089645975253544447014647      
  -4.75284383848981308310013412962290449        0.320509433911097243669247253116726783      
  -4.75769785810207533579982917338276458        0.323606797749978859868062634642637301      
  -4.76250492115723845012109479737020938        0.326767867388933406831297416826499256      
  -4.76726498021153076146939480592518986        0.329994591458553877590951282133746521      
  -4.77197798828509111756218691070032100        0.333288998962642153213489246461508398      
  -4.77664389886243255069195852653940498        0.336653203464262846679097828352171979      
  -4.78126266589290136680353625438914847        0.340089407536180109327724753597474683      
  -4.78583424379113164685464519995791178        0.343599907495365489772414241167159060      
  -4.79035858743749515597397318902331343        0.347187098442958534352130870189879554      
  -4.79483565217854665597631812496999603        0.350853479632921095547488165480390651      
  -4.79926539382746461683976374398845282        0.354601660194669476706923957616107592      
  -4.80364776866448732279523941063133959        0.358434365237216019547109011283600374      
  -4.80798273343734436872427291292303173        0.362354442364826492075261632038255800      
  -4.81227024536168354260624101334541211        0.366364868636927485317532581732015546      
  -4.81651026212149308980196034075282760        0.370468758008008069429324318915345631      
  -4.82070274186951935500604061916194187        0.374669369286585006370228596045669569      
  -4.82484764322767979774604277256727078        0.378970114655977926691166481896128106      
  -4.82894492528747137735214567019440565        0.383374568803711964456451687994979631      
  -4.83299454761037430336672673326221809        0.387886478710877873910109389505878476      
  -4.83699647022825114740900286132795839        0.392509774157787458719662510609357014      
  -4.84095065364374131255565870218744672        0.397248579007826374879067194192277397      
  -4.84485705883065085634420873226083930        0.402107223337596574503617063563800315      
  -4.84871564723433766355169748219339379        0.407090256488336077259480288992978020      
  -4.85252638077209196494723808244147602        0.412202461121294801008153786394943469      
  -4.85628922183351219826282266292349152        0.417448868368335181376165793527682169      
  -4.86000413328087620767280856604965505        0.422834774178633544710786950520471145      
  -4.86367107844950777811849136989406231        0.428365756973118301802709629454819912      
  -4.86729002114813850086021891386647413        0.434047696730349793842545109085729265      
  -4.87086092565926496668557941855182379        0.439886795641103315982407109513334885      
  -4.87438375673950128324831093963264050        0.445889600484168124516042915271253360      
  -4.87785847961992691305872833786515301        0.452063026893059775259363272948465229      
  -4.88128506000642982869264722747261807        0.458414385702737123340127974591689913      
  -4.88466346408004498183200152823880037        0.464951411587338947140030446637724640      
  -4.88799365849728808279660183588603805        0.471682294224780448913846546007354884      
  -4.89127561039048468727276538453110774        0.478615712252209914809859240135634320      
  -4.89450928736809458699086444732821132        0.485760870308325851333162517457428436      
  -4.89769465751503150115018814971093668        0.493127539494985723592973403901212443      
  -4.90083168939297806543589239649657033        0.500726101632091311391453589885902829      
  -4.90392035204069611551922348176760920        0.508567597727225860029980590019478662      
  -4.90696061497433226197864250084008351        0.516663781135902096549005498392118176      
  -4.90995244818771875362594945840713883        0.525027175950687929147096642158773759      
  -4.91289582215266962626800750745143975        0.533671141229245556608378282107811953      
  -4.91579070781927213398119860080005079        0.542609941754036423341632202793934532      
  -4.91863707661617346002230153200970612        0.551858826111996515769609705531138592      
  -4.92143490045086270454607142509358053        0.561434112993125723331891684612949342      
  -4.92418415170994814634641574362705011        0.571353286735355519312781482162087663      
  -4.92688480325942977588470536891846276        0.581635103292494017517834664129021490      
  -4.92953682844496709691542978384916401        0.592299707976388061769833052576990105      
  -4.93214020109214219406610243305619627        0.603368766528387613849959967711162829      
  -4.93469489550671806377504545047024362        0.614865611314441592585663270935536085      
  -4.93720088647489220603743169069227723        0.626815404719617713346106004061004643      
  -4.93965814926354547445673590990363160        0.639245322149965685145943478069642122      
  -4.94206665962048618214554555331641178        0.652184757442772813588727218683460662      
  -4.94442639377468946106650445770070595        0.665665553953102565979759807806292879      
  -4.94673732843653187245100940714946609        0.679722265140743345438325134067887261      
  -4.94899944079802126598014942560379807        0.694392449146760329045592397892233876      
  -4.95121270853302188545927048817328570        0.709717002646921954911872807427344876      
  -4.95337710979747471876446352213496228        0.725740540230594749453711959889680294      
  -4.95549262322961308988621068464655207        0.742511826716229245081586576637726356      
  -4.95755922795017349094238348441434382        0.760084271226202167175481547672728357      
  -4.95957690356260165207976589535122749        0.778516493565295226147924773630896223      
  -4.96154563015325384723027572797660716        0.797872975555946917623608122466307096      
  -4.96346538829159343373507771507478790        0.818224812578928893431593464370522375      
  -4.96533615903038262389682156787188727        0.839650583778340900430647237739692758      
  -4.96715792390586948656729720344933519        0.862237363380930499834708314460647871      
  -4.96893066493797017692487696883196191        0.886081900568634049263300321732175985      
  -4.97065436463044639264321052753329588        0.911292001614983197185528052074276138      
  -4.97232900597107805469975166549309262        0.937988155927937433546161702596106528      
  -4.97395457243183121111982715031018919        0.966305457736869432878230309209726144      
  -4.97553104796902116199910547529476088        0.996395888095861610367290659889858534      
  -4.97705841702347080419448737280924026         1.02843103856506158121709367334550525      
  -4.97853666452066419412061992414637792         1.06260537962831026451601367814693246      
  -4.97996577587089532713643146015913581         1.09914020533510843943389097774678156      
  -4.98134573696941213205329477221120060         1.13828842322300636391152771609102726      
  -4.98267653419655567934365097081192187         1.18034040866719280244823660800797500      
  -4.98395815441789460167616517344557773         1.22563121023383714711217761148056081      
  -4.98519058498435472545073760737377461         1.27454948431823549492419845474924937      
  -4.98637381373234391205395921121923827         1.32754866344249516592628370423759445      
  -4.98750782898387210760287894443798325         1.38516103802218240177285026634783656      
  -4.98859261954666659999224029973873881         1.44801567861478516292549631691799843      
  -4.98962817471428248210764649337764892         1.51686147881059605430614269097767616      
  -4.99061448426620832011442701519105752         1.59259711099086242133569098544379769      
  -4.99155153846796702577930218726756814         1.67631044179903888660144055676733036      
  -4.99243932807121193182927664023389122         1.76933108610245993986957462860005069      
  -4.99327784431381806939953670206738397         1.87330150941107612970440194293969918      
  -4.99406707891996864666948013888454083         1.99027479370321917924301975230384435      
  -4.99480702410023672783336902292963745         2.12285150958167618752871056853212646      
  -4.99549767255166211159946726255417574         2.27437524792522745591667882796480223      
  -4.99613901745782340845890304480541342         2.44921839691782065739115743389364751      
  -4.99673105248890531601288264572228749         2.65321080759233587867277052473155682      
  -4.99727377180176109169427528888676617         2.89430227694368117773339594394057060      
  -4.99776717003997022226698851144612083         3.18362252090975001340399263151531728      
  -4.99821124233389128953395936089000215         3.53724779600635533158188108374186771      
  -4.99860598430071003173199822745894841         3.97929248718836987586574844085153638      
  -4.99895139204448260013913874824575081         4.54765062816327893582536898108256246      
  -4.99924746215617401046756853184497874         5.30547894201829335267282925873269400      
  -4.99949419171369178866264097877974103         6.36645953060000707567730249969986531      
  -4.99969157828191481077589774481758603         7.95795659796355199332063913327799007      
  -4.99983961991271733662746394357158294         10.6104866207200758591312343293516225      
  -4.99993831514498823702061354332797581         15.9155990294266655196828934756639329      
  -4.99998766300464541431874011268047190         31.8310409783156774450735135097284502      
