   6.40310843837005412359547906563510820                                            Infinity
   6.40304524227480686473552145717971022         24.8558670720706439098259010247104780      
   6.40291885070803229381026705713173012         12.4279948656812918400495509625048041      
   6.40272926491716414854496856516971119         8.28539805513299557977173262927172465      
   6.40247648677333764592808858883126755         6.21412009425116749603442013536471307      
   6.40216051877137101486211581428574322         4.97136967402690010810692366340896426      
   6.40178136402974087331484460371011871         4.14288302497891987380088128188322376      
   6.40133902629055145021413559549234706         3.55111853177672848633023168427220624      
   6.40083350991949765238992478035124539         3.10730538689639261111289444294788042      
   6.40026481990582197692799542526465156         2.76212647517247772155814260989249472      
   6.39963296186226526936077051829045474         2.48599152761882516584847751282478436      
   6.39893794202501132818112251143645699         2.26007037316527222817307219651824336      
   6.39817976725362535622593144621441859         2.07180956452601510573202689229322493      
   6.39735844503098625953685145797787162         1.91251825366719169448069852330283611      
   6.39647398346321279436646857122271926         1.77598869207407428074420973226273794      
   6.39552639127958356305874901941336159         1.65766853091138751749670677693607489      
   6.39451567783245085959338645033972957         1.55414350862350937482826849429040444      
   6.39344185309714836564435771233746936         1.46280271938166207681818756201583150      
   6.39230492767189269806368985881697718         1.38161545871537469838139051523091404      
   6.39110491277767880876212495943219868         1.30897853894453839110124075179892401      
   6.38984182025816923801904366695097390         1.24360940998184681955767195439511331      
   6.38851566257957722231467266063381383         1.18446981704882673965728649979906497      
   6.38712645283054365783825447095636740         1.13071027901477094819810379808572084      
   6.38567420472200792088650018819822964         1.08162905064725549238721153286893757      
   6.38415893258707254642727557025490241         1.03664134430002906520820045803056330      
   6.38258065138086176616408849461708367        0.995255938395810376329734284961755159      
   6.38093937668037390749754994753239283        0.957057183951518276112372327715362250      
   6.37923512468432765484057121177964231        0.921691009653452068848091868526629019      
   6.37746791221300217480463600524147382        0.888853925844934469687440911525576900      
   6.37563775670807110683504743769593032        0.858284303550995189585601937245532324      
   6.37374467623243042093359519524766088        0.829755397698119003512247632963018542      
   6.37178868947002014416761773302479446        0.803069720678559872012135972819243687      
   6.36976981572563995772494685977778104        0.778054470871347293746284727072658537      
   6.36768807492475866633471733559649712        0.754557792341292599402191358681712259      
   6.36554348761331754193450137904828544        0.732445694591112847919536807000546117      
   6.36333607495752754352468669574593554        0.711599500356048806392465847370363115      
   6.36106585874366041521145619997781340        0.691913718766047610320688534137121985      
   6.35873286137783366450014740805841653        0.673294263400565436792951178079472897      
   6.35633710588578942296116894016738465        0.655656951703139137434688539566565830      
   6.35387861591266719145103008052021773        0.638926235255255481219727368446548313      
   6.35135741572277047213139631784311363        0.623034120509140927278821163015680833      
   6.34877353019932728958941862360839630        0.607919247462095253717305420451486668      
   6.34612698484424460342289632884562705        0.593526099948778401645371716530244330      
   6.34341780577785661471412223632043330        0.579804326125272105915349105302398970      
   6.34064601973866696887652345844259430        0.566708151614406689291938657964678159      
   6.33781165408308485741845180763707287        0.554195870898378440966760975285561612      
   6.33491473678515502122869279053885813        0.542229405051461188043100120319905457      
   6.33195529643628165804845177595456103        0.530773915932372501237150113454035297      
   6.32893336224494623685473912502450329        0.519797468602594902546333827515381425      
   6.32584896403641922194021239663193294        0.509270735081229933659323795536178306      
   6.32270213225246570953464257831964027        0.499166733649270486522295003716742783      
   6.31949289795104497987325204953875478        0.489460598823959479650147802691246017      
   6.31622129280600396767722406699702133        0.480129377874569412492591793226092421      
   6.31288734910676465407170637850462351        0.471151850374132117782715947013983721      
   6.30949109975800538302662452963358101        0.462508367800977021477289884413910593      
   6.30603257827933610546558293460574764        0.454180710638284102177389032015392583      
   6.30251181880496755424806324729859598        0.446151960784399714545421806660752020      
   6.29892885608337435329002939860809382        0.438406387393646155026379975897592885      
   6.29528372547695206414791627144674872        0.430929344526703313281231157585829633      
   6.29157646296166817345081377351336880        0.423707179209426740113514338805675171      
   6.28780710512670702462545945010396314        0.416727148685784551937548264409703200      
   6.28397568917410869741842016442501736        0.409977345809850356458188221889916871      
   6.28008225291840183877957617124115714        0.403446631657926521731292580104732841      
   6.27612683478623044873071853170038357        0.397124574558561085773577231647708048      
   6.27210947381597462490273267364010939        0.391001394838501191780926878251705453      
   6.26803020965736526948446640374785310        0.385067914669020655889212047455584082      
   6.26388908257109276238596923715185950        0.379315512471672897849325829377945738      
   6.25968613342840960447834093823423749        0.373736081407111362889599757285311852      
   6.25542140371072703483194007594771524        0.368321991526661665629902069887129619      
   6.25109493550920562593417760030850959        0.363066055215061950034639849636440316      
   6.24670677152433986092755535704562493        0.357961495595254645827757650315502748      
   6.24225695506553669696800448801268258        0.353001917603196387131377476535418641      
   6.23774553005068811886293322970701135        0.348181281473100996261144831598987121      
   6.23317254100573768720770713528677175        0.343493878401978117515243463771754685      
   6.22853803306424108529855662142978160        0.338934308187317914493599313847595850      
   6.22384205196692066915913639524804707        0.334497458653761533739593912019592426      
   6.21908464406121402507714816368699368        0.330178486703982331972304698614899344      
   6.21426585630081653910658148424772558        0.325972800846122345013160713384803801      
   6.20938573624521798305022709775232183        0.321876045065272632635132857709541985      
   6.20444433205923312149617200793812027        0.317884083919905006077910928607561572      
   6.19944169251252634454099535606897043        0.313992988756071894330070238088298960      
   6.19437786697913033089134819908671030        0.310199024942777104708357867373323453      
   6.18925290543695874609451805514327126        0.306498640041344354707426258623597339      
   6.18406685846731298070744994915829527        0.302888452830012680850122633961833845      
   6.17881977725438293327251909230732489        0.299365243112489820230049873958003921      
   6.17351171358474184302712568249820123        0.295925942245902322051042110677131808      
   6.16814271984683517733290903784936401        0.292567624329586843493923855771870498      
   6.16271284903046357886905579233410991        0.289287498001551502264183951346542008      
   6.15722215472625987769280461297624296        0.286082898794269897081641617231977385      
   6.15167069112516017332882726264282442        0.282951282005815341222771356673038394      
   6.14605851301786899210769225344400737        0.279890216046253294691184708862120005      
   6.14038567579431852503209223538607219        0.276897376222733674197640475740072234      
   6.13465223544312195150793906610807375        0.273970538929903704579934767300289522      
   6.12885824855102085433580063365557573        0.271107576215133316085852339393264948      
   6.12300377230232673141647037921711972        0.268306450690641517127570841510300719      
   6.11708886447835660968272351500643604        0.265565210766962620178515424662024182      
   6.11111358345686276682752257898309067        0.262881986184321292040603672488945348      
   6.10507798821145656645708863837049601        0.260254983820417855720449785721115247      
   6.09898213831102641235535257399976601        0.257682483754880256713978015301057266      
   6.09282609391914982760434287397568429        0.255162835572234547918086882467991614      
   6.08660991579349966436305166517611381        0.252694454886697599079679731981191151      
   6.08033366528524445016524874236691761        0.250275820073418215461241378191702674      
   6.07399740433844287665458354551469163        0.247905469191998639868081370237735728      
   6.06760119548943243673312681505379593        0.245581997089228841403921013812443533      
   6.06114510186621221615725645183348892        0.243304052668971194091406023868601453      
   6.05462918718781984567248535323862615        0.241070336318052188283968474788781269      
   6.04805351576370261983646212013422422        0.238879597477858825905249538610972506      
   6.04141815249308278873694796201475244        0.236730632352107619662410274035315545      
   6.03472316286431702886908430182643159        0.234622281741960196397481534271844910      
   6.02796861295425009949371492976317671        0.232553429000307284573988668382852248      
   6.02115456942756269085591350991214933        0.230522998097637645561229621057854034      
   6.01428109953611347070019123855715304        0.228529951792455062665693998978535625      
   6.00734827111827533557611992247264547        0.226573289899709136605513187469278227      
   6.00035615259826587348530212452014575        0.224652047651168238014549001459240572      
   5.99330481298547204447775174778728005        0.222765294142089048251771174051988565      
   5.98619432187376908586281493452035635        0.220912130858929855035612652520455312      
   5.97902474944083364875676187897108818        0.219091690283217033829357208892250117      
   5.97179616644745117274611453143249057        0.217303134567008543817409633613236228      
   5.96450864423681750550264264225901575        0.215545654275707160300694788665705461      
   5.95716225473383477424276059829242742        0.213818467194261696673473146583016959      
   5.94975707044440151598078947925480249        0.212120817193058585628079795879412686      
   5.94229316445469707358221214840167503        0.210451973150050660690793704901562349      
   5.93477061043046026467964343080685981        0.208811227925896415869384767703667457      
   5.92718948261626233057076196551372609        0.207197897389092889333095254457550802      
   5.91954985583477417227390458656128557        0.205611319488279952821242221121133645      
   5.91185180548602788097340753539653401        0.204050853369074410476463682085918747      
   5.90409540754667257014309087693519364        0.202515878532960031227289272280390977      
   5.89628073856922451669252262775403232        0.201005794035915473573945216631129659      
   5.88840787568131161853686675252166784        0.199520017724606939231374742816211633      
   5.88047689658491217604721378944942601        0.198057985508107161944229000962745092      
   5.87248787955558800489431387363804403        0.196619150663227777428470785459893252      
   5.86444090344171188785457878580536468        0.195202983171668942043839141391735959      
   5.85633604766368937320309181083141361        0.193808969087298924338802131875621656      
   5.84817339221317492737416109441508190        0.192436609931977883915399422069479610      
   5.83995301765228244962567328620785521        0.191085422118434725854325630511361998      
   5.83167500511279015649914900413009467        0.189754936398794281147608805041485311      
   5.82333943629533984392296949799294837        0.188444697337434578294501079847504871      
   5.81494639346863053486173428261196595        0.187154262806931065250449452455177149      
   5.80649595946860652047012190363909817        0.185883203505916707081721614506918088      
   5.79798821769763980276495984646004073        0.184631102497754284686805455807152960      
   5.78942325212370694688446435358110471        0.183397554768980287096810522672381460      
   5.78080114727956035105878603362183801        0.182182166806538831455632175824501560      
   5.77212198826189394247109208078034597        0.180984556192879344296920163144781870      
   5.76338586073050330724343013368287380        0.179804351218043556862300410239431315      
   5.75459285090744026283655174389971719        0.178641190507915947637507231954333164      
   5.74574304557616188120772455493992371        0.177494722667857330378385859627070632      
   5.73683653208067397112533107086902997        0.176364605940984042187050641787233283      
   5.72787339832466902809373777928157650        0.175250507880395324755140532258820853      
   5.71885373277065866039652084647560283        0.174152105034689189589865428484762329      
   5.70977762443910049982065308441576916        0.173069082646142478695354780966056619      
   5.70064516290751960567869086135959893        0.172001134360964127599502771079840815      
   5.69145643830962437080034855361636329        0.170947961951061948539369346067728149      
   5.68221154133441693821911147840833990        0.169909275046792708605116645507358256      
   5.67291056322529813733371547165233185        0.168884790880193001865723384195273202      
   5.66355359577916694837841184496798355        0.167874234038214518476449751218307891      
   5.65414073134551450408993983949670559        0.166877336225511902030260334625956043      
   5.64467206282551263751304435718904443        0.165893836036354556124341687267691613      
   5.63514768367109698494020416096355853        0.164923478735255602622191803073516708      
   5.62556768788404465303497436230164890        0.163966016045931791464779730845642943      
   5.61593217001504645924199632804194613        0.163021205948227593368545777475250215      
   5.60624122516277375464028760787761643        0.162088812482655045211586749031075854      
   5.59649494897293983844989358173001733        0.161168605562218231241734539922782508      
   5.58669343763735597345536072405407253        0.160260360791207634721098191263928262      
   5.57683678789298201166277815340337653        0.159363859290665043260297682133397997      
   5.56692509702097163956032895432723544        0.158478887530234291943429875926359910      
   5.55695846284571225240539509987655634        0.157605237166126932783040437735585035      
   5.54693698373385946701426914256168795        0.156742704884944975049514667278957492      
   5.53686075859336628258344165635249341        0.155891092253115193407701881525930511      
   5.52672988687250689912425517998117780        0.155050205571701191447204790733520848      
   5.51654446855889520314544261107231893        0.154219855736370476267505599606966994      
   5.50630460417849793027070011108586296        0.153399858102304281897255140107883696      
   5.49601039479464251453098108325999557        0.152590032353847809755091185785154842      
   5.48566194200701963412363816116758240        0.151790202378707965172287888056966493      
   5.47525934795068046348288387658707557        0.151000196146514590230929196096772254      
   5.46480271529502864155828724552484764        0.150219845591569652961904690167310253      
   5.45429214724280696625017240475825040        0.149448986499616877663009729039040941      
   5.44372774752907882500283613350891661        0.148687458398471915458946289947623795      
   5.43310962042020437160845309208433955        0.147935104452360381415938820161180872      
   5.42243787071281145932639038879743577        0.147191771359817946295162112478972424      
   5.41171260373276134047440613642265580        0.146457309255013187795723463493434259      
   5.40093392533410914269985946909140373        0.145731571612360097066494384712791848      
   5.39010194189805913219061155007687914        0.145014415154293019358751204730660260      
   5.37921676033191477413674790157073598        0.144305699762082399862423162921148378      
   5.36827848806802360080560142151273121        0.143605288389575022915132864964323179      
   5.35728723306271689764380221300540560        0.142913046979747489842132759119546689      
   5.34624310379524421787122433304410426        0.142228844383966491734938488633357094      
   5.33514620926670273608274026444776322        0.141552552283854011733779887875372286      
   5.32399665899896145142463082423679082        0.140884045115659949292727718417654253      
   5.31279456303358025096333084054443306        0.140223199997048808196916821539142485      
   5.30154003193072384391491875676964659        0.139569896656211041806941951314555991      
   5.29023317676807057745438085541965954        0.138924017363213413525461356064911272      
   5.27887410913971614487419753532506379        0.138285446863506317615608070083292025      
   5.26746294115507219691220952605962995        0.137654072313509424488807112112832881      
   5.25599978543775986711902558493022830        0.137029783218200274133290389732082738      
   5.24448475512449822218542959834252862        0.136412471370633549692257930663867418      
   5.23291796386398764820033360527746788        0.135802030793321728076927420089805546      
   5.22129952581578818385980358167771575        0.135198357681410633234106040066203600      
   5.20962955564919281169755637745679460        0.134601350347586117191170539072725161      
   5.19790816854209571845708849039419188        0.134010909168650670800283446257995334      
   5.18613548017985553577524990223386196        0.133426936533711226364356035532967835      
   5.17431160675415357239661850181050162        0.132849336793921763876609968943777670      
   5.16243666496184704918746218902539409        0.132278016213726576951621447095599506      
   5.15051077200381734826739610411174737        0.131712882923552198876543841032601036      
   5.13853404558381328762605107209649047        0.131153846873898038492675161341556620      
   5.12650660390728943264116580701181277        0.130600819790777734489932323524489073      
   5.11442856568023945596349919967330720        0.130053715132465109570318943793129192      
   5.10230005010802455728282963327212429        0.129512448047500396985835038944250912      
   5.09012117689419695453806525029294469        0.128976935333914125134338901120491068      
   5.07789206623931845818313195115591739        0.128447095399627684947451377615420339      
   5.06561283883977414016883415940387224        0.127922848223991173274465641967240999      
   5.05328361588658110934929656126160078        0.127404115320420606716382759273220967      
   5.04090451906419240506989264116345919        0.126890819700098037580408899183597800      
   5.02847567054929602074174741270102513        0.126382885836699479827998389301637916      
   5.01599719300960906925596681085126211        0.125880239632116870943295516358930385      
   5.00346920960266710213869429192485866        0.125382808383141558270864719266412462      
   4.99089184397460859439592580919587070        0.124890520749078008140129328088079449      
   4.97826522025895460704472702256866386        0.124403306720257595455890581512550935      
   4.96558946307538363937509088900129799        0.123921097587423442712560887411887312      
   4.95286469752850168303414919699969491        0.123443825911958342789997816111397696      
   4.94009104920660749007180768476074517        0.122971425496928821505960292200841646      
   4.92726864418045306713411065008988382        0.122503831358919375724373509639414428      
   4.91439760900199940803775695484637350        0.122040979700631862740874828343538372      
   4.90147807070316747700618458236202897        0.121582807884225918484907306307011891      
   4.88851015679458445489451495921198860        0.121129254405377147499658257480953141      
   4.87549399526432526077740064026147650        0.120680258868030658312224330782897068      
   4.86242971457664936132045021664319892        0.120235761959828315231903695056521579      
   4.84931744367073288040241198001403002        0.119795705428188843284634001503067334      
   4.83615731195939602150168250408525542        0.119360032057020658305234551853521924      
   4.82294944932782581540696742822006553        0.118928685644048000497703405598254900      
   4.80969398613229420585805889126679460        0.118501610978731628304840785949239961      
   4.79639105319887148576870681139130263        0.118078753820765981408776549152956604      
   4.78304078182213509672944908535968716        0.117660060879135348262959811670981630      
   4.76964330376387380453402833560838436        0.117245479791712175828714472071392220      
   4.75619875125178726351865961386467452        0.116834959105381238198776649283723266      
   4.74270725697818098254892402563011432        0.116428448256673937530471032454259468      
   4.72916895409865670553444712134163095        0.116025897552897546129979697654442485      
   4.71558397623079821939677765955932078        0.115627258153744713529967037677470520      
   4.70195245745285260246101153843052290        0.115232482053369057847173468738685954      
   4.68827453230240692628670686853951378        0.114841522062913137416185616517248914      
   4.67455033577506042399850887892778461        0.114454331793475557454319783712556301      
   4.66078000332309213822164716568571995        0.114070865639504408068378602150018171      
   4.64696367085412406177208226746910558        0.113691078762604654980778667057998047      
   4.63310147472977978429556324425651218        0.113314927075747513611574136557972885      
   4.61919355176433865809421240559012780        0.112942367227870231254748245126394515      
   4.60524003922338549642347714467252679        0.112573356588855081653014827701477078      
   4.59124107482245581758638154855380303        0.112207853234876741898578026036806455      
   4.57719679672567664819597163706034787        0.111845815934107573834622960151356866      
   4.56310734354440289902067730020911882        0.111487204132770671545294684293490870      
   4.54897285433584932687101082304282420        0.111131977941530863618088728555321447      
   4.53479346860171809602958587684213456        0.110780098122214174136583190646323145      
   4.52056932628682195276987158656181905        0.110431526074846550286184031946659332      
   4.50630056777770302655239332745473171        0.110086223825002957483201954915176383      
   4.49198733390124727153025483186667763        0.109744154011458225500563539918875116      
   4.47762976592329456203888457410545363        0.109405279874131301575412446973533535      
   4.46322800554724445578780282243625661        0.109069565242314829340496645959509070      
   4.44878219491265763851496377929215733        0.108736974523182226001212956368945203      
   4.43429247659385306390684945170817885        0.108407472690564674845868869610213636      
   4.41975899359850080262997788312637003        0.108081025273990686274991681368801877      
   4.40518188936621061436183771575776067        0.107757598347981108398445547416507728      
   4.39056130776711625675147332165418174        0.107437158521592688194683741670743598      
   4.37589739310045554528201952392073030        0.107119672928203496559189005927910615      
   4.36119029009314617804942181182687810        0.106805109215533735580728136051685845      
   4.34644014389835733951337652105095370        0.106493435535895644353910209369587239      
   4.33164710009407709731818529038375335        0.106184620536666410832445913362455777      
   4.31681130468167560632273880775679669        0.105878633350978181906056763354339634      
   4.30193290408446413402022601165647930        0.105575443588619442291124953731005661      
   4.28701204514624992156940611042191348        0.105275021327142205196683914014841177      
   4.27204887512988689470038161456762684        0.104977337103169624289289571177390201      
   4.25704354171582223879877064047382701        0.104682361903898797449467514128150239      
   4.24199619300063885251299563328741631        0.104390067158793688396721720938951267      
   4.22690697749559369427008296981036190        0.104100424731463242658965580987197863      
   4.21177604412515203612590323704968693        0.103813406911719919767049378513405985      
   4.19660354222551763941617493889800986        0.103528986407814004149425535956263388      
   4.18138962154315886671480456344284326        0.103247136338839193162130811742995560      
   4.16613443223333074464624294941389451        0.102967830227305092184316121135660598      
   4.15083812485859299213850132643038812        0.102691041991872373901896956951547952      
   4.13550085038732402874328987558193146        0.102416745940246481947436386911302438      
   4.12012276019223097768941677146463414        0.102144916762225878112823106227684579      
   4.10470400604885567837511603252160609        0.101875529522900947546460032924882078      
   4.08924474013407672304435773325498720        0.101608559655999787826656439266555601      
   4.07374511502460753243143383086886268        0.101343982957377215700414550987489850      
   4.05820528369549048519720664288888870        0.101081775578643429719321518016126844      
   4.04262539951858711601935449544538220        0.100821914020928868114327971430966524      
   4.02700561626106439723774985980592007        0.100564375128781899146580925698302713      
   4.01134608808387711899475902445307964        0.100309136084196075965386277313668220      
   3.99564696954024638284875863002610917        0.100056174400763779805640178280737370      
   3.97990841557413422387752284474050866         9.98054679179531642703389088172277980E-0002
   3.96413058151871437632634519988442867         9.95569947955053995696925368498554033E-0002
   3.94831362309483919789382076154571349         9.93107335079492990237239650904977601E-0002
   3.93245769640950276778612701019518537         9.90666628392304909731431985745837541E-0002
   3.91656295795430017370840515995739053         9.88247618774523775733264684417607195E-0002
   3.90062956460388300299945730163031293         9.85850100097261978545948934418169164E-0002
   3.88465767361441105315343832653907898         9.83473869171275860016244943081812334E-0002
   3.86864744262200027700953471237496154         9.81118725697570871155615952154539121E-0002
   3.85259902964116697792778455901462900         9.78784472219021618511111999678638983E-0002
   3.83651259306326827030620438515860568         9.76470914072982783414918170351766423E-0002
   3.82038829165493882083124777018748919         9.74177859344867548079403377342512854E-0002
   3.80422628455652388589032858612043491         9.71905118822670792659988461804023378E-0002
   3.78802673128050866061169694968306187         9.69652505952414938541837804541297270E-0002
   3.77178979170994395503335877346431573         9.67419836794496905854586294515029528E-0002
   3.75551562609686821293897954868348698         9.65206929980915228195033424247915045E-0002
   3.73920439506072588893480939242917180         9.63013606673356925331559090686671178E-0002
   3.72285625958678219937760908311448580         9.60839690522124275845022635608262463E-0002
   3.70647138102453426279934543457753359         9.58685007625882156777521575770604281E-0002
   3.69004992108611864551005856852360726         9.56549386492207126941191177454201486E-0002
   3.67359204184471532809578308516071517         9.54432657998919925093741072669427960E-0002
   3.65709790573294810856372945275489802         9.52334655356183534206857308323794113E-0002
   3.64056767554128145792210078978977433         9.50255214069349429011556528806082940E-0002
   3.62400151441641384401693325135331183         9.48194171902535076357760202969970926E-0002
   3.60739958585966753948320510872955733         9.46151368842916197114202352742209498E-0002
   3.59076205372537492970215998392055813         9.44126647065717724784109487178175375E-0002
   3.57408908221926133669133322648533838         9.42119850899887810131688666220823832E-0002
   3.55738083589682437488815675772790268         9.40130826794439623299675850276497325E-0002
   3.54063747966170985482224651751558427         9.38159423285446095530487592419254115E-0002
   3.52385917876408425070554759403802445         9.36205490963673122050979903050953737E-0002
   3.50704609879900374800342486035927704         9.34268882442837116298692527564424173E-0002
   3.49019840570477988708354114896581877         9.32349452328473163798625329478911141E-0002
   3.47331626576134181907296033353125670         9.30447057187400371975041067594065993E-0002
   3.45639984558859519008734882423183011         9.28561555517771350322054326018299269E-0002
   3.43944931214477767002942558915420874         9.26692807719693083968372691401143832E-0002
   3.42246483272481114218692756121192033         9.24840676066406783053423864295661512E-0002
   3.40544657495865056989331385068015233         9.23005024676014600771945443872479700E-0002
   3.38839470680962955654722823270257637         9.21185719483741414719821056844230334E-0002
   3.37130939657280261531937459323463546         9.19382628214720159553945046104515790E-0002
   3.35419081287328416490793407376886532         9.17595620357289484222505588939893303E-0002
   3.33703912466458426773596523433360953         9.15824567136792784379836570543564007E-0002
   3.31985450122694112701637933675471992         9.14069341489867930313994699966861411E-0002
   3.30263711216565035914207151870527311         9.12329818039217273019422515333322738E-0002
   3.28538712740939105789061486792583768         9.10605873068847766167569648580729686E-0002
   3.26810471720854866696458790106509710         9.08897384499771289883716959993761019E-0002
   3.25079005213353467742010639036194311         9.07204231866155503639752094024155236E-0002
   3.23344330307310316656746755296870564         9.05526296291915790424534118101087432E-0002
   3.21606464123266419495898801281691693         9.03863460467739082853248649081446306E-0002
   3.19865423813259407811012635588292060         9.02215608628530584215762516929134596E-0002
   3.18121226560654254963082622047052092         9.00582626531274613826121957932357229E-0002
   3.16373889579973683247469639026267449         8.98964401433301016599623321811042547E-0002
   3.14623430116728263504415998659974129         8.97360822070948781723098941965029079E-0002
   3.12869865447246208892005528654088120         8.95771778638618714765345816627704964E-0002
   3.11113212878502864501435562521150741         8.94197162768207201759687938978677311E-0002
   3.09353489747949894497469497682007479         8.92636867508913292835968037612919553E-0002
   3.07590713423344168469923885226518462         8.91090787307411517036216496871248972E-0002
   3.05824901302576348685012680781153103         8.89558817988383019163369552571360669E-0002
   3.04056070813499179928323283589530074         8.88040856735397784027521920886172679E-0002
   3.02284239413755483634134291437596226         8.86536802072140883406573232304615295E-0002
   3.00509424590605857998703473477971189         8.85046553843975846560650007683214112E-0002
   2.98731643860756085778056282522859692         8.83570013199838416361009622663484162E-0002
   2.96950914770184251473690264342067785         8.82107082574454110138828026748880700E-0002
   2.95167254893967569612478945447911213         8.80657665670873157347962631609135909E-0002
   2.93380681836108925829910164463961266         8.79221667443316535185281026044620044E-0002
   2.91591213229363132468628327317631093         8.77798994080326968535592857576765332E-0002
   2.89798866735062900407067685192041595         8.76389552988218902115202931339459976E-0002
   2.88003660042944528835764428611667912         8.74993252774821590584775141317823203E-0002
   2.86205610870973314701719133577218686         8.73610003233509586791403337717627824E-0002
   2.84404736965168683543947858833643483         8.72239715327515039281170664111910054E-0002
   2.82601056099429043446109949844246972         8.70882301174516337893595795656247584E-0002
   2.80794586075356363834833327714637050         8.69537674031497770701778501655974645E-0002
   2.78985344722080480855073703191769191         8.68205748279874976887447541090037721E-0002
   2.77173349896083131056542730153194515         8.66886439410881098426371554492120529E-0002
   2.75358619481021715127921573065925414         8.65579664011208648791913373620293987E-0002
   2.73541171387552793418240682268181172         8.64285339748902229345479816627099184E-0002
   2.71721023553155314987453723314899907         8.63003385359497333752314045820537162E-0002
   2.69898193941953581930863565902989373         8.61733720632400587717132912055201155E-0002
   2.68072700544539950724670978098189560         8.60476266397506875651810670461048456E-0002
   2.66244561377797272342512166935452830         8.59230944512048907639660514789122127E-0002
   2.64413794484721072895429531342412383         8.57997677847674879318673372274956614E-0002
   2.62580417934241476550280922294780100         8.56776390277749974138017955888170913E-0002
   2.60744449821044872484136312878041321         8.55567006664877551914807497369837993E-0002
   2.58905908265395327634737042397228669         8.54369452848635959796226288192559326E-0002
   2.57064811412955747009601688912669132         8.53183655633526991678286668920011633E-0002
   2.55221177434608783318854118822677285         8.52009542777132109907594833110055119E-0002
   2.53375024526277497699323335774175152         8.50847042978472628755579564292949644E-0002
   2.51526370908745773299921379841039193         8.49696085866570142762975452090464580E-0002
   2.49675234827478483500744687321680516         8.48556601989203564661557101822488245E-0002
   2.47821634552441416540765987598436823         8.47428522801859217244165864268358072E-0002
   2.45965588377920958331387962370920196         8.46311780656870501325347341019381225E-0002
   2.44107114622343535235516500495555068         8.45206308792743737864287920507847984E-0002
   2.42246231628094818594180425079294410         8.44112041323666856458582268938643129E-0002
   2.40382957761338692785076025005407869         8.43028913229197674809627558261357136E-0002
   2.38517311411835988599748567505399077         8.41956860344128584454682553253152899E-0002
   2.36649310992762983728439178699402669         8.40895819348524527102064659098309673E-0002
   2.34778974940529672143924032347791956         8.39845727757931213338498255660180355E-0002
   2.32906321714597804177953660703395145         8.38806523913750601343925304315186692E-0002
   2.31031369797298699086163372815370789         8.37778146973780717590575817984451581E-0002
   2.29154137693650831899571212575840053         8.36760536902916964360020557758326251E-0002
   2.27274643931177196363007589057170728         8.35753634464012120323395291003148873E-0002
   2.25392907059722445763030643274831813         8.34757381208892300433989800384073356E-0002
   2.23508945651269813450073556616884690         8.33771719469526200014855550418229635E-0002
   2.21622778299757814861744335170870128         8.32796592349345005222882254125884079E-0002
   2.19734423620896732856355099592363497         8.31831943714710408069795432577420441E-0002
   2.17843900251984888167896550713050023         8.30877718186528218913626744188587503E-0002
   2.15951226851724696795794045672304642         8.29933861132005122834351367407157736E-0002
   2.14056422100038516144884587043859195         8.29000318656546178606598951492790900E-0002
   2.12159504697884281733138977463738925         8.28077037595790710111763696633186397E-0002
   2.10260493367070936286720404069648886         8.27163965507784290021739612931475232E-0002
   2.08359406850073653044019770234801881         8.26261050665284564466327546032560208E-0002
   2.06456263909848855092339166397488770         8.25368242048198715194729315742719593E-0002
   2.04551083329649032562907947205608250         8.24485489336150402486303770028894183E-0002
   2.02643883912837359511910938844654392         8.23612742901174077783990432210401003E-0002
   2.00734684482702112317185318607908677         8.22749953800534599741850841136849335E-0002
   1.98823503882270891422201668986421389         8.21897073769670131121661594971852685E-0002
   1.96910360974124648260885591469650552         8.21054055215256336767347952135604542E-0002
   1.94995274640211519198759051699628332         8.20220851208389944754530549383062037E-0002
   1.93078263781660468327785298635109274         8.19397415477889773779175099295162504E-0002
   1.91159347318594740954187737159000705         8.18583702403713369937257023178730014E-0002
   1.89238544189945129620381517483115176         8.17779667010487435278836553270934375E-0002
   1.87315873353263054504006817328729988         8.16985264961150268916745518025619262E-0002
   1.85391353784533460038884815928735790         8.16200452550704479053397191523184796E-0002
   1.83465004477987529604531174325976193         8.15425186700078261079666673266067006E-0002
   1.81536844445915220132657426331098900         8.14659424950093572917428475615997852E-0002
   1.79606892718477618480868031130106491         8.13903125455539574041729523328099749E-0002
   1.77675168343519121425519924355123534         8.13156246979349729148756482854425290E-0002
   1.75741690386379441127452212090206719         8.12418748886881011250265993142515441E-0002
   1.73806477929705437926016164596266786         8.11690591140293672092042335648515347E-0002
   1.71869550073262782318539866504824038         8.10971734293030080230818619775238799E-0002
   1.69930925933747447984047751029631061         8.10262139484391158878079651601103905E-0002
   1.67990624644597037711722770739297749         8.09561768434208986746951402591081960E-0002
   1.66048665355801944096248120165145700         8.08870583437614155636239618631123791E-0002
   1.64105067233716346863796209710032619         8.08188547359896508369459530914423476E-0002
   1.62159849460869048694044979880644323         8.07515623631457909991847682703596866E-0002
   1.60213031235774151405195623874105888         8.06851776242855733829922148260134163E-0002
   1.58264631772741574370541339277804925         8.06196969739935772150835689244502669E-0002
   1.56314670301687417036693840538959707         8.05551169219053308736855811261982873E-0002
   1.54363166067944167415113017559660714         8.04914340322381117727756525354417403E-0002
   1.52410138332070758420105307087967787         8.04286449233303179594321762715862799E-0002
   1.50455606369662473927958037502585262         8.03667462671892931102805464150733974E-0002
   1.48499589471160706433360199306546612         8.03057347890474891626006597310200594E-0002
   1.46542106941662568180724768515722229         8.02456072669268533164219128277421415E-0002
   1.44583178100730357649473853695057070         8.01863605312113285971019100339437985E-0002
   1.42622822282200883273775535386412506         8.01279914642273595746665687293573081E-0002
   1.40661058833994646278630304996895732         8.00704969998322971977541784720197892E-0002
   1.38697907117924884515595474968985386         8.00138741230105990174981408506224126E-0002
   1.36733386509506479182807809510267072         7.99581198694777233512190778154263635E-0002
   1.34767516397764726315317901781309008         7.99032313252916181684666220449301475E-0002
   1.32800316185043974933084485868835436         7.98492056264717076738185298042094555E-0002
   1.30831805286816133735292906935319164         7.97960399586252817129487357771105723E-0002
   1.28862003131489048230959367646678831         7.97437315565811952418311983734592241E-0002
   1.26890929160214750197061310532163876         7.96922777040307871745438187334022442E-0002
   1.24918602826697581356694371704089122         7.96416757331759299639443614257930532E-0002
   1.22945043597002193170997738923390125         7.95919230243841232724538839157737055E-0002
   1.20970270949361424639812454087924858         7.95430170058505470582267917646466330E-0002
   1.18994304373984060007241204776419250         7.94949551532669913360133800740238069E-0002
   1.17017163372862468269463439618904220         7.94477349894975817729133245152809275E-0002
   1.15038867459580126383326206286084966         7.94013540842612221478399951244020608E-0002
   1.13059436159119028075378937281807365         7.93558100538206765407094355605750536E-0002
   1.11078889007666980152149486156048227         7.93111005606782159239595041951926218E-0002
   1.09097245552424788213569034087132085         7.92672233132777556058010589144485798E-0002
   1.07114525351413333672545033052769327         7.92241760657134117223936923114238469E-0002
   1.05130747973280543984754116246907047         7.91819566174444066956958772452333626E-0002
   1.03145932997108257993780878415528323         7.91405628130162552658194437217810061E-0002
   1.01160100012218988297763597977152364         7.90999925417881643720610404503071229E-0002
  0.991732686179825825447243289461725303         7.90602437376665817961130681976288694E-0002
  0.971854584236227855647583237582979255         7.90213143788448300949828723643222809E-0002
  0.951966890480237042482364482619915117         7.89832024875487639405665062838306871E-0002
  0.932069801195361770801341077285370136         7.89459061297883905483127190004288194E-0002
  0.912163512757840502415412082728299448         7.89094234151153944196408470098853294E-0002
  0.892248221634703621903298222798093578         7.88737524963865091423965575811755467E-0002
  0.872324124381834386338595001964518174         7.88388915695326804912825665335601172E-0002
  0.852391417642028998074845654614807479         7.88048388733339665465157081157334913E-0002
  0.832450298143055819734932356757908222         7.87715926892001220045531410043556678E-0002
  0.812500962695713750559550228238493809         7.87391513409568152902033866320871890E-0002
  0.792543608191889783277805700843203036         7.87075131946374284953853236712720652E-0002
  0.772578431602615760671068743477436483         7.86766766582803915668022348522271837E-0002
  0.752605629976124351009107140078599779         7.86466401817320035434299241588932442E-0002
  0.732625400435904261545240431153790035         7.86174022564546950055389215177724197E-0002
  0.712637940178754709264771179697823446         7.85889614153406872405320584746826274E-0002
  0.692643446472839168088281832541333619         7.85613162325310049577218163011153542E-0002
  0.672642116655738411738526546548252590         7.85344653232398006948291202619602139E-0002
  0.652634148132502871486598865047566460         7.85084073435839503539800188824420288E-0002
  0.632619738373704327999817994837194112         7.84831409904178805848236294434993022E-0002
  0.612599084913486956520348581301196688         7.84586650011735899976001847372470492E-0002
  0.592572385347617744609951243770998017         7.84349781537058274400502623842944414E-0002
  0.572539837331536301702453652245363580         7.84120792661423918094658358712632198E-0002
  0.552501638578404079711534538844997413         7.83899671967395190954236983152124690E-0002
  0.532457986857153023947225683672359916         7.83686408437423235602879210425509114E-0002
  0.512409079990533673600159537707225271         7.83480991452502611638892415576966214E-0002
  0.492355115853162731058022689500572970         7.83283410790875845263478973462024070E-0002
  0.472296292369570119323917794116605312         7.83093656626787598992583108344729914E-0002
  0.452232807512245546811388810274566199         7.82911719529288177808489330341880982E-0002
  0.432164859299684598795726385095056867         7.82737590461086099657123383898084503E-0002
  0.412092645794434374805841937273936809         7.82571260777449469647075737508241758E-0002
  0.392016365101138691245480372782613847         7.82412722225155908661016618394905989E-0002
  0.371936215364582868536832378097214348         7.82261966941490798353677665320342310E-0002
  0.351852394767738122083707832140199290         7.82118987453293615687166649761598817E-0002
  0.331765101529805576355342019105240405         7.81983776676052141248239944400823252E-0002
  0.311674533904259921395625971538059529         7.81856327913044336607419682679760548E-0002
  0.291580890176892731066081389751097699         7.81736634854527696920603954652926281E-0002
  0.271484368663855462334239135027260119         7.81624691576975895844134184167114604E-0002
  0.251385167709702154922228247167568716         7.81520492542362550638171668468844124E-0002
  0.231283485685431850633339760690180021         7.81424032597491946074677335620298122E-0002
  0.211179520986530751677096259206390371         7.81335306973376566449234014953705584E-0002
  0.191073472031014137315934086877046872         7.81254311284661295624316711028646178E-0002
  0.170965537257468058158990403966346540         7.81181041529094155609292288566340142E-0002
  0.150855915123090827430681806817699735         7.81115494087043464713277450406424468E-0002
  0.130744804101734328543765009418992440         7.81057665721061306794839900923547005E-0002
  0.110632402681945158308383084325778874         7.81007553575493213581206309149742341E-0002
   9.05189093650056251102229671769853007E-0002   7.80965155176133972442935530186143841E-0002
   7.04045226629746213923413253582382735E-0002   7.80930468429929482391701179976352198E-0002
   5.02894410967283897764564634154894491E-0002   7.80903491624724591422662024586244877E-0002
   3.01738631940012021605536733523495331E-0002   7.80884223429056858652624943117090047E-0002
   1.00579874874259711305103265979583503E-0002   7.80872662891996195014553906820314429E-0002
  -1.00579874874251869758849622685663421E-0002   7.80868809443030346561669167689404896E-0002
  -3.01738631940004180136675985992742010E-0002   7.80872662891996194714124547019921309E-0002
  -5.02894410967276056450488914313838372E-0002   7.80884223429056858051751397597289934E-0002
  -7.04045226629738372841513165691820212E-0002   7.80903491624724590521314639723753856E-0002
  -9.05189093650048410329893528610826315E-0002   7.80930468429929481189835470872703258E-0002
 -0.110632402681944374269844390234018164         7.80965155176133970940492175310318282E-0002
 -0.130744804101733544551659379399121163         7.81007553575493211778111143193142289E-0002
 -0.150855915123090043492746926441868815         7.81057665721061304691003905865709923E-0002
 -0.170965537257467274282963424163277554         7.81115494087043462308596744789473792E-0002
 -0.191073472031013353509551547569475934         7.81181041529094152903648114975769337E-0002
 -0.211179520986529967948094012954542482         7.81254311284661292617575421777623989E-0002
 -0.231283485685431066989452896342027486         7.81335306973376563141247055967693761E-0002
 -0.251385167709701371371191013516626830         7.81424032597491942465281228518359674E-0002
 -0.271484368663854678883784864478674273         7.81520492542362546727187990837620511E-0002
 -0.291580890176891947723942421996774245         7.81624691576975891631369548023036215E-0002
 -0.311674533904259138169533577241594902         7.81736634854527692405849983087816816E-0002
 -0.331765101529804793253026323597401127         7.81856327913044331790452984684579924E-0002
 -0.351852394767737339112897739125705292         7.81983776676052136128822087861881379E-0002
 -0.371936215364582085705255493373579976         7.82118987453293610265044132623158642E-0002
 -0.392016365101137908560862927971798406         7.82261966941490792628581884907113315E-0002
 -0.412092645794433592275908713567557421         7.82412722225155902632663838887505036E-0002
 -0.432164859299683816428200637013917144         7.82571260777449463315167055564282753E-0002
 -0.452232807512244764613992189443251757         7.82737590461086093021344692411126725E-0002
 -0.472296292369569337304370273053899649         7.82911719529288170868511280330041357E-0002
 -0.492355115853161949224042485426445577         7.83093656626787591748061068960334688E-0002
 -0.512409079990532891959463036367143488         7.83283410790875837714052990113236329E-0002
 -0.532457986857152242507527363179676847         7.83480991452502603784187166151896098E-0002
 -0.552501638578403298480546893542167437         7.83686408437423227442503959608863038E-0002
 -0.572539837331535520687887116584736771         7.83899671967395182487785534824015327E-0002
 -0.592572385347616963819514116215945361         7.84120792661423909321709006418715517E-0002
 -0.612599084913486175961746948248315458         7.84349781537058265320618099324601305E-0002
 -0.632619738373703547680755654560346945         7.84586650011735890588729267145292152E-0002
 -0.652634148132502091414777251664502055         7.84831409904178796153107104403371871E-0002
 -0.672642116655737631921644654010559039         7.85084073435839493536330106919578351E-0002
 -0.692643446472838388534036138648481284         7.85344653232397996635980159447921952E-0002
 -0.712637940178753929980855570136029115         7.85613162325310038955550240499203310E-0002
 -0.732625400435903482539346123560475821         7.85889614153406861473763952768986171E-0002
 -0.752605629976123572288922608133179293         7.86174022564546938813396066151841264E-0002
 -0.772578431602614982244279641019183142         7.86466401817320023881305723024937762E-0002
 -0.792543608191889005152094786016950082         7.86766766582803903803448493508198005E-0002
 -0.812500962695712972742597287668912333         7.87075131946374272777102892322057036E-0002
 -0.832450298143055042234414129753114508         7.87391513409568140412494619924686983E-0002
 -0.852391417642028220898435757400044311         7.87715926892001207242574513510301289E-0002
 -0.872324124381833609493963851946661821         7.88048388733339652348137372922721041E-0002
 -0.892248221634702845398112962861729067         7.88388915695326791481081490324424284E-0002
 -0.912163512757839726257336505564117193         7.88737524963865077676818703192993828E-0002
 -0.932069801195360994998035549751625281         7.89094234151153930133164008854835726E-0002
 -0.951966890480236267041485870137699096         7.89459061297883891103073502294175402E-0002
 -0.971854584236227080576784828566050327         7.89832024875487624708073675135574515E-0002
 -0.991732686179825050754174719781640036         7.90213143788448285933954235626272362E-0002
  -1.01160100012218910866994315725882094         7.90602437376665802626210673150737622E-0002
  -1.03145932997108180602313381313745940         7.90999925417881628065865338533698991E-0002
  -1.05130747973280466633352226834609530         7.91405628130162536682827563947544454E-0002
  -1.07114525351413256361972178438580941         7.91819566174444050660156027585066301E-0002
  -1.09097245552424710944588238413586922         7.92241760657134100604866825537655358E-0002
  -1.11078889007666902925523363068850101         7.92672233132777539115824135868478553E-0002
  -1.13059436159118950891869682403140857         7.93111005606782141973425600637530954E-0002
  -1.15038867459580049243695589692052489         7.93558100538206747816057554658923296E-0002
  -1.17017163372862391174472798321162825         7.94013540842612203561593567447916195E-0002
  -1.18994304373983982957651435208091668         7.94477349894975799485637088811574188E-0002
  -1.20970270949361347636384004593858956         7.94949551532669894789009598306667208E-0002
  -1.22945043597002116214490602254840715         7.95430170058505451682559191805191592E-0002
  -1.24918602826697504447868077517896307         7.95919230243841213495270786334933574E-0002
  -1.26890929160214673336674917894502014         7.96416757331759280079622979527827912E-0002
  -1.28862003131488971419771457541449958         7.96922777040307851854053136691793454E-0002
  -1.30831805286816056974061574777264964         7.97437315565811932194331973704475627E-0002
  -1.32800316185043898222567334021441558         7.97960399586252796571863002317880158E-0002
  -1.34767516397764649656272032079575557         7.98492056264717055845848232753275886E-0002
  -1.36733386509506402575989815788419148         7.99032313252916160456528963954674821E-0002
  -1.38697907117924807961761435593197430         7.99581198694777211947146590748585200E-0002
  -1.40661058833994569778535775403103320         8.00138741230105968271904147940145639E-0002
  -1.42622822282200806828175540623285166         8.00704969998322949735285759123657340E-0002
  -1.44583178100730281259122880972205860         8.01279914642273573164065505195086037E-0002
  -1.46542106941662491846376759757215556         8.01863605312113263046889517743887116E-0002
  -1.48499589471160630155768543709807974         8.02456072669268509897354892764097616E-0002
  -1.50455606369662397707875564102745737         8.03057347890474868015182289111988301E-0002
  -1.52410138332070682258284277327747926         8.03667462671892907146775334174451118E-0002
  -1.54363166067944091312305117864853082         8.04286449233303155291819567462874168E-0002
  -1.56314670301687340993650174899587824         8.04914340322381093077495358699724895E-0002
  -1.58264631772741498388012421835029979         8.05551169219053283737527933049072366E-0002
  -1.60213031235774075483931371512955145         8.06196969739935746801112350652273682E-0002
  -1.62159849460868972834794704828634253         8.06851776242855708128453413897276485E-0002
  -1.64105067233716271067308612141759687         8.07515623631457883937262249384794389E-0002
  -1.66048665355801868363271280812917951         8.08188547359896481960364543071760295E-0002
  -1.67990624644596962043004143509879973         8.08870583437614128871220480313044807E-0002
  -1.69930925933747372380334155627176368         8.09561768434208959624571586000217477E-0002
  -1.71869550073262706780577481060065168         8.10262139484391131396880502121202061E-0002
  -1.73806477929705362454550518302038955         8.10971734293030052389319157436364762E-0002
  -1.75741690386379365723228177843375569         8.11690591140293643888739052978568462E-0002
  -1.77675168343519046089281711404990305         8.12418748886880982683632649351984838E-0002
  -1.79606892718477543213359177733363216         8.13156246979349700217243894300151587E-0002
  -1.81536844445915144934620792413405977         8.13903125455539544743765350200634798E-0002
  -1.83465004477987454476708934150234898         8.14659424950093543251417004793950660E-0002
  -1.85391353784533384982018450770127796         8.15425186700078231043988597279601972E-0002
  -1.87315873353262979518837108156596593         8.16200452550704448646409383567583032E-0002
  -1.89238544189945054707648537649748227         8.16985264961150238136780802964538948E-0002
  -1.91159347318594666114630845095417373         8.17779667010487404124203474567700547E-0002
  -1.93078263781660393562143130553882801         8.18583702403713338406239605692652992E-0002
  -1.94995274640211444507769514304846870         8.19397415477889741870032607878521609E-0002
  -1.96910360974124573645285854674075844         8.20220851208389912465497243213005366E-0002
  -1.98823503882270816882728158635919343         8.21054055215256304096632834713795136E-0002
  -2.00734684482702037854573709213223559         8.21897073769670098067448159723239336E-0002
  -2.02643883912837285126896146320598492         8.22749953800534566302296812537466142E-0002
  -2.04551083329648958256224121617738500         8.23612742901174043957227502372577682E-0002
  -2.06456263909848780864719684716341852         8.24485489336150368270437330670723452E-0002
  -2.08359406850073578896197229097759614         8.25368242048198680587838185467038573E-0002
  -2.10260493367070862219426612550505450         8.26261050665284529466463692839095596E-0002
  -2.12159504697884207747104949850040325         8.27163965507784254626927871884149332E-0002
  -2.14056422100038442240840535622087813         8.28077037595790674320001482602892851E-0002
  -2.15951226851724622974469373520978314         8.29000318656546142415855966894228680E-0002
  -2.17843900251984814430019844503808496         8.29933861132005086242569304846546077E-0002
  -2.19734423620896659202654122399111929         8.30877718186528181918718983937284218E-0002
  -2.21622778299757741292946019287051287         8.31831943714710370669646734784623895E-0002
  -2.23508945651269739966903996380951029         8.32796592349344967415348445681712424E-0002
  -2.25392907059722372366215087903987145         8.33771719469526161797763206376547724E-0002
  -2.27274643931177123053270435489453370         8.34757381208892261805135919852463941E-0002
  -2.29154137693650758677635998320617546         8.35753634464012081280546967405409549E-0002
  -2.31031369797298625952752768812316609         8.36760536902916924900914643372814564E-0002
  -2.32906321714597731133789464190018736         8.37778146973780677712918582659486505E-0002
  -2.34778974940529599189727159735590650         8.38806523913750561045392088260560680E-0002
  -2.36649310992762910864929658458708450         8.39845727757931172616733116211626136E-0002
  -2.38517311411835915827645533058987864         8.40895819348524485954680011349507827E-0002
  -2.40382957761338620105097707630943153         8.41956860344128542879258804447551753E-0002
  -2.42246231628094746007044146820674390         8.43028913229197632803712735833714134E-0002
  -2.44107114622343462741938667083233772         8.44112041323666814019691642093771118E-0002
  -2.45965588377920885932084056151272000         8.45206308792743694989903615221573106E-0002
  -2.47821634552441344236450560472234739         8.46311780656870458012917948344180613E-0002
  -2.49675234827478411292131353691757161         8.47428522801859173491106041823549289E-0002
  -2.51526370908745701187722809569200962         8.48556601989203520465247168346179172E-0002
  -2.53375024526277425684251247147438476         8.49696085866570098120760974927754284E-0002
  -2.55221177434608711401619271528895987         8.50847042978472583664770939692077174E-0002
  -2.57064811412955675190913877025623765         8.52009542777132064365466859195340400E-0002
  -2.58905908265395255915305087371245351         8.53183655633526945682078111207508106E-0002
  -2.60744449821044800864668056552210107         8.54369452848635913343139437511339792E-0002
  -2.62580417934241405031483219906841897         8.55567006664877505002007720048771314E-0002
  -2.64413794484721001478008244552383103         8.56776390277749926762633236064900873E-0002
  -2.66244561377797201027172156859053607         8.57997677847674831477793846180572748E-0002
  -2.68072700544539879512116098350152559         8.59230944512048859330337996858720799E-0002
  -2.69898193941953510821796655650305978         8.60476266397506826871058171116993796E-0002
  -2.71721023553155243982576600340082709         8.61733720632400538461924147006437209E-0002
  -2.73541171387552722518254136042605459         8.63003385359497284019582936717750842E-0002
  -2.75358619481021644333525357833319782         8.64285339748902179132119982909898039E-0002
  -2.77173349896083060368435558023349493         8.65579664011208598094777615388832550E-0002
  -2.78985344722080410273953237244530293         8.66886439410881047242271326231788644E-0002
  -2.80794586075356293361396175114252210         8.68205748279874925213152416073906945E-0002
  -2.82601056099428973081051654964134487         8.69537674031497718534015626845681302E-0002
  -2.84404736965168613287962896391650808         8.70882301174516285229049336917875597E-0002
  -2.86205610870973244555500901781436440         8.72239715327514986116481241559214785E-0002
  -2.88003660042944458800005242316869895         8.73610003233509533123167450990610385E-0002
  -2.89798866735062830482458769066816915         8.74993252774821536409544584600229892E-0002
  -2.91591213229363062655859809022275112         8.76389552988218847429484197914223273E-0002
  -2.93380681836108856129671067839195014         8.77798994080326913335846533713739764E-0002
  -2.95167254893967500025457183714493125         8.79221667443316479467921174010168230E-0002
  -2.96950914770184182000572633311369184         8.80657665670873101109356161582215364E-0002
  -2.98731643860756016419528453818466450         8.82107082574454053375294057423233759E-0002
  -3.00509424590605788755449987768382096         8.83570013199838359068818830310367665E-0002
  -3.02284239413755414506838551680083164         8.85046553843975788736023963443793189E-0002
  -3.04056070813499110917667548285225974         8.86536802072140825045683727475706639E-0002
  -3.05824901302576279791678057241436757         8.88040856735397725126490279957429183E-0002
  -3.07590713423344099694590322850759659         8.89558817988382959718265933766259079E-0002
  -3.09353489747949825840815781246741730         8.91090787307411457043059179938352207E-0002
  -3.11113212878502795964139305480746566         8.92636867508913232290722698607846142E-0002
  -3.12869865447246140474743166452976809         8.94197162768207140658266911771005614E-0002
  -3.14623430116728195207862782056504227         8.95771778638618653103607340860673831E-0002
  -3.16373889579973615072299627428252824         8.97360822070948719496846397189358065E-0002
  -3.18121226560654186909968676859077854         8.98964401433300953804604447507481956E-0002
  -3.19865423813259339880626413570843489         9.00582626531274550458028059130683929E-0002
  -3.21606464123266351688910747922173862         9.02215608628530520270227655124231273E-0002
  -3.23344330307310248973826098192581544         9.03863460467739018325848818139829013E-0002
  -3.25079005213353400183825381289319394         9.05526296291915725310786404843781054E-0002
  -3.26810471720854799263675703731199861         9.07204231866155437935113823164138014E-0002
  -3.28538712740939038482346106134185822         9.08897384499771223583584823098328276E-0002
  -3.30263711216564968734223767037027947         9.10605873068847699267278816721016542E-0002
  -3.31985450122694045649049583981222945         9.12329818039217205514245735074919557E-0002
  -3.33703912466458359849064990855148895         9.14069341489867862199141372346893159E-0002
  -3.35419081287328349694979210022411408         9.15824567136792715650451812670826419E-0002
  -3.37130939657280194865499844912292398         9.17595620357289414873669277845610992E-0002
  -3.38839470680962889118319762627314880         9.19382628214720089580670844461995012E-0002
  -3.40544657495864990583619565629676828         9.21185719483741344117055420166153281E-0002
  -3.42246483272481047944327575454045394         9.23005024676014529534566608784765882E-0002
  -3.43944931214477700860578118247755396         9.24840676066406711176240817476749300E-0002
  -3.45639984558859452999023980189275595         9.26692807719693011446124118765168348E-0002
  -3.47331626576134116030890158750382710         9.28561555517771277149407541709985633E-0002
  -3.49019840570477922965903441455605091         9.30447057187400298146590922352196144E-0002
  -3.50704609879900309192495865203562657         9.32349452328473089308893097913937216E-0002
  -3.52385917876408359597959714139237670         9.34268882442837041142124773884213204E-0002
  -3.54063747966170920145527370135534511         9.36205490963673046221947324756709263E-0002
  -3.55738083589682372288661004629985379         9.38159423285446019023283841481395103E-0002
  -3.57408908221926068606164761183184466         9.40130826794439546108516331287632780E-0002
  -3.59076205372537428045075691836880655         9.42119850899887732250709311009987314E-0002
  -3.60739958585966689161649244151441128         9.44126647065717646207365505357094329E-0002
  -3.62400151441641319754130516537442288         9.46151368842916117835666957640634265E-0002
  -3.64056767554128081284393773850358267         9.48194171902534996371323312402924761E-0002
  -3.65709790573294746488939809720212777         9.50255214069349348311023440101309410E-0002
  -3.67359204184471468583163623113000762         9.52334655356183452785947347022682496E-0002
  -3.69004992108611800466243510385188504         9.54432657998919842946086214299234320E-0002
  -3.70647138102453362337457026658774146         9.56549386492207044060334641753485263E-0002
  -3.72285625958678156138199307619130582         9.58685007625882073156916392733413126E-0002
  -3.73920439506072525237464930573334074         9.60839690522124191478030182695734455E-0002
  -3.75551562609686757782055797400533156         9.63013606673356840211447600537340740E-0002
  -3.77178979170994332136294407321709561         9.65206929980915142314976462200124075E-0002
  -3.78802673128050802839554319503677432         9.67419836794496819207661205236400997E-0002
  -3.80422628455652325513467549527664867         9.69652505952414851121024127041240794E-0002
  -3.82038829165493819154232064679585636         9.71905118822670704458166312085676034E-0002
  -3.83651259306326764249021405687561314         9.74177859344867459089351797930346783E-0002
  -3.85259902964116635159092731620524994         9.76470914072982693629313445910327486E-0002
  -3.86864744262199965215799224695776190         9.78784472219021527922525937916450642E-0002
  -3.88465767361441042979337767097541956         9.81118725697570779756514129185142776E-0002
  -3.90062956460388238113703076805822857         9.83473869171275767798984912391151319E-0002
  -3.91656295795429955334975027947074872         9.85850100097261885502778398564066015E-0002
  -3.93245769640950214893736647226873676         9.88247618774523681856319628562896667E-0002
  -3.94831362309483858056106235360661357         9.90666628392304815012734772101766573E-0002
  -3.96413058151871376051568174703084931         9.93107335079492894668697073135770460E-0002
  -3.97990841557413360959503214960790416         9.95569947955053899270326665111494940E-0002
  -3.99564696954024577010050341280176730         9.98054679179531545410403913890310368E-0002
  -4.01134608808387650778678686303951863        0.100056174400763769988857813689296994      
  -4.02700561626106378757609313013372961        0.100309136084196066060262488360661383      
  -4.04262539951858650791003031193611794        0.100564375128781889152245541962361029      
  -4.05820528369548987864621679906857366        0.100821914020928858029898008537103226      
  -4.07374511502460692744476474013271771        0.101081775578643419543900952157721332      
  -4.08924474013407611962798036978393624        0.101343982957377205433094088582179022      
  -4.10470400604885507653498587235118110        0.101608559655999777466513281623971471      
  -4.12012276019223037743147373370682499        0.101875529522900937092557635800652474      
  -4.13550085038732343007345826380058564        0.102144916762225867564210934134478632      
  -4.15083812485859239506268977017072643        0.102416745940246471303149662053946594      
  -4.16613443223333014917034434588671974        0.102691041991872363160956402649360752      
  -4.18138962154315827284469601936402815        0.102967830227305081345727699591148926      
  -4.19660354222551704715771771248381900        0.103247136338839182224885456011916674      
  -4.21177604412515144548494268016853648        0.103528986407813993112498875969782796      
  -4.22690697749559310525244847029154348        0.103813406911719908629401460998663095      
  -4.24199619300063826512450055738740425        0.104100424731463231419540583128027636      
  -4.25704354171582165304521227550068751        0.104390067158793677054447657613791309      
  -4.27204887512988631058754111166414691        0.104682361903898786003255938557287832      
  -4.28701204514624933910304842750796342        0.104977337103169612738035268806661289      
  -4.30193290408446355320609985653120578        0.105275021327142193539264589457682293      
  -4.31681130468167502716657658136120349        0.105575443588619430526400910585370783      
  -4.33164710009407651982570303022421276        0.105878633350978170032870576705420104      
  -4.34644014389835676369027384478422867        0.106184620536666398849622094776377654      
  -4.36119029009314560390138186100718917        0.106493435535895632260254864177297654      
  -4.37589739310045497281470890790945180        0.106805109215533723375028612716071451      
  -4.39056130776711568597054206169269359        0.107119672928203484240213537280808658      
  -4.40518188936621004527291918920401114        0.107437158521592675761181077799901411      
  -4.41975899359850023523868876785572878        0.107757598347981095849144579975711378      
  -4.43429247659385249821878967067908028        0.108081025273990673608601059077318559      
  -4.44878219491265707453571644527713353        0.108407472690564662061076604700369041      
  -4.46322800554724389352293418291885987        0.108736974523182213096686021733072548      
  -4.47762976592329400149394395634364793        0.109069565242314816314880562739654719      
  -4.49198733390124671271077458812320894        0.109405279874131288427330862329170626      
  -4.50630056777770246946388878039505659        0.109744154011458212228617794699454166      
  -4.52056932628682139741784097482008984        0.110086223825002944085970640955614831      
  -4.53479346860171754241951030075580361        0.110431526074846536762222538694831136      
  -4.54897285433584877500835419055639943        0.110780098122214160484423240822242304      
  -4.56310734354440234891088627294759373        0.111131977941530849836237902532002550      
  -4.57719679672567609984447557657285528        0.111487204132770657632235932879408254      
  -4.59124107482245527099859246272800471        0.111845815934107559788814105443990374      
  -4.60524003922338495160478963432028310        0.112207853234876727718451250005946391      
  -4.61919355176433811505000361120496254        0.112573356588855067336976148149743885      
  -4.63310147472977924303119279294340886        0.112942367227870216801176978662798099      
  -4.64696367085412352229289222004715440        0.113314927075747499018822348208269061      
  -4.66078000332309160053296196396412770        0.113691078762604640247170606123083164      
  -4.67455033577505988810563529315579152        0.114070865639504393192210123910616226      
  -4.68827453230240639219493394503070240        0.114454331793475542433857756564973205      
  -4.70195245745285207017561054736207785        0.114841522062913122249667314110982564      
  -4.71558397623079768892300204294671288        0.115232482053369042532805946672158289      
  -4.72916895409865617687753244118926975        0.115627258153744698065926494293073530      
  -4.74270725697818045571408791225846357        0.116025897552897530514410818458435355      
  -4.75619875125178673851110171441434443        0.116428448256673921761486317670796535      
  -4.76964330376387328135893026272171834        0.116834959105381222274455724035406873      
  -4.78304078182213457539197436604033142        0.117245479791712159747103378661199589      
  -4.79639105319887096627400083604228410        0.117660060879135332022070283422188703      
  -4.80969398613229368821124886290759246        0.118078753820765965006585265244737336      
  -4.82294944932782529961316231188318863        0.118501610978731611739288606665931707      
  -4.83615731195939550756597297639281868        0.118928685644047983766694587389811608      
  -4.84931744367073236832987037893483053        0.119360032057020641406635941583396982      
  -4.86242971457664885111613049143079397        0.119795705428188826216274209237636413      
  -4.87549399526432475244633830157373512        0.120235761959828297991572244727138531      
  -4.88851015679458394844172702941264190        0.120680258868030640897670788027732300      
  -4.90147807070316697243666954600468231        0.121129254405377129908591333948849231      
  -4.91439760900199890535649470934148203        0.121582807884225900714993939679668287      
  -4.92726864418045256634606245655517591        0.122040979700631844789739237305351426      
  -4.94009104920660699118191611905557524        0.122503831358919357589596222996211509      
  -4.95286469752850118604733810094381944        0.122971425496928803185077151319499483      
  -4.96558946307538314429626532177854237        0.123443825911958324280498949821880262      
  -4.97826522025895411387877321231597155        0.123921097587423424011889658481514218      
  -4.99089184397460810314771110477819692        0.124403306720257576561442503769260130      
  -5.00346920960266661281306711489640856        0.124890520749077989049250953235014788      
  -5.01599719300960858185775660760352417        0.125382808383141538980852492394279069      
  -5.02847567054929553527576460679808967        0.125880239632116851451394599125157335      
  -5.04090451906419192154092858586507417        0.126382885836699460131401449706388464      
  -5.05328361588658062776212349223445112        0.126890819700098017676254866832004860      
  -5.06561283883977366052820514762154324        0.127404115320420586601755544970812816      
  -5.07789206623931798049378085598799832        0.127922848223991152946392820451280279      
  -5.09012117689419647880470667278375405        0.128447095399627664402902832178719752      
  -5.10230005010802408351015886960949434        0.128976935333914104370225428836094202      
  -5.11442856568023898415619219484791074        0.129512448047500375999006915149086929      
  -5.12650660390728896280387910866747204        0.130053715132465088357564444436252606      
  -5.13853404558381281976342178457193201        0.130600819790777713047976203930700199      
  -5.15051077200381688238404184267425417        0.131153846873898016818177089883944773      
  -5.16243666496184658528798103429680584        0.131712882923552176966096786147742542      
  -5.17431160675415311048558895438602124        0.132278016213726554801750016012647875      
  -5.18613548017985507585723083749409385        0.132849336793921741483768696433367681      
  -5.19790816854209526053661911351089094        0.133426936533711203724927620913582920      
  -5.20962955564919235577915617859273666        0.134010909168650647910576936826056971      
  -5.22129952581578772994797229138116089        0.134601350347586094047419458048011099      
  -5.23291796386398719629955115007163108        0.135198357681410609832466457066104846      
  -5.24448475512449777230015605651051612        0.135802030793321704413475962064229117      
  -5.25599978543775941925370114249586419        0.136412471370633525762989731137082198      
  -5.26746294115507175107125443296461506        0.137029783218200249934116974108304719      
  -5.27887410913971570106201206180289382        0.137654072313509400015554216708632709      
  -5.29023317676807013567534524856672909        0.138285446863506292864013392451771397      
  -5.30154003193072340417339319731398445        0.138924017363213388491172234073797278      
  -5.31279456303357981326365539981247394        0.139569896656211016485512968332653108      
  -5.32399665899896101577112542131862877        0.140223199997048782583807334972709414      
  -5.33514620926670230247970462356128818        0.140884045115659923383299308719945941      
  -5.34624310379524378632293794109846613        0.141552552283853985523293725028526787      
  -5.35728723306271646815452427736419886        0.142228844383966465218552612971688315      
  -5.36827848806802317337957082795734600        0.142913046979747463014899273226810352      
  -5.37921676033191434877818317246426247        0.143605288389574995771995033234292025      
  -5.39010194189805870890371080272899192        0.144305699762082372398212415220503828      
  -5.40093392533410872148880037432464528        0.145014415154292991568184040445382507      
  -5.41171260373276092134334587734050742        0.145731571612360068944169173293489487      
  -5.42243787071281104227946561975460185        0.146457309255013159336117137440962003      
  -5.43310962042020395664977989785963352        0.147191771359817917492626748528760480      
  -5.44372774752907841213650998868117227        0.147935104452360352264698104232452201      
  -5.45429214724280655548026813328563996        0.148687458398471885953091861221566141      
  -5.46480271529502823288885898052800935        0.149448986499616847796497398317467955      
  -5.47525934795068005691796502033646314        0.150219845591569622728550527439792499      
  -5.48566194200701922966724134527540745        0.151000196146514559624405482008995225      
  -5.49601039479464211218709812907718154        0.151790202378707934186118923725513541      
  -5.50630460417849753004330199030436781        0.152590032353847778382648955143278785      
  -5.51654446855889480503847940653325963        0.153399858102304250131754818692364599      
  -5.52672988687250650314165604668909869        0.154219855736370444102000903407022102      
  -5.53686075859336588872911478269619670        0.155050205571701158874583158418071553      
  -5.54693698373385907529210171174199459        0.155891092253115160420679483044398494      
  -5.55695846284571186281925325154137018        0.156742704884944941640631231492167492      
  -5.56692509702097125211405774641431268        0.157605237166126898944653891376235492      
  -5.57683678789298162636020152419114964        0.158478887530234257667710785811743275      
  -5.58669343763735559030028145442093138        0.159363859290665008539223492155414008      
  -5.59649494897293945744609325762238730        0.160260360791207599546447245261627415      
  -5.60624122516277337579152658298724342        0.161168605562218195605079881099339713      
  -5.61593217001504608255201368669270957        0.162088812482655009104289686108734186      
  -5.62556768788404427850748788254632121        0.163021205948227556781749207286827934      
  -5.63514768367109661257891027789083453        0.163966016045931754389401206537961814      
  -5.64467206282551226732161812644121198        0.164923478735255565048916336544790489      
  -5.65414073134551413607203490099833812        0.165893836036354518043614273875569674      
  -5.66355359577916658253766038686598485        0.166877336225511863432278187583471619      
  -5.67291056322529777367372819446770763        0.167874234038214479351154232439226514      
  -5.68221154133441657674347755940003963        0.168884790880192962202791617655873133      
  -5.69145643830962401151263561135754829        0.169909275046792668393952798455967151      
  -5.70064516290751924858244492052669487        0.170947961951061907769095562633630672      
  -5.70977762443910014491939854079062351        0.172001134360964086258949742006529367      
  -5.71885373277065830769376043216112855        0.173069082646142436773051932317056992      
  -5.72787339832466867759295252813119780        0.174152105034689147074030711240028367      
  -5.73683653208067362282998028413028617        0.175250507880395281633669793732314075      
  -5.74574304557616153512124576711255614        0.176364605940983998447506558747846783      
  -5.75459285090743991896236068880860054        0.177494722667857286007986411891307334      
  -5.76338586073050296558492071076609233        0.178641190507915902623113694035542446      
  -5.77212198826189360303163632159278281        0.179804351218043511190404837380059731      
  -5.78080114727956001384173406855458650        0.180984556192879297953632346719703439      
  -5.78942325212370661189314437879702684        0.182182166806538784426666041679379254      
  -5.79798821769763947000267809104582170        0.183397554768980239367469944445022990      
  -5.80649595946860618994016259697409590        0.184631102497754236241969453665321479      
  -5.81494639346863020656735962195419465        0.185883203505916657905828908015894632      
  -5.82333943629533951786741961628250718        0.187154262806931015327482334454782691      
  -5.83167500511278983268564193801036591        0.188444697337434527607968576262930711      
  -5.83995301765228212805740494426478027        0.189754936398794229680529083466074078      
  -5.84817339221317460805430522563483298        0.191085422118434673589207618172647985      
  -5.85633604766368905613479997327677482        0.192436609931977830834223591411706121      
  -5.86444090344171157304098031551112525        0.193808969087298870423000409451114794      
  -5.87248787955558769233851585372571494        0.195202983171668887274273893037455533      
  -5.88047689658491186575230101946158268        0.196619150663227721785412827830663957      
  -5.88840787568131131050590171797622632        0.198057985508107105407334586384423502      
  -5.89628073856922421092854546991875101        0.199520017724606881779661461094390744      
  -5.90409540754667226664911936282271010        0.201005794035915415185766753886602345      
  -5.91185180548602757975243702798021966        0.202515878532959971880308963062603157      
  -5.91954985583477387332890801521222261        0.204050853369074350147626786919528449      
  -5.92718948261626203390468979665909621        0.205611319488279891486746857246193812      
  -5.93477061043045997029542363881003137        0.207197897389092826968361902806373468      
  -5.94229316445469678148275018666427749        0.208811227925896352449024274090558901      
  -5.94975707044440122616896825154107400        0.210451973150050596188573687956318574      
  -5.95716225473383448672144043027612210        0.212120817193058520016889368400095065      
  -5.96450864423681722027466125329313719        0.213818467194261629925285850683459153      
  -5.97179616644745088981428700654215280        0.215545654275707092386529638310615515      
  -5.97902474944083336812388064106976369        0.217303134567008474707290150827215177      
  -5.98619432187376880753164971684978630        0.219091690283216963492268332053204542      
  -5.99330481298547176845104956658132454        0.220912130858929783439455386653014226      
  -6.00035615259826559976578725189284556        0.222765294142088975363314843868100295      
  -6.00734827111827506416649385953075476        0.224652047651168163799380957991275581      
  -6.01428109953611320160313268873741423        0.226573289899709061027985808439896730      
  -6.02115456942756242407407835254357120        0.228529951792454985688868811479005864      
  -6.02796861295424983502973619385457944        0.230522998097637567146818362582811589      
  -6.03472316286431676672557214007951109        0.232553429000307204682291088707047607      
  -6.04141815249308252891648962506292779        0.234622281741960114987319725956590312      
  -6.04805351576370236234162193100751823        0.236730632352107536691059303412529940      
  -6.05462918718781959050580468205483435        0.238879597477858741328364131793214976      
  -6.06114510186621196332125369071587790        0.241070336318052102055505494464345626      
  -6.06760119548943218623029735327559461        0.243304052668971106163542452217707992      
  -6.07399740433844262848739974487060496        0.245581997089228751726967134664407170      
  -6.08033366528524420433615991277191154        0.247905469191998548390388819403096482      
  -6.08660991579349942087448404049171970        0.250275820073418122129105704551660778      
  -6.09282609391914958645869958806404517        0.252694454886697503837237083181695400      
  -6.09898213831102617355501363700567918        0.255162835572234450707204397705497127      
  -6.10507798821145633000441091323167285        0.257682483754880157474137473432093131      
  -6.11111358345686253272483975816887109        0.260254983820417754388624019478444376      
  -6.11708886447835637793234609748518474        0.262881986184321188551125218608776540      
  -6.12300377230232650202068564765253465        0.265565210766962514462936834846086880      
  -6.12885824855102062729687263183213366        0.268306450690641409114516029946248424      
  -6.13465223544312172682810857658582944        0.271107576215133205700858288569937792      
  -6.14038567579431830271357675738503845        0.273970538929903591745282854557724178      
  -6.14605851301786877215268598095833709        0.276897376222733558832176617801184565      
  -6.15167069112515995573950106278500021        0.279890216046253176710127449844957858      
  -6.15722215472625966247130600455149170        0.282951282005815220537506946038788505      
  -6.16271284903046336601750892464526253        0.286082898794269773599505036950851204      
  -6.16814271984683496685341466973235849        0.289287498001551375888224755321512618      
  -6.17351171358474163492176116158844214        0.292567624329586714122655578188448690      
  -6.17881977725438272754333833453709762        0.295925942245902189578173882247280727      
  -6.18406685846731277735648341848544968        0.299365243112489684544198754641425688      
  -6.18925290543695854512377274351135900        0.302888452830012541834505026140824864      
  -6.19437786697913013230280760661678458        0.306498640041344212239526604133671536      
  -6.19944169251252614833661947148324227        0.310199024942776958659572653267618317      
  -6.20444433205923292767789728921565932        0.313992988756071744565325137281819265      
  -6.20938573624521779161996645301699886        0.317884083919904852455248680033742382      
  -6.21426585630081635006622425288858166        0.321876045065272475005269243387224841      
  -6.21908464406121383842856009771122310        0.325972800846122183219005713476882748      
  -6.22384205196692048490415964086677596        0.330178486703982165848445596309138633      
  -6.22853803306424090343900970087683316        0.334497458653761363111736773457536080      
  -6.23317254100573750774538492887058232        0.338934308187317739177964879287678111      
  -6.23774553005068794179960695809588824        0.343493878401977937317913048845540713      
  -6.24225695506553652230542169475357015        0.348181281473100810977351345152568474      
  -6.24670677152433968866743989131655529        0.353001917603196196544736106335625200      
  -6.25109493550920545607822959990490745        0.357961495595254449709430140801922277      
  -6.25542140371072686738183595050272399        0.363066055215061748142425586422735485      
  -6.25968613342840943943573335267323227        0.368321991526661457707248381656924530      
  -6.26388908257109259975248709538131506        0.373736081407111148664522932868970008      
  -6.26803020965736510926171483257871604        0.379315512471672677033233309529457060      
  -6.27210947381597446709229300694584566        0.385067914669020428175615067734343162      
  -6.27612683478623029333414829480985006        0.391001394838500956844031488646385215      
  -6.28008225291840168579840906556645976        0.397124574558560843266740073340107797      
  -6.28397568917410854685416605232449211        0.403446631657926271285326028445998331      
  -6.28780710512670687647960433998045031        0.409977345809850097679497469889023472      
  -6.29157646296166802772481980514790131        0.416727148685784284406080578548250028      
  -6.29528372547695192084322170156783174        0.423707179209426463380498016206377268      
  -6.29892885608337421240804858669668745        0.430929344526703026866678587829521928      
  -6.30251181880496741579018664162895648        0.438406387393645858416325587267233152      
  -6.30603257827933596943317705852226679        0.446151960784399407188861465624567621      
  -6.30949109975800524942103196806375218        0.454180710638283783482882558586435784      
  -6.31288734910676452289424576470826922        0.462508367800976690809182614732561730      
  -6.31622129280600383892919006955191641        0.471151850374131774456928560976137921      
  -6.31949289795104485355591535956276990        0.480129377874569055771919738558312500      
  -6.32270213225246558564924989692953374        0.489460598823959108739002355374084277      
  -6.32584896403641910048798642263891322        0.499166733649270100560807024321209313      
  -6.32893336224494611783687854286668710        0.509270735081229531716718223775441556      
  -6.33195529643628154146613124386644020        0.519797468602594483613467474455614580      
  -6.33491473678515490708306292895789621        0.530773915932372064218086832342652573      
  -6.33781165408308474571063918784755014        0.542229405051460731745575304759772686      
  -6.34064601973866685960763059145680048        0.554195870898377964091360726786595381      
  -6.34341780577785650788522756199732748        0.566708151614406190419786855574148004      
  -6.34612698484424449903505420524707491        0.579804326125271583494056703904545844      
  -6.34877353019932718764365931659308171        0.593526099948777853972955260515811402      
  -6.35135741572277037262872599089822869        0.607919247462094678923723904412508123      
  -6.35387861591266709439243078483103594        0.623034120509140323304709340247788431      
  -6.35633710588578932834759860492481279        0.638926235255254845791815980925614980      
  -6.35873286137783357233253983100462070        0.655656951703138468037293296597377423      
  -6.36106585874366032549072103819000871        0.673294263400564730634776889759880390      
  -6.36333607495752745625170945665844487        0.691913718766046864296025072829851538      
  -6.36554348761331745711014341171293210        0.711599500356048017035638626761718837      
  -6.36768807492475858395981582218143907        0.732445694591112011351203034320505055      
  -6.36976981572563987780031480730486240        0.754557792341291711265726767565962280      
  -6.37178868947002006669404396534549428        0.778054470871346349132060009710102584      
  -6.37374467623243034591184434525771932        0.803069720678558865366905288441442844      
  -6.37563775670807103426585993978873082        0.829755397698117928530118889324301233      
  -6.37746791221300210468872808800025294        0.858284303550994039076068384203422136      
  -6.37923512468432758717863489090860804        0.888853925844933235414639684860566126      
  -6.38093937668037384229025301902680390        0.921691009653450741333695445289011810      
  -6.38258065138086170341207452817237213        0.957057183951516844392138794812246933      
  -6.38415893258707248613116390291490426        0.995255938395808827650488986101417466      
  -6.38567420472200786304688591824257675         1.03664134430002738464752387525069391      
  -6.38712645283054360245570845202710682         1.08162905064725366237181394849261420      
  -6.38851566257957716938974149610131464         1.13071027901476894788794209718096627      
  -6.38984182025816918755224970451917176         1.18446981704882454414964132719694336      
  -6.39110491277767876075396628598323188         1.24360940998184439884665208415307006      
  -6.39230492767189265251464029549527586         1.30897853894453570870032589628001563      
  -6.39344185309714832255486680987332875         1.38161545871537170947447369268125296      
  -6.39451567783245081896387948461242579         1.46280271938165872573949288083811354      
  -6.39552639127958352488962698725384923         1.55414350862350559156874615669133538      
  -6.39647398346321275865810818645595940         1.65766853091138321276813743209113386      
  -6.39735844503098622628960514770481325         1.77598869207406933885535275406740029      
  -6.39817976725362532544012734733368749         1.91251825366718596280434803043238822      
  -6.39893794202501129985706446740577819         2.07180956452600837869597351765896465      
  -6.39963296186226524349873807612783629         2.26007037316526422214098145588772085      
  -6.40026481990582195352824383278937434         2.48599152761881547821469115678463709      
  -6.40083350991949763145268498366466432         2.76212647517246576114233961408487369      
  -6.40133902629055143173961423669854992         3.10730538689637747328807480145391432      
  -6.40178136402974085730322401887645107         3.55111853177670871398931326293937109      
  -6.40216051877137100131355403164322412         4.14288302497889296087225153384816791      
  -6.40247648677333763484271932721491521         4.97136967402686135278827081929349633      
  -6.40272926491716413992290123269879564         6.21412009425110693995237762899799406      
  -6.40291885070803228765158675012995206         8.28539805513288792327502789151726949      
  -6.40304524227480686104028895933534071         12.4279948656810496109396081529633038      
  -6.40310843837005412236373084740107382         24.8558670720696749886046047804802408      
