   5.38515151978386188110748555291774066                                            Infinity
   5.38509837051243523443083144724612799         29.5543795949807812032287673581575687      
   5.38499207249414379282960516643783592         14.7772627202990041243215637023966231      
   5.38483262677810608259426796532829577         9.85158950628862211642569875962089142      
   5.38462003493798695017735221970356869         7.38877720828578711139390059375777347      
   5.38435429907198203075674113976617777         5.91110927762646229289904837761648356      
   5.38403542180279703989182541055120901         4.92601353164660385663515148598480717      
   5.38366340627762188847691975273001152         4.22238760653933582790421731122784093      
   5.38323825616809962124741436336398147         3.69468032056924901271233168198459843      
   5.38275997567029017914522564086133107         3.28425212847717197998610280381544015      
   5.38222856950462898590119701741329123         2.95591930324208365466952028695656641      
   5.38164404291588035924318361134045948         2.68729220051835013457938951056500426      
   5.38100640167308574718963326689759065         2.46344439085434660217716284616545822      
   5.38031565206950678993955086603826441         2.27404219242556466650117922659520482      
   5.37957180092256320792080207134672534         2.11170440402496242196282281091488727      
   5.37877485557376551660977638776962934         1.97101814485717729129406157457763271      
   5.37792482388864256878648710894705553         1.84792375440991168643945928941166732      
   5.37702171425666392494023683793130515         1.73931678648836150542385724247085451      
   5.37606553559115705259202133803968952         1.64278267190483747534613485460584573      
   5.37505629732921935535088097372945456         1.55641517189798197908078729916822501      
   5.37399400943162503257243743999938948         1.47868929552622294835645609944421616      
   5.37287868238272677053887334828357294         1.40837052637738580307351685977664363      
   5.37171032719035226613062303356249194         1.34444880563023133324611746105808756      
   5.37048895538569558401104416801954645         1.28608973692602902131623583133105326      
   5.36921457902320334839633090765516248         1.23259799002223880343886184468489187      
   5.36788721068045577053390985657454850         1.18338948756931090888256794135123412      
   5.36650686345804251306352960603086207         1.13797001032361045089251672235532603      
   5.36507355097943339248621248868519662         1.09591855675747146516499012709412553      
   5.36358728739084392101718298000457621         1.05687426846709803612694581255590789      
   5.36204808736109568914982037544466113         1.02052606066848735400354567272136058      
   5.36045596608147159030860347136504608        0.986604326594169587609393737164566131      
   5.35881093926556588901992147694103792        0.954874247490580132733646425766972875      
   5.35711302314912913408051778124005146        0.925130356990925906098463885466159754      
   5.35536223448990791825421099183583222        0.897192093783895434949954635019032905      
   5.35355859056747948607840034669633355        0.870900139105539021811310784436153661      
   5.35170210918308119141270967760710197        0.846113382089684971534712300099265319      
   5.34979280865943480641295506924130078        0.822706390893287648493931334178120179      
   5.34783070784056568366443571147893943        0.800567293909558100942189246402414492      
   5.34581582609161677325934468219433171        0.779595995526390992357276442565784710      
   5.34374818329865749665387602212397522        0.759702666383496197132645513811928190      
   5.34162779986848747919136597142263320        0.740806460090961746564326467029711743      
   5.33945469672843514322854912811772886        0.722834417745101311447524541796847132      
   5.33722889532615116385273406106939191        0.705720528942038800740110501234209855      
   5.33495041762939678922840706361258091        0.689404923812654268933524975023372346      
   5.33261928612582702766245676836894171        0.673833175234583653440360907721084099      
   5.33023552382276870352787575853864414        0.658955694082619526243082083551780903      
   5.32779915424699338423643760628886513        0.644727203359495316409453326938663257      
   5.32531020144448518050146844482680278        0.631106279458910786670299376670082433      
   5.32276868998020342218243073777554475        0.618054950770680250109820507247240859      
   5.32017464493784021205361284817342264        0.605538345436271709226742004215340310      
   5.31752809191957285988977083062753322        0.593524381373682190515378876751268869      
   5.31482905704581119931209807493401763        0.581983492769975681390682059394307727      
   5.31207756695493978988840351912854064        0.570888388132375244512775521543219182      
   5.30927364880305500703185962598545581        0.560213835729798382721105830287325394      
   5.30641733026369702229313668122132733        0.549936472874222642917376427871816522      
   5.30350863952757667669116972610388180        0.540034636007721248980943919911827207      
   5.30054760530229724977820808409960648        0.530488208994460012407557835202334770      
   5.29753425681207112718517448314861541        0.521278487381958523979127961349701443      
   5.29446862379743136944371071493285290        0.512388056704290629362471223939442232      
   5.29135073651493818493160911316971085        0.503800683161231394577801215484175256      
   5.28818062573688030983862337785648978        0.495501215229490139864325000274344208      
   5.28495832275097129809991792512794852        0.487475494951527864314840723120583453      
   5.28168385936004072429465150686771349        0.479710277809328567905637265975357935      
   5.27835726788172030255739782462005393        0.472193160229240706909132556222524942      
   5.27497858114812492460028276315871256        0.464912513883240489221628099772721013      
   5.27154783250552861999386419505849137        0.457857426054694659992876383668488551      
   5.26806505581403544190489556385900595        0.451017645425418288545832072870921614      
   5.26453028544724528153919814529122338        0.444383532717623603618416069440253162      
   5.26094355629191461458791851925014707        0.437946015690991683173516970227904967      
   5.25730490374761218302546686575200614        0.431696548053042943470974247907521979      
   5.25361436372636961565741773234329243        0.425627071891476549885489230519175645      
   5.24987197265232699086660741499013326        0.419729983281242379320722688632136475      
   5.24607776746137334505558055635869103        0.413998100757690983015583396855295708      
   5.24223178560078213033342250192558319        0.408424636380972154874930914680217203      
   5.23833406502884162504486287319736649        0.403003169146563996428142537806905792      
   5.23438464421448030078934922648118318        0.397727620522960301173898381694284197      
   5.23038356213688714962756707349657370        0.392592231920593783976060904214149197      
   5.22633085828512697522262345536823001        0.387591543916428262963329624693722027      
   5.22222657265775065171281519326834938        0.382720377076659762197867519483272189      
   5.21807074576240035416256939662755447        0.377973814235921949667894541793750184      
   5.21386341861540976448777230321714369        0.373347184105551783741669283143719613      
   5.20960463274139925680129256470955097        0.368836046096058315515999095450205247      
   5.20529443017286606617405618711464855        0.364436176250143160633960914600356539      
   5.20093285344976944485654199871761890        0.360143554192611658899446828012259341      
   5.19651994561911081005503826014942734        0.355954351012433833545784546334870933      
   5.19205575023450888740643236373730544        0.351864918000189875054179502317803483      
   5.18754031135576985434469600444283283        0.347871776171275830278009197055037212      
   5.18297367354845248760157725503551839        0.343971606511647413917766431239116629      
   5.17835588188342831913331815661501238        0.340161240888627321514554166965045377      
   5.17368698193643680481448125554332686        0.336437653574467681218457644718436327      
   5.16896701978763551028919049305574098        0.332797953335008913867938594183436432      
   5.16419604202114531841927049848451531        0.329239376039966049454495092389953907      
   5.15937409572459066281790316577959987        0.325759277755153456945573398285610844      
   5.15450122848863479200651092090448353        0.322355128280373055702340380805696194      
   5.14957748840651006878162183021927620        0.319024505099778304999464677651478585      
   5.14460292407354330942747217307556725        0.315765087714321022167629070791972877      
   5.13957758458667616745905682192352237        0.312574652328420825704543231437993791      
   5.13450151954398056662924625710783379        0.309451066865294748490205048137039117      
   5.12937477904416918798245080849851343        0.306392286287471297286366431246954867      
   5.12419741368610101578612727991918229        0.303396348200910262922414686247425625      
   5.11896947456828194722018999321949698        0.300461368722875881252382123755701033      
   5.11369101328836047075310700548015855        0.297585538595283412322404928047815289      
   5.10836208194261841818213232440458584        0.294767119526672925423288028615883878      
   5.10298273312545679536374589308677751        0.292004440747272521413003557982327905      
   5.09755301992887669670894445618104601        0.289295895762808436698687435550535832      
   5.09207299594195530856654767565673132        0.286639939293812239443713291224523286      
   5.08654271525031700666615455691431562        0.284035084388175312707881426195511368      
   5.08096223243559955284080489668259447        0.281479899695616692555755780678468703      
   5.07533160257491539629776859492715405        0.278973006893569879718186373897081929      
   5.06965088124030808475420180660451194        0.276513078254764473254704203811447294      
   5.06392012449820379080267256863315687        0.274098834347485685720442403223728054      
   5.05813938890885795891976924657951321        0.271729041860144668960496591540464139      
   5.05230873152579707857916242845335599        0.269402511542390227608327086797083656      
   5.04642820989525558897859427438043957        0.267118096255542545039263169036940322      
   5.04049788205560792093831833600913642        0.264874689125636169388489105369358216      
   5.03451780653679568157650701408847104        0.262671221792826481356045335788815499      
   5.02848804235974998741508265304403278        0.260506662751344608884642655006535407      
   5.02240864903580895161731130443911775        0.258380015774583363054755757824939671      
   5.01627968656613033110632495435473342        0.256290318420264052670504575520719936      
   5.01010121544109933936150803092306266        0.254236640610973540423505429129574139      
   5.00387329663973163073739681603370375        0.252218083285674946029796895239704571      
   4.99759599162907146219739550869445671        0.250233777118086085709497217880607855      
   4.99126936236358503840220965633165311        0.248282881298088977453917683103563283      
   4.98489347128454904614043601469622228        0.246364582372583281106905467338649926      
   4.97846838131943438413622714781663119        0.244478093142427970125660785933369845      
   4.97199415588128509431636876800738281        0.242622651612330296920656672383842409      
   4.96547085886809250066646747428880237        0.240797519990740538349358042775897659      
   4.95889855466216456185324570827968778        0.239001983736996300156501894994254115      
   4.95227730812949044383717894286533673        0.237235350653132423012969709484617042      
   4.94560718461910031874688688449770146        0.235496950017932778256054414212969448      
   4.93888824996242039633380533923615718        0.233786131760949392969162837460308093      
   4.93212057047262319437271790058207722        0.232102265674353248522485344720707660      
   4.92530421294397305442071629940859858        0.230444740660610530419710251013261405      
   4.91843924465116690939408464906964398        0.228812964014098782346679368476190730      
   4.91152573334867030946946545894475246        0.227206360734889987328269625917297231      
   4.90456374727004871286246371472329404        0.225624372873032664243113162521231604      
   4.89755335512729404808357907177161070        0.224066458901763180435793042641105995      
   4.89049462611014655431802481771631383        0.222532093118168148310418020467808956      
   4.88338762988541190662259527131605773        0.221020765069905462642032000832318547      
   4.87623243659627363267928023682968120        0.219531979006671675996085012179702123      
   4.86902911686160082789179556711969985        0.218065253355178398401099526819076055      
   4.86177774177525117565760234601244031        0.216620120216470609658610981673377680      
   4.85447838290536927969432322298604186        0.215196124884485525476037244788531961      
   4.84713111229368031534573256375750146        0.213792825384812273121808931756895159      
   4.83973600245477900683869686214195078        0.212409792032670395908979020511961540      
   4.83229312637541393750857283568834561        0.211046607009179384093408865393526747      
   4.82480255751376720005663234476154546        0.209702863955042268295845558150763062      
   4.81726436979872939394907527733085971        0.208378167580814037518097392264660767      
   4.80967863762916997711311337581693337        0.207072133292970467530349352150574010      
   4.80204543587320297913145919471255742        0.205784386835035061641594666261120589      
   4.79436483986744808318233451579545854        0.204514563943061395126322434584982571      
   4.78663692541628708401782115976101790        0.203262310014805384217255655243211295      
   4.77886176879111572931901376789456667        0.202027279791957025824537425073849812      
   4.77103944672959095181199833456130117        0.200809137054834119083839573448561965      
   4.76317003643487349957417160111652605        0.199607554328971518255689749519927146      
   4.75525361557486597200583442534895243        0.198422212603068702687642671780784198      
   4.74729026228144626898733646950765519        0.197252801057785999037358817445180180      
   4.73928005514969646078731955679987486        0.196099016804905761171508840012396736      
   4.73122307323712708633280238418542647        0.194960564636399304056469861715783635      
   4.72311939606289688749696950227429724        0.193837156782963492580754886348203842      
   4.71496910360702798710557213583870890        0.192728512681612691238340374568779188      
   4.70677227630961651840781707630684044        0.191634358751932366679189315516801094      
   4.69852899507003871380251208679005493        0.190554428180620077539799509694702068      
   4.69023934124615246065505157764091353        0.189488460713957954866384226268826491      
   4.68190339665349433208556429393627854        0.188436202457878137294048393252910811      
   4.67352124356447210065320496408274784        0.187397405685299039040942659201149715      
   4.66509296470755274290615385017215445        0.186371828650425852762354778694901382      
   4.65661864326644594281139147576669211        0.185359235409723376674039948962397576      
   4.64809836287928310212274004623652274        0.184359395649283155895710442341646309      
   4.63953220763779186579000778215801446        0.183372084518320088242062410245530461      
   4.63092026208646617055633711994389893        0.182397082468546108245028261970380095      
   4.62226261122173182493504205894238333        0.181434175099180370770979525403863577      
   4.61355934049110762880132341462932975        0.180483153007366545338527808842862020      
   4.60481053579236204087827293794233494        0.179543811643778439859570970844468753      
   4.59601628347266540244051774678666713        0.178615951173205231473768058291319851      
   4.58717667032773772560271485360560288        0.177699376339917123777245602711757341      
   4.57829178360099205460388132978772056        0.176793896337621303453051043869019281      
   4.56936171098267340854223839153212419        0.175899324683826662660003677943392122      
   4.56038654060899331405885699137950930        0.175015479098443912390939888454163791      
   4.55136636106125993651191792453649573        0.174142181386455460644364377389238007      
   4.54230126136500381822684057979410493        0.173279257324496790455281682722149103      
   4.53319133098909923245089085252258184        0.172426536551198068006539096518040388      
   4.52403665984488116168414996400365983        0.171583852461141360302698290089599589      
   4.51483733828525790910191157016853810        0.170751042102295164136725614013899395      
   4.50559345710381935182667416742030587        0.169927946076793961088069146602588678      
   4.49630510753394084485090898825745677        0.169114408444936233774654732025931624      
   4.48697238124788278445470990035774363        0.168310276632279822268102407442575265      
   4.47759537035588584000527085596344303        0.167515401339718681273033121955862686      
   4.46817416740526186306788776102617873        0.166729636456430032303623785589687082      
   4.45870886537948048280084482368348281        0.165952838975585603788411502920827600      
   4.44919955769725139664912007818183445        0.165184868912725128162721592375227077      
   4.43964633821160236539433044313745381        0.164425589226694530219855938016037799      
   4.43004930120895292166073294272041012        0.163674865743055306272574093399927683      
   4.42040854140818380101940517752546253        0.162932567079875469384573069208952127      
   4.41072415395970210487494436100686806        0.162198564575816131839392546101369788      
   4.40099623444450220436114982074707824        0.161472732220431321341982062316939780      
   4.39122487887322239451418838573818678        0.160754946586601990899127926881989293      
   4.38141018368519730803368512641651798        0.160045086765028392116154875981429519      
   4.37155224574750609798403306944393375        0.159343034300708045539389756068545572      
   4.36165116235401639882997436112017927        0.158648673131329466998422963496793968      
   4.35170703122442407524217148969601484        0.157961889527514602587610091219420993      
   4.34171995050328876815006018650894282        0.157282572034845593521738212668523222      
   4.33169001875906524756075509847324212        0.156610611417614041798915006675537296      
   4.32161733498313058170416485063817370        0.155945900604233384261542776971941486      
   4.31150199858880713210576428882405354        0.155288334634257311804912095546582515      
   4.30134410941038138422966810122839546        0.154637810606949397386357517676090454      
   4.29114376770211862337575125777139365        0.153994227631351226099914604143703055      
   4.28090107413727346555556737116915409        0.153357486777798357602077771008437431      
   4.27061612980709625311272576957481573        0.152727491030835400055095153939738700      
   4.26028903621983532489420137335003924        0.152104145243483339712472541393203143      
   4.24991989529973517081976798531138846        0.151487356092814055303314256791618007      
   4.23950880938603048073736493278234489        0.150877032036788655265786503339638187      
   4.22905588123193609749272874007568285        0.150273083272317912226783835797226492      
   4.21856121400363288418204526169950796        0.149675421694504636330774685126816813      
   4.20802491127924951559670307065724790        0.149083960857029330316687075097069469      
   4.19744707704784020390945547470229194        0.148498615933641907693159426266710110      
   4.18682781570835836869142592929166657        0.147919303680723633878994388926326358      
   4.17616723206862626138941943321893438        0.147345942400884771519202130540062786      
   4.16546543134430055443293033643601425        0.146778451907564677980223394070890767      
   4.15472251915783390518006446532511573        0.146216753490602317761672235847872410      
   4.14393860153743250495132018557442679        0.145660769882746317602579521835451885      
   4.13311378491600962343979858475783991        0.145110425227074809656215062057118345      
   4.12224817613013515882593697463167434        0.144565645045296380396267510122542710      
   4.11134188241898120396428199695387790        0.144026356206904471930195867074384747      
   4.10039501142326363904913837722347542        0.143492486899158570064891318693612126      
   4.08940767118417976120514642006006591        0.142963966597866461632908800617127881      
   4.07837997014234196148795529093831953        0.142440726038942753992513713854029657      
   4.06731201713670745981916959562193135        0.141922697190719723925002078755655864      
   4.05620392140350410841865336588772657        0.141409813226987402951303802303045616      
   4.04505579257515227433607790400117409        0.140902008500740612883835766535573262      
   4.03386774067918281172229764593601138        0.140399218518611440653924234469070718      
   4.02263987613715113451973089259225846        0.139901379915966386476521970183305074      
   4.01137230976354740028940954836427976        0.139408430432648135534263539429779602      
   4.00006515276470281593074351748985428        0.138920308889342591822530508111032357      
   3.98871851673769207608832076186225372        0.138436955164552474778225505000965288      
   3.97733251366923194507823284164797451        0.137958310172159415944137476099829046      
   3.96590725593457599320447766541207547        0.137484315839557105272358820539585411      
   3.95444285629640549837394579385550301        0.137014915086338625768568279400236245      
   3.94293942790371652395634359611751162        0.136550051803521682001156099159506890      
   3.93139708429070318387314547635717660        0.136089670833295973477206758425971924      
   3.91981593937563710593729789853317905        0.135633717949277488910616477411413927      
   3.90819610745974310450291966755250992        0.135182139837255002824862390201712960      
   3.89653770322607107352165550493224223        0.134734884076414542554332587071410115      
   3.88484084173836411113964301756693016        0.134291899121028062307171704340577464      
   3.87310563843992288700624633095140952        0.133853134282593012267925032752389352      
   3.86133220915246626350279257619316287        0.133418539712409925455342075275468294      
   3.84952067007498818213651971736657698        0.132988066384585563883449819293083402      
   3.83767113778261082638180551731168311        0.132561666079449569146335827746341340      
   3.82578372922543407228749740205609345        0.132139291367372951474340377623034971      
   3.81385856172738123820580123393351361        0.131720895592977126179710112824156115      
   3.80189575298504114503471317958072751        0.131306432859722567785498746076763689      
   3.78989542106650649840239260081864387        0.130895858014866500550257089734329188      
   3.77785768441020860425817484457301306        0.130489126634779380077010525295645477      
   3.76578266182374842937111060419096875        0.130086195010610244719997032193259911      
   3.75367047248272401827299281160179153        0.129687020134291328047154031107369806      
   3.74152123592955427821879244171546015        0.129291559684872625130621661715479033      
   3.72933507207229914377327081233594440        0.128899772015177396352452394644246580      
   3.71711210118347613266826759090009545        0.128511616138769873140718627477460252      
   3.70485244389887330461078042088083572        0.128127051717226700987143335692967463      
   3.69255622121635863475745350419252084        0.127746039047703916619326509268640987      
   3.68022355449468581360647827102225062        0.127368539050791508670688925058521189      
   3.66785456545229648509317908593992066        0.126994513258647854956231491821240918      
   3.65544937616611893471071043081317634        0.126623923803406564854378397758824500      
   3.64300810907036323951232882402029997        0.126256733405848482632904154290439221      
   3.63053088695531289188662253591522452        0.125892905364331827145341733850899271      
   3.61801783296611290903188459780997330        0.125532403543973655455770208415428920      
   3.60546907060155444009049933241486101        0.125175192366076042904831302905216132      
   3.59288472371285588293877931539148491        0.124821236797790570177021122373160385      
   3.58026491650244052266213796926867819        0.124470502342014899326509529186097247      
   3.56760977352271070377981255245646399        0.124122955027515405713178427190553911      
   3.55491941967481854831756279864875001        0.123778561399270011629392863130846573      
   3.54219398020743323186086154788820410        0.123437288509025540288750798862567543      
   3.52943358071550482975506505351136339        0.123099103906064076019022841666734453      
   3.51663834713902474565290191381489476        0.122763975628172978162219579771340008      
   3.50380840576178273464335042948691572        0.122431872192813352536327389398506067      
   3.49094388321012053322958429472041365        0.122102762588481935548805139862616378      
   3.47804490645168210845715555975089073        0.121776616266261492356810916092306511      
   3.46511160279416053852695142481423323        0.121453403131554972021345152223721274      
   3.45214409988404153726070731087846245        0.121133093535998799573026290508765877      
   3.43914252570534363481998247284106153        0.120815658269550817460288480752373639      
   3.42610700857835502711250584928316468        0.120501068552748517144187407476398869      
   3.41303767715836710635267855362234999        0.120189296029133325789323344820326978      
   3.39993466043440468527577508010747744        0.119880312757836833223329863075473948      
   3.38679808772795292753801760126666326        0.119574091206324960737959464635859382      
   3.37362808869168099686720634908552938        0.119270604243296186017627649043355387      
   3.36042479330816243756097367951032940        0.118969825131730047635763310170984510      
   3.34718833188859229896198969921644907        0.118671727522082258279887718948893980      
   3.33391883507150101657158296656116877        0.118376285445622858272669463135870396      
   3.32061643382146506249525044808475902        0.118083473307913940163371187121428420      
   3.30728125942781437794541630190353957        0.117793265882423571282827921409204857      
   3.29391344350333660055855885515658480        0.117505638304272634291889135565989684      
   3.28051311798297809931545903086786511        0.117220566064111396010604279471768599      
   3.26708041512254182988483114795417315        0.116938025002122702291960809564058810      
   3.25361546749738202324197815567815060        0.116657991302148781494618384001746959      
   3.24011840800109572044536766089595224        0.116380441485938721305195573300026389      
   3.22658936984421116648515225451332124        0.116105352407513763350221721595507439      
   3.21302848655287307614865733542965553        0.115832701247647637305563409877702307      
   3.19943589196752478487873155996260378        0.115562465508459231138532543696106420      
   3.18581172024158729763159890761236411        0.115294623008114966783531280543689530      
   3.17215610584013524877146684661564633        0.115029151875638321031648153402983453      
   3.15846918353856978606963190289162823        0.114766030545823999780976210386996267      
   3.14475108842128839190618178280362670        0.114505237754254340117800790008658262      
   3.13100195588035165480262177403088140        0.114246752532415579046867175144241311      
   3.11722192161414700444385215142101459        0.113990554202911690126896070503941898      
   3.10341112162604942337789244891034578        0.113736622374773549858217610401954520      
   3.08956969222307914861158742867314193        0.113484936938861254473425964105704266      
   3.07569777001455637635023809009333720        0.113235478063357464857722544501506739      
   3.06179549191075298315867882073240183        0.112988226189349712729429884045458955      
   3.04786299512154127685076850727420392        0.112743162026499654997323052590220811      
   3.03390041715503979044357880583478671        0.112500266548797315432310876682642161      
   3.01990789581625613254174652870094703        0.112259520990398403497117014237664957      
   3.00588556920572690754650895047444191        0.112020906841542849417686685944588596      
   2.99183357571815471911286048401861220        0.111784405844552742401086526840232452      
   2.97775205404104227030705634010592358        0.111549999989907905352028832455310599      
   2.96364114315332357394534318013069782        0.111317671512397384557605069587763167      
   2.94950098232399228662331811587387546        0.111087402887345176639596462906928961      
   2.93533171111072717997370542259175120        0.110859176826908557656611274857128223      
   2.92113346935851476271859473147020156        0.110632976276447420613634200018281261      
   2.90690639719826906711030497588026865        0.110408784410963067842357220063323651      
   2.89265063504544861338302470535218766        0.110186584631604943788577630811238497      
   2.87836632359867056586523127553902290        0.109966360562243831718421396528643008      
   2.86405360383832209443060859678118748        0.109748096046110074767388599636837030      
   2.84971261702516895499276530465184146        0.109531775142495417638264312006561441      
   2.83534350469896130277650213083557723        0.109317382123517100137709588492972657      
   2.82094640867703675212568863097886597        0.109104901470942867657677110904004083      
   2.80652147105292069663498499819827425        0.108894317873075596686474695827193266      
   2.79206883419492390341968418852943890        0.108685616221696265504113002993000957      
   2.77758864074473739536485274087734150        0.108478781609064031405338979092696287      
   2.76308103361602463522171522346328663        0.108273799324972206128358958109606539      
   2.74854615599301102544585691718102474        0.108070654853858950673681522019386285      
   2.73398415132907073769831189084962988        0.107869333871971539400880989614616831      
   2.71939516334531088595695877261318260        0.107669822244583071215684102835126297      
   2.70477933602915305721186401557247986        0.107472106023260532829097215381218904      
   2.69013681363291221374429203538567322        0.107276171443183145507025882697920060      
   2.67546774067237298101504300564815008        0.107082004920509952454952621375807058      
   2.66077226192536333521358207732572288        0.106889593049795629018970536372430803      
   2.64605052243032570454508808670449147        0.106698922601453522252364408431873310      
   2.63130266748488549835807517893909065        0.106509980519264950115860460820603958      
   2.61652884264441707824062694940363551        0.106322753917933813668858819746490933      
   2.60172919372060718523852944212504549        0.106137230080685598087022636050583998      
   2.58690386678001583737369639443158964        0.105953396456909860226527502347273087      
   2.57205300814263471166624723178392580        0.105771240659845321764496474234950444      
   2.55717676438044302488842525015632170        0.105590750464306707695522088632570973      
   2.54227528231596092730322993027025663        0.105411913804452490172029373176072350      
   2.52734870902080042366518316480546804        0.105234718771592717357363625024315690      
   2.51239719181421383578505410416709270        0.105059153612036126130191079049434832      
   2.49742087826163982098463109760522883        0.104885206724975756151891028814261345      
   2.48241991617324696079175158499128914        0.104712866660412300999437034720031656      
   2.46739445360247493424978154227587077        0.104542122117114449788702241599754679      
   2.45234463884457329023957496390516091        0.104372961940615489980631965657591639      
   2.43727062043513783323564064297705727        0.104205375121245458888335775659608199      
   2.42217254714864463694179795079659237        0.104039350792198147799483654091224303      
   2.40705056799698170027501518926998700        0.103874878227632278607674952448174257      
   2.39190483222797826018939316119216464        0.103711946840806188420532726640916185      
   2.37673548932393177585538264527732816        0.103550546182245372792640041840141311      
   2.36154268900013259873230724651165374        0.103390665937942253029204207669081200      
   2.34632658120338634309510239124041553        0.103232295927587547432291711831970398      
   2.33108731611053397159887682492433862        0.103075426102832640426071307160643403      
   2.31582504412696961048745462471530639        0.102920046545582357210865221493873816      
   2.30053991588515610907446323633408323        0.102766147466317564967758977632706268      
   2.28523208224313835814779616402942042        0.102613719202447034675579572981089078      
   2.26990169428305438197039746393085552        0.102462752216688010319451047049779421      
   2.25454890330964421857228889657580317        0.102313237095474944673827169570767099      
   2.23917386084875660305058926692352850        0.102165164547395872941563924247958743      
   2.22377671864585346861595890432414232        0.102018525401655907332648789952925853      
   2.20835762866451228014544019668324116        0.101873310606567347179815629604761216      
   2.19291674308492621502305737988116252        0.101729511228065910421364644051625156      
   2.17745421430240220607078518423690985        0.101587118448252603241760966289009960      
   2.16197019492585686139359624475713782        0.101446123563960755355458700430696828      
   2.14646483777631027598325118282872511        0.101306517985347758856123658347988930      
   2.13093829588537774994630275709187583        0.101168293234511058739027489949147784      
   2.11539072249375942824244625510782768        0.101031440944127953145670729200091064      
   2.09982227104972787683986215119762790        0.100895952856118771083274193209795174      
   2.08423309520761361021456378701261737        0.100761820820333004844074670309240957      
   2.06862334882628858514098223899179228        0.100629036793257983596601443745562725      
   2.05299318596764767574109242130873238        0.100497592836749683649342513430740520      
   2.03734276089508814477930863610992709        0.100367481116785279702304878246348484      
   2.02167222807198712621015402815352103        0.100238693902237050009632912231829283      
   2.00598174216017713400533653318938042        0.100111223563667256782208631808690317      
   1.99027145801841961230634373485601939         9.99850625721436313683936084196564144E-0002
   1.97454153070087654196800037124943375         9.98602034980751017690057736026598408E-0002
   1.95879211545558011857761486885081558         9.97366390100674078743268662149401972E-0002
   1.94302336772290051705337503885963571         9.96143618737982574613341164616463390E-0002
   1.92723544313401175794453776131011680         9.94933649509116834632287032074792800E-0002
   1.91142849750935569057469291926850640         9.93736411979312703253431475801643185E-0002
   1.89560268685710410818796784400445926         9.92551836651919243961678002784545323E-0002
   1.87975816737161901027647490886611526         9.91379854957898702739328397914748197E-0002
   1.86389509543191102728559148270536124         9.90220399245505618421828168119711495E-0002
   1.84801362760009602291179804261630758         9.89073402770142033862318927866510485E-0002
   1.83211392061984988922578667146532843         9.87938799684385826903194273502659385E-0002
   1.81619613141486154987138825068635349         9.86816525028189243766147294093599958E-0002
   1.80026041708728418660855222705553662         9.85706514719244779657546955765146253E-0002
   1.78430693491618470448614770909547713         9.84608705543515612180410120615929362E-0002
   1.76833584235599145094773866132876175         9.83523035145927852583743368608563732E-0002
   1.75234729703494020419071894123045076         9.82449442021221937999617479215178161E-0002
   1.73634145675351844611627469433681336         9.81387865504960544652047161629128474E-0002
   1.72031847948290793522457201896289089         9.80338245764690457602684947524383453E-0002
   1.70427852336342559482634666626817315         9.79300523791255886958700878149650922E-0002
   1.68822174670296273195869968838730261         9.78274641390260773639330315890258977E-0002
   1.67214830797542260240937822290804273         9.77260541173677679809900911695531124E-0002
   1.65605836581915633727014384352742368         9.76258166551600909975340705930246641E-0002
   1.63995207903539724645600195314525391         9.75267461724141558508065947196074983E-0002
   1.62382960658669351464308438736027665         9.74288371673462228095816224001621477E-0002
   1.60769110759533930509384357522025244         9.73320842155949211260759365837384177E-0002
   1.59153674134180428685393011355025714         9.72364819694519973748612068801122693E-0002
   1.57536666726316160082068629615760596         9.71420251571063824241488370779460872E-0002
   1.55918104495151428019859584610931095         9.70487085819013699535883440829509522E-0002
   1.54298003415242014087228467603102247         9.69565271216047038072144163026628959E-0002
   1.52676379476331515724276879742849002         9.68654757276913757527843095500730991E-0002
   1.51053248683193533908759336633998172         9.67755494246389394117903150840475745E-0002
   1.49428627055473712502030114166148118         9.66867433092351502301752189921604000E-0002
   1.47802530627531630813930919823204584         9.65990525498977453804263978127131856E-0002
   1.46174975448282550947075943472818339         9.65124723860061814234235382629191496E-0002
   1.44545977581039021482424110361542425         9.64269981272451514152573456013855639E-0002
   1.42915553103352339069446212538472996         9.63426251529597069222594166609250525E-0002
   1.41283718106853869485597019212452967         9.62593489115218141086716795261864076E-0002
   1.39650488697096229731189447773237451         9.61771649197081766876715447990910845E-0002
   1.38015880993394332727139401686403685         9.60960687620891620797408961650316854E-0002
   1.36379911128666296184405935668843057         9.60160560904286706044600648186030431E-0002
   1.34742595249274217215291979082683471         9.59371226230947909445122560610564870E-0002
   1.33103949514864814258095922119581518         9.58592641444810884657446427038181490E-0002
   1.31463990098209937887913933006537420         9.57824765044383762562507902245420343E-0002
   1.29822733185046952087686915223870567         9.57067556177168219622739630856461299E-0002
   1.28180194973918987554864518814079922         9.56320974634182466508996035125848634E-0002
   1.26536391676015068620321576658679763         9.55584980844584750205851967804617233E-0002
   1.24891339515010115357409732643867103         9.54859535870395993121052352728329376E-0002
   1.23245054726904822460258851613755379         9.54144601401320222459686691483484518E-0002
   1.21597553559865416471659038764292076         9.53440139749661472292599960034266071E-0002
   1.19948852274063292942054736658105726         9.52746113845335869365912866765368256E-0002
   1.18298967141514535102367399490547733         9.52062487230977641778246785089923476E-0002
   1.16647914445919315634532654914335982         9.51389224057137817207933260946399559E-0002
   1.14995710482501183124791642092852131         9.50726289077574404417410224028316082E-0002
   1.13342371557846234785914349312970599         9.50073647644632878309125842557547280E-0002
   1.11687913989742177035655254214370633         9.49431265704715814869238066872750015E-0002
   1.10032354107017275519848383405186461         9.48799109793840547924566749852074236E-0002
   1.08375708249379196169640045009776960         9.48177147033283744766689688473718508E-0002
   1.06717992767253738883432936764264092         9.47565345125311822376556764486434293E-0002
   1.05059224021623465425175083025057235         9.46963672348996150225037438463724945E-0002
   1.03399418383866223131671096025528800         9.46372097556112009440661118527903606E-0002
   1.01738592235593566022621579602067036         9.45790590167120301536445170404881511E-0002
   1.00076761968489074908109087263771261         9.45219120167231022883869725935676555E-0002
  0.984139439841465780892459009061836817         9.44657658102547543724247857986631662E-0002
  0.967501546939082742486800018301164055         9.44106175076290752726214831026786283E-0002
  0.950854105187027591286209523387256398         9.43564642745102149942853483545960010E-0002
  0.934197278888829575949969845219139608         9.43033033315424992502895331111873323E-0002
  0.917531232440639626872883935249660169         9.42511319539962618497084739043077602E-0002
  0.900856130329607832545003464217944518         9.41999474714213095302553984108589689E-0002
  0.884172137132260017786404357118725485         9.41497472673079359034115336556688498E-0002
  0.867479417512873439879527195293297779         9.41005287787554031930721268629915028E-0002
  0.850778136221851618630305901442462905         9.40522894961478124286773926858901235E-0002
  0.834068458094098316397855896574381996         9.40050269628372847030093784547204678E-0002
  0.817350548047390684140882385046681819         9.39587387748343780239619484877357871E-0002
  0.800624571080751589537200502141850263         9.39134225805056661794567168220546969E-0002
  0.783890692272821143240831666790386598         9.38690760802784078960920523340816571E-0002
  0.767149076780227439349054540454117860         9.38256970263522364058681641802158413E-0002
  0.750399889835956526159544423693822639         9.37832832224178013422058501897453543E-0002
  0.733643296747721623305331648027973854         9.37418325233822966672315260535447900E-0002
  0.716879462896331601362747467366346175         9.37013428351018100876835648987978734E-0002
  0.700108553734058740034805047163906221         9.36618121141204311475372935064173850E-0002
  0.683330734783005781019583318645114010         9.36232383674160568922668085108620743E-0002
  0.666546171633472291680142639723311549         9.35856196521528356832661998177091606E-0002
  0.649755029942320355639303314880237722         9.35489540754401914020328496839791489E-0002
  0.632957475431339606429261006142896756         9.35132397940983719229506320317158949E-0002
  0.616153673885611620332496850835381021         9.34784750144304673515682654538444976E-0002
  0.599343791151873684556764624999556699         9.34446579920008451228031567595291060E-0002
  0.582527993136881956893102491850249501         9.34117870314199506311577699042891251E-0002
  0.565706445805774033011822691509666834         9.33798604861354236234467918961425728E-0002
  0.548879315180430937557278902277287741         9.33488767582294821243214080758541045E-0002
  0.532046767337838555207897877134005944         9.33188342982225271866538194764183672E-0002
  0.515208968408448517873489275925714566         9.32897316048829232632127814020838068E-0002
  0.498366084574538564207215319169499074         9.32615672250429104836118862151236627E-0002
  0.481518282068572387614809930697954751         9.32343397534206065918297966842299001E-0002
  0.464665727171558988948685362002683424         9.32080478324480577552600111979494920E-0002
  0.447808586211411550079452851331778149         9.31826901521052988968128030991732429E-0002
  0.430947025561305844542112617089967631         9.31582654497603856276212860355831708E-0002
  0.414081211638038201458737371213248078         9.31347725100153612699467661846811480E-0002
  0.397211310900383038943882518849205103         9.31122101645581238584777028205862728E-0002
  0.380337489847449983203205242355000507         9.30905772920201593939064729550354325E-0002
  0.363459915017040589539863708390858342         9.30698728178401089959764979481886493E-0002
  0.346578752984004681487196646380772135         9.30500957141331389646402238193069528E-0002
  0.329694170358596324289952486056213390         9.30312449995660841080706380991713737E-0002
  0.312806333784829448959946073995017255         9.30133197392383360355340294199113114E-0002
  0.295915409938833143135469678398602720         9.29963190445684494420622989314291445E-0002
  0.279021565527206624977073503779099147         9.29802420731864407309565133389717861E-0002
  0.262124967285373916335459240297481951         9.29650880288317546299014716426678867E-0002
  0.245225781975938231430198235329433825         9.29508561612568757573607614068920256E-0002
  0.228324176387036097280793668143661515         9.29375457661365633884352884974185885E-0002
  0.211420317330691222134253604646165800         9.29251561849826889539832860342492240E-0002
  0.194514371641168128135828981843627847         9.29136868050646570839898397008213364E-0002
  0.177606506173325564491897396462344172         9.29031370593353922764085469631945867E-0002
  0.160696887800969717376140026061144887         9.28935064263628745364428942737300527E-0002
  0.143785683415207232832165072615463800         9.28847944302672085889526750774801071E-0002
  0.126873059922798068927576768126161655         9.28770006406632125188204663903873942E-0002
  0.109959184244508193416174201105020467         9.28701246726085129411510612253615827E-0002
   9.30442233134621431664889951766254636E-0002   9.28641661865571350455563352486055580E-0002
   7.61283440734954616162351814646574035E-0002   9.28591248883185770969503568373089739E-0002
   5.92117134775070305134484414343702480E-0002   9.28550005290223602096934498441434760E-0002
   4.22944984858113122061352445607316236E-0002   9.28517929050880454430262180089230304E-0002
   2.53768660644905187431352552860206907E-0002   9.28495018582007114939703171995224082E-0002
   8.45898318374672404962272750820060261E-0003   9.28481272752918874896855787507271757E-0002
  -8.45898318374606455876556482712055654E-0003   9.28476690885259366051052255462040651E-0002
  -2.53768660644898592587870011179063126E-0002   9.28481272752918874539636169488200822E-0002
  -4.22944984858106527348047431782493170E-0002   9.28495018582007114225246307489843252E-0002
  -5.92117134775063710616444086302219065E-0002   9.28517929050880453358532810040337190E-0002
  -7.61283440734948021904661403131832158E-0002   9.28550005290223600667879728955941049E-0002
  -9.30442233134614837732632117973087397E-0002   9.28591248883185769183052864351945913E-0002
 -0.109959184244507534061999620428528523         9.28641661865571348311628529128597895E-0002
 -0.126873059922797409618960949663556785         9.28701246726085126909985824434429001E-0002
 -0.143785683415206573575615126231218074         9.28770006406632122328966393419788616E-0002
 -0.160696887800969058178162547750592733         9.28847944302672082672433791459165688E-0002
 -0.177606506173324905358998404134206831         9.28935064263628741789322383438186852E-0002
 -0.194514371641167469074513851108243231         9.29031370593353918830788675050470239E-0002
 -0.211420317330690563151027004610057333         9.29136868050646566548216986392669339E-0002
 -0.228324176387035438382159497211080435         9.29251561849826884889554684033511112E-0002
 -0.245225781975937572622659557011507240         9.29375457661365628875247998795652107E-0002
 -0.262124967285373257625518219029601738         9.29508561612568752205428251558887107E-0002
 -0.279021565527205966371231340747183802         9.29650880288317540571495258902034944E-0002
 -0.295915409938832484640226547374866390         9.29802420731864401222422077837866295E-0002
 -0.312806333784828790581801057183878772         9.29963190445684487973554914104611669E-0002
 -0.329694170358595666035403509950978807         9.30133197392383353548027822606474118E-0002
 -0.346578752984004023362740417631723346         9.30312449995660833912812142523811865E-0002
 -0.363459915017039931551995649685381650         9.30500957141331382117570827712861156E-0002
 -0.380337489847449325358419428310386465         9.30698728178401082069622914115878599E-0002
 -0.397211310900382381248671611918754218         9.30905772920201585687220403373009913E-0002
 -0.414081211638037543919592557606313604         9.31122101645581229970820664689862749E-0002
 -0.430947025561305187165523542706568024         9.31347725100153603722971264068401664E-0002
 -0.447808586211410892871907557712412087         9.31582654497603846936730158943960268E-0002
 -0.464665727171558331916670222293979104         9.31826901521052979265194429809163082E-0002
 -0.481518282068571730764809585634785885         9.32080478324480567485732631523547102E-0002
 -0.498366084574537907545712613074198569         9.32343397534206055486995185352339852E-0002
 -0.515208968408447861406965192725018125         9.32615672250429094039860854409505938E-0002
 -0.532046767337837898942831476394357431         9.32897316048829221470376087832647892E-0002
 -0.548879315180430281500147255259136916         9.33188342982225260338735625102987104E-0002
 -0.565706445805773377169100817241389804         9.33488767582294809348784841560809153E-0002
 -0.582527993136881301271263293222329096         9.33798604861354223972817412555713464E-0002
 -0.599343791151873029162278824879638189         9.34117870314199493682092483196911760E-0002
 -0.616153673885610965171832928204853564         9.34446579920008438230079280164242323E-0002
 -0.632957475431338951508885132255616408         9.34784750144304660148611935697259737E-0002
 -0.649755029942319700965679289444027734         9.35132397940983705492646732358765712E-0002
 -0.666546171633471637259731827104868784         9.35489540754401899912990441520881391E-0002
 -0.683330734783005126858844584098950967         9.35856196521528342354136631592293651E-0002
 -0.700108553734058086140194693085958732         9.36232383674160554072227230073380371E-0002
 -0.716879462896330947740719169572875109         9.36618121141204296252268990986020726E-0002
 -0.733643296747720969962336392060390899         9.37013428351018085280301499205250344E-0002
 -0.750399889835955873102030441150066085         9.37418325233822950701564177101907687E-0002
 -0.767149076780226786583467245347211347         9.37832832224177997076284047790610378E-0002
 -0.783890692272820490773613591934803955         9.38256970263522347337057570532447060E-0002
 -0.800624571080750937374791235568318146         9.38690760802784061862600675938150039E-0002
 -0.817350548047390032289718506446045698         9.39134225805056644318685367574090059E-0002
 -0.834068458094097664864370913771162173         9.39587387748343762385289427403700661E-0002
 -0.850778136221850967420930186898731128         9.40050269628372828796408929161433499E-0002
 -0.867479417512872789000687922643495745         9.40522894961478105672807381222383279E-0002
 -0.884172137132259367244525437736056564         9.41005287787554012935525672647900499E-0002
 -0.900856130329607182346505483812961720         9.41497472673079339656722743098138464E-0002
 -0.917531232440638977024184090501677453         9.41999474714213075541975736919906550E-0002
 -0.934197278888828926457481880441090912         9.42511319539962598352311347826691666E-0002
 -0.950854105187026942156343667224628988         9.43033033315424971972896343739892548E-0002
 -0.967501546939082093725962920465629531         9.43564642745102129026577355378335986E-0002
 -0.984139439841465132507053677100205494         9.44106175076290731422588791302686362E-0002
  -1.00076761968489010107751660873683299         9.44657658102547522032177773256927880E-0002
  -1.01738592235593501261086813384890082         9.45219120167231000802239960503668619E-0002
  -1.03399418383866158409598160184116163         9.45790590167120279064118443741573542E-0002
  -1.05059224021623400743202758289927745         9.46372097556111986576478359627330772E-0002
  -1.06717992767253674242199608089094269         9.46963672348996126967817637103001078E-0002
  -1.08375708249379131569783695270799184         9.47565345125311798725096819354345383E-0002
  -1.10032354107017210962006587104555576         9.48177147033283720719764252130826339E-0002
  -1.11687913989742112520465171187561059         9.48799109793840523480928070484423746E-0002
  -1.13342371557846170314012718440265893         9.49431265704715790027615826800383743E-0002
  -1.14995710482501118696814775014989338         9.50073647644632853068226993458126855E-0002
  -1.16647914445919251251116429752366616         9.50726289077574378775918818835228683E-0002
  -1.18298967141514470764147254569977535         9.51389224057137791164510282379794152E-0002
  -1.19948852274063228649665664237374785         9.52062487230977615331529970778163132E-0002
  -1.21597553559865352225735578767657670         9.52746113845335842514516530913419362E-0002
  -1.23245054726904758261435085368639097         9.53440139749661445035114811594554212E-0002
  -1.24891339515010051206319276622728139         9.54144601401320194794679648783738032E-0002
  -1.26536391676015004517597576225476000         9.54859535870395965047066354509911974E-0002
  -1.28180194973918923501139641975379182         9.55584980844584721721405780623801277E-0002
  -1.29822733185046888083593346384672290         9.56320974634182437612584057069418211E-0002
  -1.31463990098209873934083366730868160         9.57067556177168190312831691521951071E-0002
  -1.33103949514864750355159556895924503         9.57824765044383732837549058935190736E-0002
  -1.34742595249274153363880511094304362         9.58592641444810854515856757115403078E-0002
  -1.36379911128666232385149552569073262         9.59371226230947878885296949964038000E-0002
  -1.38015880993394268980667776378942623         9.60160560904286675064908575749597015E-0002
  -1.39650488697096166038131732197535194         9.60960687620891589396194279921425094E-0002
  -1.41283718106853805846581838134234591         9.61771649197081735052296159491679142E-0002
  -1.42915553103352275485101657345465888         9.62593489115218108837384824884749106E-0002
  -1.44545977581038957953377732864468011         9.63426251529597036546615129788158752E-0002
  -1.46174975448282487473954749711708943         9.64269981272451481048186422660244670E-0002
  -1.47802530627531567397361363879106944         9.65124723860061780699652636771395121E-0002
  -1.49428627055473649142638091978274548         9.65990525498977419837670773189793890E-0002
  -1.51053248683193470607170179822386287         9.66867433092351467901306499580737908E-0002
  -1.52676379476331452481115349436591097         9.67755494246389359281735415388266982E-0002
  -1.54298003415241950903118748274205290         9.68654757276913722254055963652771181E-0002
  -1.55918104495151364895425277913867821         9.69565271216047002358812229102812728E-0002
  -1.57536666726316097017932748232772986         9.70487085819013663381052977238337259E-0002
  -1.59153674134180365682177972847241399         9.71420251571063787643177055733972105E-0002
  -1.60769110759533867567711978186447408         9.72364819694519936704808709193132951E-0002
  -1.62382960658669288584799927468459231         9.73320842155949173769423615195114720E-0002
  -1.63995207903539661828876147478488019         9.74288371673462190154878295454194226E-0002
  -1.65605836581915570973694775654450779         9.75267461724141520115426321366692662E-0002
  -1.67214830797542197551642002660256296         9.76258166551600871128869833678190645E-0002
  -1.68822174670296210571216656316973019         9.77260541173677640507438911625388235E-0002
  -1.70427852336342496923241941259450108         9.78274641390260733878686666545023750E-0002
  -1.72031847948290731028942499633262696         9.79300523791255846737654104802556225E-0002
  -1.73634145675351782184607576035454548         9.80338245764690416918982303482468141E-0002
  -1.75234729703493958059162939073158216         9.81387865504960503503404303959678236E-0002
  -1.76833584235599082802591316557001900         9.82449442021221896383718138804252643E-0002
  -1.78430693491618408224773425501078833         9.83523035145927810498239014458862564E-0002
  -1.80026041708728356505969205657788419         9.84608705543515569622919618289242785E-0002
  -1.81619613141486092901821580013619331         9.85706514719244736625656219872589010E-0002
  -1.83211392061984926907442951100618229         9.86816525028189200257408934734728336E-0002
  -1.84801362760009540346837681577811762         9.87938799684385782915127236552431230E-0002
  -1.86389509543191040855621984597620979         9.89073402770141989392408129006854608E-0002
  -1.87975816737161839226725947135290501         9.90220399245505573467524120510235080E-0002
  -1.89560268685710349090500810716314449         9.91379854957898657298046833394818254E-0002
  -1.91142849750935507402408121670447698         9.92551836651919198030799486496637321E-0002
  -1.92723544313401114213235919864932566         9.93736411979312656830301014123451739E-0002
  -1.94302336772289990198570743369106178         9.94933649509116787714213673745153004E-0002
  -1.95879211545557950426052869074086040         9.96143618737982527197597594937615024E-0002
  -1.97454153070087592840755868182883341         9.97366390100674030827090790145569386E-0002
  -1.99027145801841899950860212797987762         9.98602034980750969270644274436232026E-0002
  -2.00598174216017652197634307517089999         9.99850625721436264758448122172900574E-0002
  -2.02167222807198651495594919807203281        0.100111223563667251838764688647875394      
  -2.03734276089508753430592526619379814        0.100238693902237045015002275140015846      
  -2.05299318596764706605455563739374857        0.100367481116785274656192105198121069      
  -2.06862334882628797624730940105559835        0.100497592836749678551448221570264683      
  -2.08423309520761300211976442978580364        0.100629036793257978446622262812937751      
  -2.09982227104972726954993792485204749        0.100761820820332999641703195256475024      
  -2.11539072249375882176339086602273368        0.100895952856118765828198935991802896      
  -2.13093829588537714428410190869845998        0.101031440944127947837576069725789776      
  -2.14646483777630967114388251653363771        0.101168293234511053377593626177397064      
  -2.16197019492585625738302928094558395        0.101306517985347753441026555512778558      
  -2.17745421430240160289498126335589130        0.101446123563960749886370039379640386      
  -2.19291674308492561268796960360345582        0.101587118448252597718348090918845441      
  -2.20835762866451167865701336915268530        0.101729511228065904843290507824058773      
  -2.22377671864585286798012947348282355        0.101873310606567341546738741125617193      
  -2.23917386084875600327328526592143463        0.102018525401655901644223157597181810      
  -2.25454890330964361965942988526353280        0.102165164547395867197438999812854529      
  -2.26990169428305378392789447043594461        0.102313237095474938873647790938772298      
  -2.28523208224313776098155162641688980        0.102462752216688004462857379842793858      
  -2.30053991588515551279037094435175471        0.102613719202447028762207051186827580      
  -2.31582504412696901509139966162447305        0.102766147466317558997238243183787363      
  -2.33108731611053337709673550941637704        0.102920046545582351182822062779688154      
  -2.34632658120338574949274221943988451        0.103075426102832634340126596451623439      
  -2.36154268900013200603558683406648214        0.103232295927587541288061341595417402      
  -2.37673548932393118407015166953663905        0.103390665937942246826299025755227356      
  -2.39190483222797766932149230347232704        0.103550546182245366530665785516636164      
  -2.40705056799698111033027607720944383        0.103711946840806182099089955453423742      
  -2.42217254714864404792604310080005261        0.103874878227632272226358979884253063      
  -2.43727062043513724515468340274961258        0.104039350792198141357884478024134203      
  -2.45234463884457270309921945507688311        0.104205375121245452386038007548147050      
  -2.46739445360247434805582260311748433        0.104372961940615483417214758477509190      
  -2.48241991617324637554997471322144505        0.104542122117114443163739216481721612      
  -2.49742087826163923670081239328999014        0.104712866660412294312496206268558024      
  -2.51239719181421325246496021271214894        0.104885206724975749402534729081358121      
  -2.52734870902079984131457122004167864        0.105059153612036119317975880136198846      
  -2.54227528231596034592784749763306535        0.105234718771592710481840260282985901      
  -2.55717676438044244449401026995960017        0.105411913804452483232742656984458900      
  -2.57205300814263413225852796258882587        0.105590750464306700692010834712093523      
  -2.58690386678001525895839135651093689        0.105771240659845314696293412482840855      
  -2.60172919372060660782134736102386092        0.105953396456909853093159194152796972      
  -2.61652884264441650182726669959631074        0.106137230080685590888009388064418042      
  -2.63130266748488492295422572758380495        0.106322753917933806403714596071654590      
  -2.64605052243032513015642843749539702        0.106509980519264942784092793592587674      
  -2.66077226192536276184578121444347379        0.106698922601453514853474306754827541      
  -2.67546774067237240867375983780931909        0.106889593049795621552452393577482340      
  -2.69013681363291164243517533999160182        0.107082004920509944920294120566748933      
  -2.70477933602915248694055238295813198        0.107276171443183137903707900548680234      
  -2.71939516334531031672908055039652909        0.107472106023260525156593724148647660      
  -2.73398415132907016951948512838213394        0.107669822244583063473462070549754929      
  -2.74854615599301045832168931009975829        0.107869333871971531588400278411127299      
  -2.76308103361602406915780405834524384        0.108070654853858942790394784567595095      
  -2.77758864074473683036678483999647488        0.108273799324972198173711532105802618      
  -2.79206883419492333949303585471698183        0.108478781609064023378768779770184018      
  -2.80652147105292013378532195980688544        0.108685616221696257405050413609682348      
  -2.82094640867703619035856598695113075        0.108894317873075588514342456086978928      
  -2.83534350469896074209746429587743243        0.109104901470942859411890203267769127      
  -2.84971261702516839540734595451143213        0.109317382123517091817675122333669423      
  -2.86405360383832153594433061363372654        0.109531775142495409243381405561967575      
  -2.87836632359867000848360669347817195        0.109748096046110066297048259712249888      
  -2.89265063504544805711155465598850491        0.109966360562243823172006395900634061      
  -2.90690639719826851195447963404726622        0.110186584631604935165462383282346913      
  -2.92113346935851420868389326103852839        0.110408784410963059141907653116301972      
  -2.93533171111072662706559592239206462        0.110632976276447411835207625017201436      
  -2.94950098232399173484725756572890645        0.110859176826908548799556254741316137      
  -2.96364114315332302330677738699707077        0.111087402887345167703252677322316337      
  -2.97775205404104172081141988432623174        0.111317671512397375541303177398826516      
  -2.99183357571815417076557666568431492        0.111549999989907896255090331579308992      
  -3.00588556920572636035298973590006871        0.111784405844552733222823611343952210      
  -3.01990789581625558650739249701018592        0.112020906841542840157402100342260176      
  -3.03390041715503924557377909565894469        0.112259520990398394154103904927126100      
  -3.04786299512154073315090076356358245        0.112500266548797306005852640455185413      
  -3.06179549191075244063410914168111616        0.112743162026499645486693182147880062      
  -3.07569777001455583500632097417808870        0.112988226189349703133891810457755740      
  -3.08956969222307860845366572180648540        0.113235478063357455176529476531892894      
  -3.10341112162604888441129729170895180        0.113484936938861244705820724336100173      
  -3.11722192161414646667390292658946869        0.113736622374773540003432468081891159      
  -3.13100195588035111823462605386152021        0.113990554202911680184152571048866573      
  -3.14475108842128785654543527679294407        0.114246752532415569015375966205541743      
  -3.15846918353856925192141840547376475        0.114505237754254329996761444035893420      
  -3.17215610584013471584105818501346192        0.114766030545823989569577043600694745      
  -3.18581172024158676592425488980663947        0.115029151875638310729066041094177926      
  -3.19943589196752425439969992277985403        0.115294623008114956388931468614097879      
  -3.21302848655287254690317369274909385        0.115562465508459220651068456350543576      
  -3.22658936984421063847844004559345284        0.115832701247647626724376453377908561      
  -3.24011840800109519368263809882134743        0.116105352407513752674441083982109185      
  -3.25361546749738149772843017592686817        0.116380441485938710533938019986797966      
  -3.26708041512254130562565135708637178        0.116657991302148770626988049143718115      
  -3.28051311798297757631582165533608842        0.116938025002122691327048983098306115      
  -3.29391344350333607882362569023823356        0.117220566064111384947489189726939900      
  -3.30728125942781385748033666075603843        0.117505638304272623129635727333734152      
  -3.32061643382146454330516111092391178        0.117793265882423560020487629367715663      
  -3.33391883507150049866160812996321623        0.118083473307913928799981704498246243      
  -3.34718833188859178233724092554431078        0.118376285445622846807254505493940778      
  -3.36042479330816192222654984646455362        0.118671727522082246711456782976618382      
  -3.37362808869168048282819359938042617        0.118969825131730035963311427353647024      
  -3.38679808772795241479948929243212612        0.119270604243296174240135134089843679      
  -3.39993466043440417384279173441699721        0.119574091206324948854391658531025177      
  -3.41303767715836659623028780814769949        0.119880312757836821232636870624789159      
  -3.42610700857835451830574240607626256        0.120189296029133313690439766549686722      
  -3.43914252570534312733386804924349054        0.120501068552748504936032065745992087      
  -3.45214409988404103110025058995915186        0.120815658269550805141764139939487661      
  -3.46511160279416003369714800593577406        0.121133093535998787143019371110202788      
  -3.47804490645168160496298790926499119        0.121453403131554959478725438724181581      
  -3.49094388321012003107602169679296615        0.121776616266261479700431258440629542      
  -3.50380840576178223383534893705316624        0.122102762588481922777501148393156848      
  -3.51663834713902424619540429966520567        0.122431872192813339648917123030162826      
  -3.52943358071550433165300076150803468        0.122763975628172965157503227311832864      
  -3.54219398020743273511914664431386139        0.123099103906064062895782396044642927      
  -3.55491941967481805294109992368674738        0.123437288509025527045749724104391006      
  -3.56760977352271020977349087180381081        0.123778561399269998265375753894920402      
  -3.58026491650244003003083312588193909        0.124122955027515392226870660664044286      
  -3.59288472371285539168735338136616288        0.124470502342014885716616909145501242      
  -3.60546907060155395022380076099870079        0.124821236797790556442229515202742443      
  -3.61801783296611242055474817555068661        0.125175192366076029043806265361615717      
  -3.63053088695531240480386933494310240        0.125532403543973641467156606920266519      
  -3.64300810907036275382876615446617257        0.125892905364331813027763355086580306      
  -3.65544937616611845043113179336220620        0.126256733405848468384963306867502721      
  -3.66785456545229600222236412452168290        0.126623923803406550474655504716092551      
  -3.68022355449468533214919272563758114        0.126994513258647840443284673712691034      
  -3.69255622121635815471844916387758391        0.127368539050791494023053573373214646      
  -3.70485244389887282599479507680888251        0.127746039047703901835514849922186504      
  -3.71711210118347565548002498962138407        0.128127051717226686065643982320872980      
  -3.72933507207229866801748060915625961        0.128511616138769858079996124252311617      
  -3.74152123592955380390015015421372668        0.128899772015177381150946748329944319      
  -3.75367047248272354539617977328720342        0.129291559684872609786747862662745974      
  -3.76578266182374795794079391830012370        0.129687020134291312559301562885406419      
  -3.77785768441020813427900733800747910        0.130086195010610229086529369542753563      
  -3.78989542106650602987901277822344666        0.130489126634779364296264620078324606      
  -3.80189575298504067797174517756417593        0.130895858014866484620542844543877250      
  -3.81385856172738077260785477542883840        0.131306432859722551705098475165157780      
  -3.82578372922543360815916775082534632        0.131720895592977109946877989986356999      
  -3.83767113778261036372767343259233332        0.132139291367372935087301870671409290      
  -3.84952067007498772096115140866127232        0.132561666079449552603287119194232687      
  -3.86133220915246580381073965820308144        0.132988066384585547182557212854543806      
  -3.87310563843992242880204577865366298        0.133418539712409908594741387775301308      
  -3.88484084173836365442781712143644947        0.133853134282592995245720971027318856      
  -3.89653770322607061830671182630859849        0.134291899121028045121437226698526540      
  -3.90819610745974265078935099415210550        0.134734884076414525203108248861526708      
  -3.91981593937563665372958220010724175        0.135182139837254985306155673032896063      
  -3.93139708429070273317574586049601034        0.135633717949277471222401101541652126      
  -3.94293942790371607477370826420142217        0.136089670833295955617421977828779245      
  -3.95444285629640505071050799715285170        0.136550051803521663967705978757110419      
  -3.96590725593457554706465566132487253        0.137014915086338607559320953935902416      
  -3.97733251366923150046642985010546865        0.137484315839557086885145734543548827      
  -3.98871851673769163300892492186292649        0.137958310172159397376752604384672345      
  -4.00006515276470237438812784379225655        0.138436955164552456028424553102969427      
  -4.01137230976354696028793188832714766        0.138920308889342572888030092073938225      
  -4.02263987613715069606373388316431198        0.139408430432648116412740344306540566      
  -4.03386774067918237481610867079588717        0.139901379915966367165611886609738838      
  -4.04505579257515183898400905084789133        0.140399218518611421151221472640792880      
  -4.05620392140350367462500138388212803        0.140902008500740593186891946896186179      
  -4.06731201713670702758821585297949478        0.141409813226987383057627022227217390      
  -4.07837997014234153082396573267379017        0.141922697190719703832055954485422108      
  -4.08940767118417933211237152588429828        0.142440726038942733697716396920335632      
  -4.10039501142326321153181311959291281        0.142963966597866441133631967951260515      
  -4.11134188241898077802662579927308778        0.143492486899158549358459135604701384      
  -4.12224817613013473447215366960933804        0.144026356206904451013883922239529956      
  -4.13311378491600920067407637291662638        0.144565645045296359267301721705295721      
  -4.14393860153743208377783159391514037        0.145110425227074788311770554037969426      
  -4.15472251915783348560296630614553833        0.145660769882746296039779469604566941      
  -4.16546543134430013645636366630485049        0.146216753490602295977586680075552331      
  -4.17616723206862584501750951210525163        0.146778451907564655971868021835012870      
  -4.18682781570835795392828217985024828        0.147345942400884749283537022652042387      
  -4.19744707704783979075917144171528714        0.147919303680723611412922732357842621      
  -4.20802491127924910406335638063254667        0.148498615933641884993526190538498018      
  -4.21856121400363247426969758262620580        0.149083960857029307380277651448408877      
  -4.22905588123193568920542574133706451        0.149675421694504613154313487239874735      
  -4.23950880938603007407913624522675445        0.150273083272317888806932860804038633      
  -4.24991989529973476579462716148140388        0.150877032036788631599143851791165559      
  -4.26028903621983492150614584787032660        0.151487356092814031386412610217885414      
  -4.27061612980709585136573681969906526        0.152104145243483315541777596030920798      
  -4.28090107413727306545361007748648172        0.152727491030835375627004009148923141      
  -4.29114376770211822492277446507259235        0.153357486777798332912917270842266541      
  -4.30134410941038098742960437953243558        0.153994227631351201145939630476055816      
  -4.31150199858880673696252989456520105        0.154637810606949372163749233228800413      
  -4.32161733498313018822165968801412311        0.155288334634257286309776135093257758      
  -4.33169001875906485574286268095463387        0.155945900604233358489907384927126440      
  -4.34171995050328837800064759851065489        0.156610611417614015746729119206876394      
  -4.35170703122442368676508934841060311        0.157282572034845567184869482395278134      
  -4.36165116235401601202905677851383466        0.157961889527514575961842852483031621      
  -4.37155224574750571286309761441534852        0.158648673131329440079456136107993804      
  -4.38141018368519692459653278711902146        0.159343034300708018322834685350658636      
  -4.39122487887322201276460353206552822        0.160045086765028364597533106840710537      
  -4.40099623444450182430290016698322026        0.160754946586601963073868909543010866      
  -4.41072415395970172651178092864017063        0.161472732220431293205420787263881959      
  -4.42040854140818342435506225822761395        0.162198564575816103386767105664394380      
  -4.43004930120895254669892806149047735        0.162932567079875440611022143128424834      
  -4.43964633821160199213876432161141014        0.163674865743055277173134355589822050      
  -4.44919955769725102510347659810793136        0.164425589226694500789459381631169395      
  -4.45870886537948011296879099056382498        0.165184868912725098396192770164735798      
  -4.46817416740526149495307366792485725        0.165952838975585573680464679722256747      
  -4.47759537035588547361132964748159522        0.166729636456430001848859999683799066      
  -4.48697238124788241978525773677587823        0.167515401339718650465937151861636701      
  -4.49630510753394048190954500984541603        0.168310276632279791103039640584320738      
  -4.50559345710381899061698045891519865        0.169114408444936202245867931549736163      
  -4.51483733828525754962745312542101479        0.169927946076793929189675112457023688      
  -4.52403665984488080394847465079286168        0.170751042102295131862711734239600805      
  -4.53319133098909887645752937754011451        0.171583852461141327646918978083595084      
  -4.54230126136500346397930645379739224        0.172426536551198034962712109851035908      
  -4.55136636106125958401370742767184554        0.173279257324496757016984318889916205      
  -4.56038654060899296331344913867524443        0.174142181386455426805029541672242409      
  -4.56936171098267305955309489856209724        0.175015479098443878143852028842072258      
  -4.57829178360099170737444657850559099        0.175899324683826627998294581852506847      
  -4.58717667032773738013641585835017279        0.176793896337621268369695491140374230      
  -4.59601628347266505874076412045863258        0.177699376339917088265056869124904743      
  -4.60481053579236169894845685835278399        0.178615951173205195525393263563021193      
  -4.61355934049110728864481959102031534        0.179543811643778403467486264801818405      
  -4.62226261122173148655520769867991090        0.180483153007366508495033389166015006      
  -4.63092026208646583395651189538363599        0.181434175099180333468194480023637348      
  -4.63953220763779153097351379768408273        0.182397082468546070474885228879652032      
  -4.64809836287928276909288180547366020        0.183372084518320049996302047139565727      
  -4.65661864326644561157145584896614319        0.184359395649283117165875698140240191      
  -4.66509296470755241345941004177158413        0.185359235409723337451470128884879654      
  -4.67352124356447177300290448044051330        0.186371828650425813038179394156449260      
  -4.68190339665349400623494091124037571        0.187397405685298998806075053374238412      
  -4.69023934124615213660732130999291132        0.188436202457878096539179132689721307      
  -4.69852899507003839156087315446433458        0.189488460713957913581974248507633322      
  -4.70677227630961619797544987418544954        0.190554428180620035716073016274097038      
  -4.71496910360702766848563920202215460        0.191634358751932324306126399294469273      
  -4.72311939606289657069261548686856355        0.192728512681612648305669369684648509      
  -4.73122307323712677134715401826555389        0.193837156782963449077944428583283508      
  -4.73928005514969614762348562155038660        0.194960564636399259972720646375863792      
  -4.74729026228144595764840776554013580        0.196099016804905716495745063807868604      
  -4.75525361557486566249488374219710090        0.197252801057785953758219290142243938      
  -4.76317003643487319189425368690895761        0.198422212603068656793471582662773476      
  -4.77103944672959064596614986587242287        0.199607554328971471734527072917765913      
  -4.77886176879111542531025331977379869        0.200809137054834071923411096773633375      
  -4.78663692541628678184914917594068107        0.202027279791956978012244381911775575      
  -4.79436483986744778285673327907760775        0.203262310014805335740163945139943977      
  -4.80204543587320268065189279753504740        0.204514563943061345971151410173708757      
  -4.80967863762916968048252769099902820        0.205784386835035011794705467336002845      
  -4.81726436979872909917039792899865635        0.207072133292970416977732765187277625      
  -4.82480255751376690713277267945350717        0.208378167580813986245361212713590697      
  -4.83229312637541364644242189364121955        0.209702863955042216288201431582286986      
  -4.83973600245477871763312734875738014        0.211046607009179331335658582250181473      
  -4.84713111229368002800359882124956875        0.212409792032670342385500237815294191      
  -4.85447838290536899421846120221007379        0.213792825384812218816540293620377555      
  -4.86177774177525089205082957847531536        0.215196124884485470372462871996599377      
  -4.86902911686160054615691113717194514        0.216620120216470553739744298893329568      
  -4.87623243659627335281906475403964758        0.218065253355178341649466394210018355      
  -4.88338762988541162863981084302642032        0.219531979006671618393706126243020346      
  -4.89049462611014627821541502178319001        0.221020765069905404170404527302842260      
  -4.89755335512729377386386892948655287        0.222532093118168088950496419864636134      
  -4.90456374727004844052835966391843134        0.224066458901763120167969046772074880      
  -4.91152573334867003902365532728134041        0.225624372873032603047194857754463969      
  -4.91843924465116664083923762751029229        0.227206360734889925183459596385464775      
  -4.92530421294397278775948291587343073        0.228812964014098719231551849551534462      
  -4.93212057047262292960772999378909443        0.230444740660610466312187240370259496      
  -4.93888824996242013346767603272605019        0.232102265674353183399811615073811098      
  -4.94560718461910005778221056084337603        0.233786131760949326807879791610247605      
  -4.95227730812949018477653121806640457        0.235496950017932711031972719339336862      
  -4.95889855466216430469918340634217812        0.237235350653132354701140643665741806      
  -4.96547085886809224542152860199034053        0.239001983736996230731187334697240488      
  -4.97199415588128484098307248984808849        0.240797519990740467783999015517603354      
  -4.97846838131943413271707376115597998        0.242622651612330225187840393893174063      
  -4.98489347128454879663790692507612220        0.244478093142427897197086095919961361      
  -4.99126936236358479081876735298597281        0.246364582372583206953346572363785303      
  -4.99759599162907121653548354024525172        0.248282881298088902045186109024546917      
  -5.00387329663973138699943976637437504        0.250233777118086009014401867865156507      
  -5.01010121544109909754991149528869788        0.252218083285674868016102102384726474      
  -5.01627968656613009122347551557984731        0.254236640610973461057886885227723295      
  -5.02240864903580871366557650940304665        0.256290318420263971918503009453416750      
  -5.02848804235974975139681098930420362        0.258380015774583280880728228372845124      
  -5.03451780653679544749402788670177361        0.260506662751344525251711313503849234      
  -5.04049788205560768879394204454163771        0.262671221792826396226043503947115886      
  -5.04642820989525535877461199010565897        0.264874689125636082721904502695152385      
  -5.05230873152579685031784617173933404        0.267118096255542456795178112493495670      
  -5.05813938890885773260337186446488029        0.269402511542390137744355472637216428      
  -5.06392012449820356643342771259244995        0.271729041860144577432717455476822843      
  -5.06965088124030786233432391050293119        0.274098834347485592483329840212053761      
  -5.07533160257491517582945285316499659        0.276513078254764378261053412596138371      
  -5.08096223243559933432622724252957250        0.278973006893569782919035573992217219      
  -5.08654271525031679010747164103397071        0.281479899695616593900303730504522391      
  -5.09207299594195509396589684482116687        0.284035084388175212143400250522354341      
  -5.09755301992887648406844373217617339        0.286639939293812136915456303730235559      
  -5.10298273312545658468549395180830022        0.289295895762808332149791618021946736      
  -5.10836208194261820946820847514491413        0.292004440747272414784386331267514989      
  -5.11369101328836026400557117040646337        0.294767119526672816653537921681100837      
  -5.11896947456828174244108268704311509        0.297585538595283301347665720158418857      
  -5.12419741368610081297746958975655435        0.300461368722875768006230000633863481      
  -5.12937477904416898714624437392387378        0.303396348200910147335727913771038274      
  -5.13450151954398036776747325039783541        0.306392286287471179287187009524037517      
  -5.13957758458667597057367992849399635        0.309451066865294628003591764261551898      
  -5.14460292407354311452043457211060885        0.312574652328420702652415480508477440      
  -5.14957748840650987585484717549285366        0.315765087714320896468600761409991701      
  -5.15450122848863460106190332179474858        0.319024505099778176568667479616138846      
  -5.15937409572459047385734716847609863        0.322355128280372924451235508528409629      
  -5.16419604202114513144463106738847897        0.325759277755153322781751052943765299      
  -5.16896701978763532530231299237363822        0.329239376039965912281460608321748543      
  -5.17368698193643662181719143107386671        0.332797953335008773584884249715551383      
  -5.17835588188342813812742211772976768        0.336437653574467537720019003632841618      
  -5.18297367354845230858886145685335641        0.340161240888627174690549713159838149      
  -5.18754031135576967732692723019832400        0.343971606511647263652919144703441231      
  -5.19205575023450871238535770734328735        0.347871776171275676451648592798864625      
  -5.19651994561911063703238510895389129        0.351864918000189717539922513948373668      
  -5.20093285344976927383401801645509683        0.355954351012433672211193480940040515      
  -5.20529443017286589715334929705226064        0.360143554192611493605662447068848625      
  -5.20960463274139908978407093298788113        0.364436176250142991235308504698235876      
  -5.21386341861540959947568432238611696        0.368836046096058141859565180352193767      
  -5.21807074576240019115724366937746661        0.373347184105551605666846392403042846      
  -5.22222657265775049071586051635621653        0.377973814235921767005891187764447701      
  -5.22633085828512681623562880373961339        0.382720377076659574771180240589764090      
  -5.23038356213688699265210158460303863        0.387591543916428070585173624276644651      
  -5.23438464421448014582696218479354514        0.392592231920593586449755446561045866      
  -5.23833406502884147209708369491488125        0.397727620522960098292202694740382365      
  -5.24223178560078197940176071988122281        0.403003169146563787972537509411076376      
  -5.24607776746137319614152580512066749        0.408424636380971940614841349385939318      
  -5.24987197265232684397162941615980689        0.413998100757690762707535014607269166      
  -5.25361436372636947078296628004960836        0.419729983281242152707427386754850989      
  -5.25730490374761204017297181234261673        0.425627071891476316694851384624411530      
  -5.26094355629191447375878976117934436        0.431696548053042703415009983807499499      
  -5.26453028544724514273482560920482949        0.437946015690991435947177382881192858      
  -5.26806505581403530512664919287636156        0.444383532717623348898304279540584367      
  -5.27154783250552848524309393525166483        0.451017645425418025988802777157989090      
  -5.27497858114812479187831855022908144        0.457857426054694389234505148280862356      
  -5.27835726788172017186554957077237519        0.464912513883240209874536039859419689      
  -5.28168385936004059563420908788181954        0.472193160229240418561150207693363734      
  -5.28495832275097117147215116762819160        0.479710277809328270117789349110490625      
  -5.28818062573688018524478204677907023        0.487475494951527556619131078353451804      
  -5.29135073651493806237292289942799714        0.495501215229489821761298191175550903      
  -5.29446862379743124892138922328083137        0.503800683161231065533854080278511121      
  -5.29753425681207100870040722024257975        0.512388056704290288806883940297490482      
  -5.30054760530229713333216444675820495        0.521278487381958171300779880724665277      
  -5.30350863952757656228499898976664693        0.530488208994459646951288336016071844      
  -5.30641733026369690992796798860578595        0.540034636007720870043512695303384606      
  -5.30927364880305489670880197594295035        0.549936472874222249742970809043312506      
  -5.31207756695493968160854575569885723        0.560213835729797974496334763898658353      
  -5.31482905704581109307650887659893358        0.570888388132374820361080442412861843      
  -5.31752809191957275569949869976339382        0.581983492769975240366083851888118947      
  -5.32017464493784010990968610070284381        0.593524381373681731595467062288555828      
  -5.32276868998020332208585749301835465        0.605538345436271231304796814401134981      
  -5.32531020144448508245323661555030560        0.618054950770679751985940092551931787      
  -5.32779915424699328823751488895754189        0.631106279458910267041382429097809855      
  -5.33023552382276860957920962376338285        0.644727203359494773857861079233748027      
  -5.33261928612582693576497445155588181        0.658955694082618959223772011322796926      
  -5.33495041762939669938301555581167421        0.673833175234583060266246281895115585      
  -5.33722889532615107606032010002276882        0.689404923812653647758768151497713693      
  -5.33945469672843505748997918950795380        0.705720528942038149541001546028162609      
  -5.34162779986848739550748626032093928        0.722834417745100628000527998603258582      
  -5.34374818329865741502551246463856153        0.740806460090961028420794616204100316      
  -5.34581582609161669368730291731880702        0.759702666383495441589592280539868018      
  -5.34783070784056560614950108314099024        0.779595995526390196423476928003198901      
  -5.34979280865943473095589261855166376        0.800567293909557261298708835843876650      
  -5.35170210918308111801426413530891787        0.822706390893286761447986518682786662      
  -5.35355859056747941473929612581495342        0.846113382089684032965510915000145990      
  -5.35536223448990784897515218052915379        0.870900139105538027106196624896739533      
  -5.35711302314912906686218813584945500        0.897192093783894378928769352610029742      
  -5.35881093926556582386298441524298547        0.925130356990924782923509370000333387      
  -5.36045596608147152721370206602341807        0.954874247490578935801944994492891221      
  -5.36204808736109562811757734766388585        0.986604326594168309423048493593449198      
  -5.36358728739084386204820069338362372         1.02052606066848598601282607002505696      
  -5.36507355097943333558107294327249572         1.05687426846709656853916118838160332      
  -5.36650686345804245822279443258019114         1.09591855675746988671012166751060629      
  -5.36788721068045571775812031100196952         1.13797001032360874853374834964645808      
  -5.36921457902320329768600786569704141         1.18338948756930906745598830451641463      
  -5.37048895538569553536668812009172236         1.23259799002223680520126167926178192      
  -5.37171032719035221955271407982063648         1.28608973692602684537244082926321997      
  -5.37287868238272672602787119388479640         1.34444880563022895481668447483452547      
  -5.37399400943162499012878139056513887         1.40837052637738319254835750922056766      
  -5.37505629732921931497498993100973918         1.47868929552622007005765591849096498      
  -5.37606553559115701428429379577869484         1.55641517189797878962476737044963314      
  -5.37702171425666388870105087793441814         1.64278267190483392144518512288452183      
  -5.37792482388864253461620039734935077         1.73931678648835752088968234958595074      
  -5.37877485557376548450872617150584587         1.84792375440990718802917630520720291      
  -5.37957180092256317788930517482278053         1.97101814485717217284127041320282868      
  -5.38031565206950676197790368800432108         2.11170440402495654590713053318604772      
  -5.38100640167308572129811177752272198         2.27404219242555785136421028203604094      
  -5.38164404291588033542204334948893573         2.46344439085433860352732721228907500      
  -5.38222856950462896415067308812251360         2.68729220051834061516448544482265570      
  -5.38275997567029015946553271302143973         2.95591930324207213577921286161042616      
  -5.38323825616809960363874666759916085         3.28425212847715775868906534352740806      
  -5.38366340627762187293945107948151204         3.69468032056923101337963229223101989      
  -5.38403542180279702642570910836210622         4.22238760653931231799135488641522463      
  -5.38435429907198201936211011376788256         4.92601353164657185634699296316883457      
  -5.38462003493798694085431893030410881         5.91110927762641621165008331480458293      
  -5.38483262677810607534292442710237773         7.38877720828571510837625169306053453      
  -5.38499207249414378765002294721869582         9.85158950628849410958690081779473361      
  -5.38509837051243523132306166741918828         14.7772627202987161065652952728372529      
  -5.38515151978386188007155888491606883         29.5543795949796291265183154287168349      
