   7.54981580681627865791360529680945638                                            Infinity
   7.54974129318224932774136518276554041         21.0806218674220525123546164449190219      
   7.54959226664961015289534271786670641         10.5403629482745176560259535113769035      
   7.54936872868919284607903241604466259         7.02696642667482796612944538854886353      
   7.54907068150722683068575994285505182         5.27028550506104162718055907873537592      
   7.54869812804531746620496407421116479         4.21629082411245267851952683288151190      
   7.54825107198041701576487266220811458         3.51363926421524525601668850417881657      
   7.54772951772478835609811124094848548         3.01175520281473418823145874774626940      
   7.54713347042596143028841226093294927         2.63535082875342888783092599775141977      
   7.54646293596668244372821876125831939         2.34259958038372464299047255212197723      
   7.54571792096485580378859786765315188         2.10840552081298212989052746118269911      
   7.54489843277347880377449613440113732         1.91679850846947537040396748155340888      
   7.54400447948056905180997972262806637         1.75713178238536820981387790069789091      
   7.54303606990908464536970701948750280         1.62203450811831934347693023078730309      
   7.54199321361683709224447884576506561         1.50624180399240161923186098321498594      
   7.54087592089639697880030116669236076         1.40589275684265562150633387870988825      
   7.53968420277499238646197650575713181         1.31809168185543754020536472069434785      
   7.53841807101440005742381235753774124         1.24062423187688132611396417438026313      
   7.53707753811082931066159709668982523         1.17176813695187513387150680359749301      
   7.53566261729479870939154547988105086         1.11016371032441521111484828434791010      
   7.53417332253100548119345612952073636         1.05472320263785512903406426659249379      
   7.53260966851818769208685166649104023         1.00456605493508524195443463644577400      
   7.53097167068897917592038771780013107        0.958971809931391849958726326360690724      
   7.52925934520975722050631915831562121        0.917345307303093547677256548242833715      
   7.52747270898048301200329994780131451        0.879190580154019748069236517115961110      
   7.52561177963453483912226608981431587        0.844091016330035573664473881595752010      
   7.52367657553853405880160886221146341        0.811694097891754479349056250424280681      
   7.52166711579216382506928684480600025        0.781699531815538085188463125184320448      
   7.51958342022798058288094969300985025        0.753849924115711418274064602372484640      
   7.51742550941121832879455337216356811        0.727923383458734673263586441550182636      
   7.51519340463958564041333497093909868        0.703727604054541638765487757685703734      
   7.51288712794305547660038454912509206        0.681095093794716834283332442230752933      
   7.51050670208364775053940104088422830        0.659879297114765391312028400421567425      
   7.50805215055520467778754832501536945        0.639951422790516613178519796628677171      
   7.50552349758315890153763548487096902        0.621197831535163104837822614765550619      
   7.50292076812429439737813130859190859        0.603517871436808360180456451339664652      
   7.50024398786650015991078652166328368        0.586822074156423941666334113212348383      
   7.49749318322851667365687739512441364        0.571030643634246871512530774769609802      
   7.49466838135967517075430053097280984        0.556072183421483512819293758734946660      
   7.49176961013962967801894008851037293        0.541882619807136726062592273699817430      
   7.48879689817808185601489477895972697        0.528404286475809729340698066168284050      
   7.48575027481449863284929191824889107        0.515585143118027226730577624081341227      
   7.48262977011782263547852898730090097        0.503378105667654261656530645808701309      
   7.47943541488617542138386880361319879        0.491740469994559678838447121122981083      
   7.47616724064655351354537185578300927        0.480633414184644372325215945418986106      
   7.47282527965451724171417789262109883        0.470021567182533132269489060617748070      
   7.46940956489387239305414778957435117        0.459872633698263892243079409531323291      
   7.46592013007634467529484533661660860        0.450157066998230085008091886597547458      
   7.46235700964124699560877620313565318        0.440847782597255863378135342382465607      
   7.45872023875513955849670723651640398        0.431919907008785207064720005177048650      
   7.45500985331148278603576274228381137        0.423350556645048973097910412867039980      
   7.45122588993028306391583477533072425        0.415118642728977624687833625113086480      
   7.44736838595773131676065104475029628        0.407204698716278491142515656830070628      
   7.44343737946583441630061610028697805        0.399590727254636962041636531532881978      
   7.43943290925203942603527832792300416        0.392260064147451477686040081212158201      
   7.43535501483885068609397623748448232        0.385197257157888925219915824695190678      
   7.43120373647343974207388187859257498        0.378387957798220391371340963961711774      
   7.42697911512724812170528627537247882        0.371818824509753720903353313894481468      
   7.42268119249558296326456082800517956        0.365477435858635681750249476597782262      
   7.41831001099720549972577899377897616        0.359352212559200225849990116076663871      
   7.41386561377391240271249353546582251        0.353432347294982469514504855103756181      
   7.40934804469010999038163551469680163        0.347707741442584296052092855110912593      
   7.40475734833238130344193131702225020        0.342168947919037366908483464629704983      
   7.40009357000904605357962262839853274        0.336807119472274942066732856654128186      
   7.39535675574971344863462074523772941        0.331613961819372485384546036042365599      
   7.39054695230482789894053019759746745        0.326581691110489648956247015259871572      
   7.38566420714520760931223670370755184        0.321702995259727128303321709840751482      
   7.38070856846157606123497026038987434        0.316970998738892358818041785550525818      
   7.37568008516408638987892501502668021        0.312379230477698145040928240641161100      
   7.37057880688183866063364276801187426        0.307921594555248854488840032516886300      
   7.36540478396239004992644582797317697        0.303592343403685421297738967071208556      
   7.36015806747125793515923679382942584        0.299386053276311532267304347017949728      
   7.35483870919141589866796697676099466        0.295297601760043104302461157239975161      
   7.34944676162278265067901091070708498        0.291322147136150054440263342328657604      
   7.34398227798170387630657104182392544        0.287455109414451904090862376727945268      
   7.33844531220042701170507354568985150        0.283692152884778194708905474169259610      
   7.33283591892656895456030260666520452        0.280029170045945641906212598710858982      
   7.32715415352257671417275571794351370        0.276462266787023235354747090798290637      
   7.32140007206518100645638593520701077        0.272987748708500470589741757607254695      
   7.31557373134484279924552785367741435        0.269602108482354639497173217692261229      
   7.30967518886519281337238169050386173        0.266302014160113513618409331485333806      
   7.30370450284246398504695355515086942        0.263084298346987894270469241047259715      
   7.29766173220491689514081909356949085        0.259945948168141237751108395146941419      
   7.29154693659225817104549151182233588        0.256884095960289616139518197737169216      
   7.28536017635505186684553283640149559        0.253896010628187820847861327841127407      
   7.27910151255412382761584846719364127        0.250979089611246281314051484956398065      
   7.27277100695995904372184894093383050        0.248130851410616990099719421968656426      
   7.26636872205209200107034866463983079        0.245348928631653228785470396259319111      
   7.25989472101849003332819851709583296        0.242631061500747453227580786501868600      
   7.25334906775492968219471696970118770        0.239975091819236698243410763799953471      
   7.24673182686436607188299206424557850        0.237378957320381363145796338341895436      
   7.24004306365629530403407352333868410        0.234840686398411735271524128894603143      
   7.23328284414610987935695977883154615        0.232358393181332751531356503366543849      
   7.22645123505444715235610810474635284        0.229930272921612723838479422612745210      
   7.21954830380653082557695665472191681        0.227554597681083820181986548773448398      
   7.21257411853150548986864435114440864        0.225229712288375542251531794898592959      
   7.20552874806176421723174757595365590        0.222954030549009003802145930121555661      
   7.19841226193226921288742079421459471        0.220726031689918757957584019753796978      
   7.19122473037986553327283092418096938        0.218544257021657350393951160011897994      
   7.18396622434258787673621177566029526        0.216407306802890892384967998585166546      
   7.17663681545896045377323453657472049        0.214313837293025284196464153722385861      
   7.16923657606728994371469242092082376        0.212262557979924332769082638315958327      
   7.16176557920495154484373152574811468        0.210252228970703655186982729819336866      
   7.15422389860766812498902500685960664        0.208281658534517549435631447215980126      
   7.14661160870878247970838319992672983        0.206349700787108538476029555319298135      
   7.13892878463852270524531761352978907        0.204455253507668744656505290987292593      
   7.13117550222326069350903113190180921        0.202597256079275522675819852043053749      
   7.12335183798476375639618961718547158        0.200774687544817055730913016353994100      
   7.11545786913943938684064072383348366        0.198986564770922456200754176275538128      
   7.10749367359757316404498346212872386        0.197231940712960303702478864215825392      
   7.09945932996255981041555620512785136        0.195509902774673994628506288404116310      
   7.09135491753012740779000075582285592        0.193819571256485817902318691810211962      
   7.08318051628755478061407511188400115        0.192160097886927963519213419905740334      
   7.07493620691288205379182701764877235        0.190530664432051009820629768540180178      
   7.06662207077411439300060361145464273        0.188930481378021800671374152605830797      
   7.05823818992841893532965879613091879        0.187358786682455708173575384376940622      
   7.04978464712131491816832871737781586        0.185814844590335518255724766777178709      
   7.04126152578585701433687626554594136        0.184297944510652784202600637600318828      
   7.03266891004181188152015715843532970        0.182807399950169469821659957216291259      
   7.02400688469482793413123225438739360        0.181342547500939867212902468858907866      
   7.01527553523559834579894262515809927        0.179902745878456775135475180646231284      
   7.00647494783901729074027492664062894        0.178487375007493263757385817242221028      
   6.99760520936332943234507408305288502        0.177095835152903395809485403940217769      
   6.98866640734927266736730758812652398        0.175727546092823266382690899202907525      
   6.97965863001921413418365016734802173        0.174381946331878797035427314935955987      
   6.97058196627627949364663848144421291        0.173058492352159908019661907089901654      
   6.96143650570347549112604232693502481        0.171756657899862938565398968871818351      
   6.95222233856280580839841074938525396        0.170475933305635350860687659626455255      
   6.94293955579438021411097797450292911        0.169215824836779626161000480558103791      
   6.93358824901551702161225442782547942        0.167975854079587561738143490118330085      
   6.92416851051983886300768170262765328        0.166755557350182564559317829864991804      
   6.91468043327636178836469649595493881        0.165554485132346615724686271069671346      
   6.90512411092857769905742661327345264        0.164372201540900902502168933827558851      
   6.89549963779353012430703149294210634        0.163208283809295190200552474407291453      
   6.88580710886088335003939967324077401        0.162062321800141300340828020737678821      
   6.87604661979198490924752556859710226        0.160933917537501002856794703374181115      
   6.86621826691892144311140719040089137        0.159822684759808611978476840325845767      
   6.85632214724356794219373439472971993        0.158728248492373960022055411204867551      
   6.84635835843663037709497321868552363        0.157650244638472543669286465912041955      
   6.83632699883668172801669523401920919        0.156588319588086800245534562957655219      
   6.82622816744919142274715095737351717        0.155542129843415959672385090682634976      
   6.81606196394554819264814256779790753        0.154511341660321991799546579062535159      
   6.80582848866207635628721285210472799        0.153495630704926069143675468472138313      
   6.79552784259904554042403378599779665        0.152494681724613913616324474864514837      
   6.78516012741967384812464882350685312        0.151508188232749597593347940780330348      
   6.77472544544912448384189716984372729        0.150535852206436014097205692624611193      
   6.76422389967349584536492541505025591        0.149577383796696493092722896088706726      
   6.75365559373880509260517127038412869        0.148632501050486082989731101554336011      
   6.74302063194996520325058513990146269        0.147700929643972988411844004004494320      
   6.73231911926975552538413724072988685        0.146782402626560696064113991351097139      
   6.72155116131778583722684032264575197        0.145876660175149558859631011037606096      
   6.71071686436945392422960009732029676        0.144983449358163163713563130522652383      
   6.69981633535489668380218663751791638        0.144102523908889791311574933087326277      
   6.68884968185793476803149961514712021        0.143233644007712789475972523068228116      
   6.67781701211501077480507768391530583        0.142376576072825820914719615495475754      
   6.66671843501412099781947694796461533        0.141531092559049799800787584639597101      
   6.65555406009374074601671466382484989        0.140696971764387982195959163459525105      
   6.64432399754174324305544147188870337        0.139873997643974199434500727175982951      
   6.63302835819431211748686791899908941        0.139061959631086692513330916289290523      
   6.62166725353484749436872819027638469        0.138260652464916485659345149253400566      
   6.61024079569286569911371519168213440        0.137469876024794790361858302414203133      
   6.59874909744289258443186579173829344        0.136689435170598614846762365539936671      
   6.58719227220335049128931251907186418        0.135919139589067621897401708112289298      
   6.57557043403543885486864770086634734        0.135158803645778380141988716588552589      
   6.56388369764200846657886729576992748        0.134408246242534537118472997356616864      
   6.55213217836642940322547390430239806        0.133667290679943150172337068101200361      
   6.54031599219145263451382101236083958        0.132935764524958484230373790507297155      
   6.52843525573806532012117282217298874        0.132213499483185061733508861308172560      
   6.51649008626433980763523543420020531        0.131500331275741665024857730208325488      
   6.50448060166427634271908504835663936        0.130796099520497378484144926706726745      
   6.49240692046663950292447663989571974        0.130100647617499647736261685589763265      
   6.48026916183378836663746162193412615        0.129413822638422755401986684540505753      
   6.46806744556050042870207472146434230        0.128735475219873094306027057054539669      
   6.45580189207278927432956805859550158        0.128065459460395185285146595982963659      
   6.44347262242671602296227362052934516        0.127403632821029561610429618193563388      
   6.43107975830719455382266335442470453        0.126749856029280447915904544160097100      
   6.41862342202679052493954835996826032        0.126103992986357619376341738125723461      
   6.40610373652451419750461453743171779        0.125465910677562956362624504331899432      
   6.39352082536460707747363093568541478        0.124835479085698029371146143797906856      
   6.38087481273532238638768834363955566        0.124212571107374575988041726678609791      
   6.36816582344769937345072877564105062        0.123597062472114982265485339576194866      
   6.35539398293433148096041081537746470        0.122988831664134870423617287704205690      
   6.34255941724812837525002070391294684        0.122387759846704637592974521226533551      
   6.32966225306107185535968398686617162        0.121793730788991299861373339806707260      
   6.31670261766296565171555687588312305        0.121206630795286284862791709701588745      
   6.30368063896017912715597963409420393        0.120626348636528896466921822397222169      
   6.29059644547438489270375566900786374        0.120052775484039058014590595409729967      
   6.27745016634129035054377901531581009        0.119485804845376636554180254889887558      
   6.26424193130936317672516892160990907        0.118925332502248169607771056916102578      
   6.25097187073855075616688272749353695        0.118371256450385167494688801965519778      
   6.23764011559899358260546654068559400        0.117823476841321356984192289737653381      
   6.22424679746973263618316680836384306        0.117281895925999274349959455609986583      
   6.21079204853741075143406413530730395        0.116746418000139515592409199783964640      
   6.19727600159496798848520304674336384        0.116216949351308716069724827152072643      
   6.18369879004033102034887724079524451        0.115693398207624968004756885698486924      
   6.17006054787509654924128863991906745        0.115175674688041898889629091938558959      
   6.15636140970320876492172964983078130        0.114663690754155032900593096784210355      
   6.14260151072963085810524088652552464        0.114157360163476346923593066543581305      
   6.12878098675901060206037065672523132        0.113656598424125118211608867871755483      
   6.11489997419434001556220709536537453        0.113161322750885247277664163161233263      
   6.10095861003560912042926849773712114        0.112671452022581232314306669673354286      
   6.08695703187845380693112145710782774        0.112186906740726874892834098276266930      
   6.07289537791279782041174935581053390        0.111707608989402615350607360352714704      
   6.05877378692148888253171498497595075        0.111233482396319134300171177421979831      
   6.04459239827892896059005001263213709        0.110764452095026518042031364270139513      
   6.03035135194969869844456011047734171        0.110300444688229874074175806090980895      
   6.01605078848717602260685721621081418        0.109841388212173801906402740322680842      
   6.00169084903214893714591908217250907        0.109387212102059577358716239238441273      
   5.98727167531142252109133037480532198        0.108937847158460298625651024723679469      
   5.97279340963642014208457857705110431        0.108493225514700572630468182134489070      
   5.95825619490177890008386124249560558        0.108053280605168593425225650823046277      
   5.94366017458393931498480819249886645        0.107617947134529683316673731332363686      
   5.92900549273972927207633247364191047        0.107187161047811534575464517612725589      
   5.91429229400494223930749674189399140        0.106760859501332507446708662589128943      
   5.89952072359290977039781665261896316        0.106338980834445411028000411167027910      
   5.88469092729306830787981925391771330        0.105921464542070219603293091670739473      
   5.86980305146952030021893174823632977        0.105508251247990160292716822840821555      
   5.85485724305958964721189374841904125        0.105099282678886550369664463197485238      
   5.83985364957237148792086375559154169        0.104694501639088666177899740119131278      
   5.82479241908727634545622747494754163        0.104293851986015792029771512676922148      
   5.80967370025256864297681121059195981        0.103897278606289428469723356082387099      
   5.79449764228389960533175739237453252        0.103504727392494436449029503420825701      
   5.77926439496283456082373073783424491        0.103116145220568658802457499749713259      
   5.76397410863537465762839209407913515        0.102731479927801294394551475613433925      
   5.74862693421047300946020209216952216        0.102350680291421004790478652204193394      
   5.73322302315854528512959783629325375        0.101973696007755409614546141694135033      
   5.71776252750997475669142239907787138        0.101600477671944276135442755531434193      
   5.70224559985361182093917836156222966        0.101230976758189332247438017319201594      
   5.68667239333526800905422248186619496        0.100865145600524231030383760665829088      
   5.67104306165620449927341826210625474        0.100502937374088770543377187864191539      
   5.65535775907161514749301617170418112        0.100144306076892025460911410190028465      
   5.63961664038910405078063704147025533         9.97892065120495785710730655185400393E-0002
   5.62381986096715765882119213270995084         9.94375942704805509514399016268278597E-0002
   5.60796757671361144837638307655991086         9.90894257140506207045384233286532232E-0002
   5.59205994408411117589108573972547845         9.87446579591476923142060990253860495E-0002
   5.57609712008056872343343357415708571         9.84032488606773327806603424744786238E-0002
   5.56007926224961255320877762182935087         9.80651569964655274717433330475058470E-0002
   5.54400652868103278594091154501741159         9.77303416520567288213599131995706104E-0002
   5.52787907800622091846701031212662120         9.73987628058955753104570264721070932E-0002
   5.51169706939660419594563996554096232         9.70703811148810472458342649822941979E-0002
   5.49546066256207465412995270892396571         9.67451579002822003419817704173114707E-0002
   5.47917001774941284721078585624507242         9.64230551340049786164157587019407043E-0002
   5.46282529574070627678683446433105074         9.61040354251999552075069229405499966E-0002
   5.44642665785176253757136520728325085         9.57880620072011839672972682889099132E-0002
   5.42997426593051719549708272849972058         9.54750987247866665971281735236550466E-0002
   5.41346828235543641393274880965931024         9.51651100217512501842538133279936686E-0002
   5.39690887003391434377698871275156372         9.48580609287830687436860755350080194E-0002
   5.38029619240066529324639746949047429         9.45539170516349302305988860580273243E-0002
   5.36363041341611069322658120218705478         9.42526445595823279036289283791379698E-0002
   5.34691169756476087410613425287064506         9.39542101741600223078737971107895235E-0002
   5.33014020985359167006476146618339796         9.36585811581693979093762181946174576E-0002
   5.31331611581041586683780591091844393         9.33657253049490469338860520431408691E-0002
   5.29643958148224950903033513117780878         9.30756109279012726084626921171235997E-0002
   5.27951077343367308310467318869961407         9.27882068502674351258258493568331146E-0002
   5.26252985874518759221584079221988318         9.25034823951452865838969289117960080E-0002
   5.24549700501156553911978120863693175         9.22214073757416562178332371871761802E-0002
   5.22841238034019683342950491665660383         9.19419520858540547463813316748580260E-0002
   5.21127615334942963954438060051484164         9.16650872905749668927477218774523018E-0002
   5.19408849316690618162773359488695526         9.13907842172127943940460130985689255E-0002
   5.17684956942789352205768478937633245         9.11190145464235983524091365430449814E-0002
   5.15955955227360932982577279080116118         9.08497504035479698633237942954123474E-0002
   5.14221861234954265540734933423697128         9.05829643501475317300370888400806393E-0002
   5.12482692080376972867702204140201902         9.03186293757357419740016278544379655E-0002
   5.10738464928526479649153916107716640         9.00567188896978320073519229136843274E-0002
   5.08989196994220601661146740603231064         8.97972067133948689619665305855897707E-0002
   5.07234905542027642468180594120676818         8.95400670724470829793586416663496081E-0002
   5.05475607886095999104030649710463574         8.92852745891917464564183872643662797E-0002
   5.03711321389983278417073100058994633         8.90328042753110335056305105327541491E-0002
   5.01942063466484925766657355420578123         8.87826315246254244086694698438615650E-0002
   5.00167851577462367761890257813990992         8.85347321060483517955704696100138262E-0002
   4.98388703233670670738994098100338526         8.82890821566979128371452382207555914E-0002
   4.96604635994585716678179687331167196         8.80456581751615950582454880832406475E-0002
   4.94815667468230898265738410924660357         8.78044370149100826196017328270233084E-0002
   4.93021815311003334811803036787449907         8.75653958778563252257327551530088271E-0002
   4.91223097227499610738956009610589405         8.73285123080561633392839920207209054E-0002
   4.89419530970341038361575996557596340         8.70937641855469112558259416216804832E-0002
   4.87611134339998446680508507924331334         8.68611297203204039498524209179299279E-0002
   4.85797925184616497922324453746511041         8.66305874464271145694384184089924212E-0002
   4.83979921399837533557091467590493373         8.64021162162080471556996340510591803E-0002
   4.82157140928624951533226685884762208         8.61756951946512037109838426695087176E-0002
   4.80329601761086116472626369300243420         8.59513038538695162491593088669450698E-0002
   4.78497321934294804573877246203593424         8.57289219676972230405835801694239335E-0002
   4.76660319532113184975946701595058207         8.55085296064017540172551263588740700E-0002
   4.74818612685013339339323882877818815         8.52901071315082733301494418861807602E-0002
   4.72972219569898321406141401136032399         8.50736351907341074468309475043328441E-0002
   4.71121158409922758305347528342304942         8.48590947130303650354173592492721519E-0002
   4.69265447474312995373521582261926917         8.46464669037281302896091388566680225E-0002
   4.67405105078186786266430507132749815         8.44357332397866843941365959935501178E-0002
   4.65540149582372530140912455010427420         8.42268754651412805927147069305837047E-0002
   4.63670599393228057691143405686140270         8.40198755861480668803997658908171044E-0002
   4.61796472962458967827795488188480003         8.38147158671238167750863981479593735E-0002
   4.59917788786936516793030640127268549         8.36113788259781930018703430959737643E-0002
   4.58034565408515061508690518753342540         8.34098472299363313194801850557746387E-0002
   4.56146821413849058959443115997989359         8.32101040913495921976573941533087274E-0002
   4.54254575434209623417028285497112250         8.30121326635923866834130590291909385E-0002
   4.52357846145300643316108319452172969         8.28159164370430396352559068973516603E-0002
   4.50456652267074459596575774062278645         8.26214391351467086181824325641198696E-0002
   4.48551012563547107331498891285582758         8.24286847105584301966216796558850887E-0002
   4.46640945842613122464195159136373213         8.22376373413644171936626799272312699E-0002
   4.44726470955859915482215750056947678         8.20482814273797807567289476453961537E-0002
   4.42807606798381713860297734758363909         8.18606015865208998343903206812018702E-0002
   4.40884372308593075108597045117202509         8.16745826512507079763066853079712370E-0002
   4.38956786468041972266753112240821743         8.14902096650952132666453263401727915E-0002
   4.37024868301222453688555892844352352         8.13074678792296117372164282820883338E-0002
   4.35088636875386878966187576971267764         8.11263427491323978248594091216483455E-0002
   4.33148111300357732847194601367887865         8.09468199313059173814994741497796475E-0002
   4.31203310728339019001510634202827016         8.07688852800618494564389959622607586E-0002
   4.29254254353727235499997907197916421         8.05925248443701425890195226888595033E-0002
   4.27300961412921933870102609681147085         8.04177248647699697145205072336556831E-0002
   4.25343451184135863598329984839671827         8.02444717703413030344047136402482070E-0002
   4.23381742987204703953336240978552066         8.00727521757357463698069006876887904E-0002
   4.21415856183396385007507369497565656         7.99025528782652976392468853686606365E-0002
   4.19445810175219999738949406385339932         7.97338608550477482114604064557696588E-0002
   4.17471624406234309099850545281614901         7.95666632602074590143331492519104419E-0002
   4.15493318360855841941192767742137331         7.94009474221302854624135456703671332E-0002
   4.13510911564166591687789260607848672         7.92367008407714545284972686938311841E-0002
   4.11524423581721311661603801866026866         7.90739111850152276584008820348067515E-0002
   4.09533874019354410955269475815772176         7.89125662900852127403452117631583823E-0002
   4.07539282522986452761666486618438550         7.87526541550042170184512205718678615E-0002
   4.05540668778430257069342437515328232         7.85941629401025607098787701753789464E-0002
   4.03538052511196609637463192405860296         7.84370809645737981723787142141718798E-0002
   4.01531453486299579167868298561192539         7.82813967040768197978827323675588204E-0002
   3.99520891508061444595671885649029732         7.81270987883833334017913166257803886E-0002
   3.97506386419917234423697928799989960         7.79741759990697487596040987957518851E-0002
   3.95487958104218880029867734176484606         7.78226172672525131344613578370444156E-0002
   3.93465626482038984880467436621211433         7.76724116713659691622800409346442226E-0002
   3.91439411512974211586014152861570098         7.75235484349818293360042241155669647E-0002
   3.89409333194948288740211173014391814         7.73760169246693835768904604446067339E-0002
   3.87375411564014639486235160546795804         7.72298066478955780178895970367306749E-0002
   3.85337666694158633758331729367202239         7.70849072509641241706041796509133203E-0002
   3.83296118697099466150409939498428941         7.69413085169928181209127215029907163E-0002
   3.81250787722091661367021163164974140         7.67990003639282693164819244072271951E-0002
   3.79201693955726209215783384641781245         7.66579728425972578887847736813317831E-0002
   3.77148857621731331103968273585178848         7.65182161347939583091026645142892153E-0002
   3.75092298980772880005605276712329173         7.63797205514022855279766237292817062E-0002
   3.73032038330254375869074470718605659         7.62424765305526376058355220630472341E-0002
   3.70968096004116678438757974519622404         7.61064746358123262237215342315702508E-0002
   3.68900492372637299467898295764786410         7.59717055544090033813306089750845080E-0002
   3.66829247842229356303371049773147604         7.58381600954864090587029524745511829E-0002
   3.64754382855240168826619003463446886         7.57058291883917806511054061887772266E-0002
   3.62675917889749501738514327555044437         7.55747038809942805967850220538589357E-0002
   3.60593873459367454179416252564544776         7.54447753380338138167681219507368232E-0002
   3.58508270113031998679171983367761056         7.53160348394996213867593307862326508E-0002
   3.56419128434806171435269698985465121         7.51884737790380512751027664054546674E-0002
   3.54326469043674915920793714625774376         7.50620836623889210189730942394109672E-0002
   3.52230312593341581827253377912260329         7.49368561058499008843788590813603439E-0002
   3.50130679772024081350758976876168864         7.48127828347683593747492062871292155E-0002
   3.48027591302250704833399820120047580         7.46898556820601259280680726822103972E-0002
   3.45921067940655597775041676190769668         7.45680665867546382836244359309142876E-0002
   3.43811130477773901234102896450573926         7.44474075925659543160586450412540289E-0002
   3.41697799737836557639190760619768237         7.43278708464891201357974117771115027E-0002
   3.39581096578564784036781843895248445         7.42094485974213979501870375770057620E-0002
   3.37461041890964214803412476532985175         7.40921331948078685773782381422463541E-0002
   3.35337656599118715854107618625449294         7.39759170873109346137374619396693632E-0002
   3.33210961659983872382018672309450311         7.38607928215032610834476394828737620E-0002
   3.31080978063180152167462868806869473         7.37467530405837009539512840934744911E-0002
   3.28947726830785746497758866729292888         7.36337904831157631906714519109023488E-0002
   3.26811229017129090742435049365158389         7.35218979817881910564753781486150083E-0002
   3.24671505708581066631548680811132808         7.34110684621972281428471525356746417E-0002
   3.22528578023346888287995542603608454         7.33012949416501591577141391550508915E-0002
   3.20382467111257674067810892946482464         7.31925705279897217961179625704057947E-0002
   3.18233194153561706265563538912586788         7.30848884184389950910192777855110208E-0002
   3.16080780362715380745025457513150079         7.29782418984663784888611001955712082E-0002
   3.13925246982173848558359713877776017         7.28726243406702845242800643756641515E-0002
   3.11766615286181351620109373762561954         7.27680292036831763865538374119257777E-0002
   3.09604906579561254505289663203098166         7.26644500310945898828307677298587349E-0002
   3.07440142197505774443884760550371895         7.25618804503927873155548693642408637E-0002
   3.05272343505365411587029285770841542         7.24603141719246986092567381054186236E-0002
   3.03101531898438081623112749358766840         7.23597449878738126503469476006815717E-0002
   3.00927728801757952824982909303071157         7.22601667712556892478828432052221975E-0002
   2.98750955669883989612341130278799146         7.21615734749307693884895219495010681E-0002
   2.96571233986688204716319415803558743         7.20639591306341685495603159543300151E-0002
   2.94388585265143622036104762924166773         7.19673178480221447562572982044555439E-0002
   2.92203031047111952280331841693299057         7.18716438137349398242556901791801497E-0002
   2.90014592903130983488799700079099291         7.17769312904756988260709842646224046E-0002
   2.87823292432201688532882211045099220         7.16831746161051792584877424385822481E-0002
   2.85629151261575051695795284570248759         7.15903682027519676762624197514536803E-0002
   2.83432191046538616436656435780526655         7.14985065359379276969656005622111928E-0002
   2.81232433470202756445024103770398141         7.14075841737186092775104037983830012E-0002
   2.79029900243286672095335126945090660         7.13175957458383550184181890475445750E-0002
   2.76824613103904114413368972859307699         7.12285359528998449709243699576152565E-0002
   2.74616593817348838669556666816090634         7.11403995655478270082435093521048740E-0002
   2.72405864175879789716620837378301533         7.10531814236667852792077982114985217E-0002
   2.70192445998506021191680872097880796         7.09668764355923045934801032849509645E-0002
   2.67976361130771350705583827054137370         7.08814795773358937959384752187325204E-0002
   2.65757631444538753144827433287863842         7.07969858918230362768557250792821495E-0002
   2.63536278837774494214026266205854976         7.07133904881442407372866391000586052E-0002
   2.61312325234332006349435865000250778         7.06306885408188701886695388104919720E-0002
   2.59085792583735509136592282776147689         7.05488752890715319150055728945112753E-0002
   2.56856702860963376367646189313760675         7.04679460361208157679728050209985243E-0002
   2.54625078066231251876471212320487839         7.03878961484801727027569508475874418E-0002
   2.52390940224774916292105664973983891         7.03087210552707298979527654568910713E-0002
   2.50154311386632906853545143048485208         7.02304162475458431392503715695564900E-0002
   2.47915213626428892431340659690384765         7.01529772776271913863368840157901771E-0002
   2.45673669043153805903872995911383613         7.00763997584522225880122582530740496E-0002
   2.43429699759947736038568756253420092         7.00006793629327638643673669046283256E-0002
   2.41183327923881581030697208213163062         6.99258118233246131393632492809936354E-0002
   2.38934575705738465854739327468793000         6.98517929306079331845800399960827650E-0002
   2.36683465299794925585651545511400823         6.97786185338782728275063781626610085E-0002
   2.34430018923601856849656478940847771         6.97062845397480437876885016348807742E-0002
   2.32174258817765239566481387644720110         6.96347869117582852334672132704725111E-0002
   2.29916207245726631147232239752839117         6.95641216698005517029578186049570158E-0002
   2.27655886493543435314337032272966598         6.94942848895487635073749283017485945E-0002
   2.25393318869668947712216405501044505         6.94252727019008621347189147221402182E-0002
   2.23128526704732180479542574707687863         6.93570812924301164991199135318447400E-0002
   2.20861532351317467956129162489141147         6.92897069008459291376241180264205774E-0002
   2.18592358183743855699654628004395335         6.92231458204639946437022346874944677E-0002
   2.16321026597844274989560633781202658         6.91573943976856657470102868524230236E-0002
   2.14047560010744504997583845754760217         6.90924490314863855036412464468313437E-0002
   2.11771980860641924806475306808400030         6.90283061729130470519302367257856415E-0002
   2.09494311606584057460535637632556260         6.89649623245901453174308264730378448E-0002
   2.07214574728246908233646880735906358         6.89024140402345879185376116517454531E-0002
   2.04932792725713099302512793672963958         6.88406579241790353329223259540912997E-0002
   2.02648988119249803014828795950460889         6.87796906309036431359689077954787930E-0002
   2.00363183449086475944090560808658856         6.87195088645760818171905206385320358E-0002
   1.98075401275192395924716398524619309         6.86601093785997123206043273199666222E-0002
   1.95785664177054004263103082647271936         6.86014889751697980416074188337278776E-0002
   1.93493994753452055322157605457381948         6.85436445048376365473840335734673877E-0002
   1.91200415622238575678748494971625193         6.84865728660824967715902275749163328E-0002
   1.88904949420113635055399764215378556         6.84302710048912498682844401114324259E-0002
   1.86607618802401931229408275724246689         6.83747359143455842960457025516433488E-0002
   1.84308446442829191124401271964881321         6.83199646342166980421590559580176485E-0002
   1.82007455033298390291165027471062787         6.82659542505673631898332176915286776E-0002
   1.79704667283665792986368003065823549         6.82127018953612602798023490113763922E-0002
   1.77400105921516815059572508894098957         6.81602047460794821224770015322960954E-0002
   1.75093793691941711860677693647618810         6.81084600253441088791462703768883928E-0002
   1.72785753357311093381663655064457933         6.80574650005487583516642090114279303E-0002
   1.70476007697051268848211594485256812         6.80072169834960175006228476289908252E-0002
   1.68164579507419422978458199117704033         6.79577133300416632532404786835422701E-0002
   1.65851491601278626127803813087313347         6.79089514397455826650713381752776327E-0002
   1.63536766807872680540333435938722249         6.78609287555293044651415801360893157E-0002
   1.61220427972600804929027148816693271         6.78136427633400559431834252242133921E-0002
   1.58902497956792159608532198135041024         6.77670909918212610311989010040959159E-0002
   1.56582999637480214405842648386613004         6.77212710119893972905391058455723959E-0002
   1.54261955907176961575784234326617539         6.76761804369171313409155698858186327E-0002
   1.51939389673646975949731782760185978         6.76318169214226540601275503435759539E-0002
   1.49615323859681324547494320485149975         6.75881781617651386436334285874181492E-0002
   1.47289781402871327883788722701779663         6.75452618953462463422367512883051937E-0002
   1.44962785255382175202186470739014570         6.75030659004176063948999602030362063E-0002
   1.42634358383726395870859764815265576         6.74615879957941983428252243078913780E-0002
   1.40304523768537189175872862522402500         6.74208260405735665512179587754417950E-0002
   1.37973304404341614749162072782938926         6.73807779338607983773232400804467090E-0002
   1.35640723299333645869723314389344038         6.73414416144991990081302838360000482E-0002
   1.33306803475147087877879534315425724         6.73028150608065975492910406919436755E-0002
   1.30971567966628363943831560435455996         6.72648962903172204789955858217270633E-0002
   1.28635039821609170433005122957974083         6.72276833595290700874737980556869353E-0002
   1.26297242100679004111993805857112326         6.71911743636567470051194383044836119E-0002
   1.23958197876957563440162571162416586         6.71553674363896573806143028940411779E-0002
   1.21617930235867026193219222664603687         6.71202607496555467055078027135090960E-0002
   1.19276462274904205666281729144331667         6.70858525133893036941086776617751584E-0002
   1.16933817103412587705167698587485431         6.70521409753069790178849973241537396E-0002
   1.14590017842354250815808472186255121         6.70191244206849650624477460195388463E-0002
   1.12245087624081671602844278632020578         6.69868011721442842232013770351521002E-0002
   1.09899049592109417789588643894501701         6.69551695894399345834589690097861907E-0002
   1.07551926900885731072659778181851520         6.69242280692552431268056051790977979E-0002
   1.05203742715564002065663949137756297         6.68939750450011779243056163818626508E-0002
   1.02854520211774139587380887823091688         6.68644089866205720073307383937762236E-0002
   1.00504282575393836550944051139770600         6.68355284003972128888697954370420973E-0002
  0.981530530023197347115290707913173790         6.68073318287697529306887342899608021E-0002
  0.958008546982384905310619445664302815         6.67798178501503969711552588859408070E-0002
  0.934477108783977444194344608262643838         6.67529850787483248294278937012217383E-0002
  0.910936447673769956126679819412901670         6.67268321643978074865286630992933471E-0002
  0.887386795988583849493980376473785300         6.67013577923909769130563298155178590E-0002
  0.863828386153973878079611856814151987         6.66765606833152106674291894785748746E-0002
  0.840261450681934194672522756427372415         6.66524395928950935280402418019340255E-0002
  0.816686222168603551553845940568510901         6.66289933118389195480224783181603278E-0002
  0.793102933291969670510273655615262438         6.66062206656896990329094949852579840E-0002
  0.769511816809572805031147286822927776         6.65841205146806360397805066276434356E-0002
  0.745913105556208517354175867250564889         6.65626917535950430819356203582477882E-0002
  0.722307032441629693032446470191201109         6.65419333116306607961863461886482961E-0002
  0.698693830448247815702914974463044217         6.65218441522683513908903843721641297E-0002
  0.675073732628833524743867204638570371         6.65024232731451357423247470293653393E-0002
  0.651446972104216478515918044641347618         6.64836697059315450452869215560451824E-0002
  0.627813782060984545887969733273384874         6.64655825162132589513436364701836622E-0002
  0.604174395749182348756180106506336359         6.64481608033770031453085464233619687E-0002
  0.580529046480009178270396988347001899         6.64314037005006803177158682669773353E-0002
  0.556877967623516307488696186552136483         6.64153103742477094886533107603204930E-0002
  0.533221392606303723186617560413205956         6.63998800247655496267059831227014399E-0002
  0.509559554909216299553426336464963891         6.63851118855883844863197942974258305E-0002
  0.485892688065039436513235197713260111         6.63710052235439465579898454499522585E-0002
  0.462221025656194185414106608461933752         6.63575593386644589886835891035970994E-0002
  0.438544801312431884833314307895815397         6.63447735641016752851828370477214894E-0002
  0.414864248708528329251777861311751948         6.63326472660459975609316465865883382E-0002
  0.391179601561977493355294550563151519         6.63211798436496550278633436603027473E-0002
  0.367491093630684834724578669393076023         6.63103707289539253689003324799820462E-0002
  0.343798958710660197680279421590527051         6.63002193868203825547222060084675363E-0002
  0.320103430633710341053085059245465243         6.62907253148661555903249425131838269E-0002
  0.296404743265131112652732605949374574         6.62818880434031835931873922308522860E-0002
  0.272703130501399293213229448956611087         6.62737071353814535158585612435632427E-0002
  0.248998826267864132594855220672785805         6.62661821863362077318153012374468399E-0002
  0.225292064516438601026549691174010051         6.62593128243391096048471873431889196E-0002
  0.201583079223290378175104829808053969         6.62530987099533560593334236674409958E-0002
  0.177872104386532602830166737527719145         6.62475395361927270619130853177354951E-0002
  0.154159374023914405996415776919985559         6.62426350284845628145403063997256879E-0002
  0.130445122170511250186430910603652434         6.62383849446366603450836413964183819E-0002
  0.106729582876415097709656979675056134         6.62347890748080820647954872304821244E-0002
   8.30129902044244307545813933084147076E-0002   6.62318472414838697424632903756398010E-0002
   5.92955782277341460626894418069283015E-0002   6.62295592994536582231779937532264465E-0002
   3.55775810276253469940051739164143444E-0002   6.62279251357941840957342682510536527E-0002
   1.18592326911550557850374828390421593E-0002   6.62269446698556853870279087173950991E-0002
  -1.18592326911541311992612858743050045E-0002   6.62266178532521892347538258295999720E-0002
  -3.55775810276244224173542652923628313E-0002   6.62269446698556853615480583727650667E-0002
  -5.92955782277332215042890198013361892E-0002   6.62279251357941840447733101540690409E-0002
  -8.30129902044235062235564760741208343E-0002   6.62295592994536581467334129370279770E-0002
 -0.106729582876414173215132315179719240         6.62318472414838696405313140113791628E-0002
 -0.130445122170510325737530886572172409         6.62347890748080819373710841729557386E-0002
 -0.154159374023913481602264330780480321         6.62383849446366601921605215780872912E-0002
 -0.177872104386531678499887266361945754         6.62426350284845626361109200729857441E-0002
 -0.201583079223289453917820100307162655         6.62475395361927268579686221452680376E-0002
 -0.225292064516437676851381749600519954         6.62530987099533558298638116604398740E-0002
 -0.248998826267863208510925302829671061         6.62593128243391093498410916472257152E-0002
 -0.272703130501398369229657890164386042         6.62661821863362074512601227657018333E-0002
 -0.296404743265130188778638751032065872         6.62737071353814532097404351571151403E-0002
 -0.320103430633709417297587172526360502         6.62818880434031832614911862656855901E-0002
 -0.343798958710659274052494596898586557         6.62907253148661552330342551535376435E-0002
 -0.367491093630683911233622740080897803         6.63002193868203821718193645061153429E-0002
 -0.391179601561976570010281999537376391         6.63103707289539249603663907189967605E-0002
 -0.414864248708527406061821731076796673         6.63211798436496545936780798668263974E-0002
 -0.438544801312430961807526110611822371         6.63326472660459971010735608830905803E-0002
 -0.462221025656193262561596236017824376         6.63447735641016747996291488511956173E-0002
 -0.485892688065038513843110831815779684         6.63575593386644584774102343671067981E-0002
 -0.509559554909215377074794358744605497         6.63710052235439460209714737469061848E-0002
 -0.533221392606302800908582462547899803         6.63851118855883839235297657479213631E-0002
 -0.556877967623515385420360480409592837         6.63998800247655490381163651612426292E-0002
 -0.580529046480008256420861116146593829         6.64153103742477088742348747441784518E-0002
 -0.604174395749181427134542351001409184         6.64314037005006796774380859244247098E-0002
 -0.627813782060983624503326127954877949         6.64481608033770024791395861409760767E-0002
 -0.651446972104215557377362283963616415         6.64655825162132582592503594183752361E-0002
 -0.675073732628832603860490554268293620         6.64836697059315443272348776519322532E-0002
 -0.698693830448246895083806181552102131         6.65024232731451349982781707360736410E-0002
 -0.722307032441628772686691673674409670         6.65218441522683506208121903335970665E-0002
 -0.745913105556207597290858508169153065         6.65419333116306600000381246987306814E-0002
 -0.769511816809571885259348018674641885         6.65626917535950422596776326636088667E-0002
 -0.793102933291968751039070254731980394         6.65841205146806351913716800626647125E-0002
 -0.816686222168602632392313216522260363         6.66062206656896981583074179383720709E-0002
 -0.840261450681933275829732462465615756         6.66289933118389186471833950282463077E-0002
 -0.863828386153972959564632600325249234         6.66524395928950926009190469836144534E-0002
 -0.887386795988582931315877529483499506         6.66765606833152097139794227751782793E-0002
 -0.910936447673769038294515429112836583         6.67013577923909759332301700784289764E-0002
 -0.934477108783976526717177307571496918         6.67268321643978064802769224923713053E-0002
 -0.958008546982383988197504363822814705         6.67529850787483237967000116289238878E-0002
 -0.981530530023196430375279381113659593         6.67798178501503959118992957437467960E-0002
  -1.00504282575393744915158079344904572         6.68073318287697518448513650356477815E-0002
  -1.02854520211774047990714485125989324         6.68355284003972117763963029813179628E-0002
  -1.05203742715563910509021137656741964         6.68644089866205708681650068087330908E-0002
  -1.07551926900885639556944185018562520         6.68939750450011767583901239256673151E-0002
  -1.09899049592109326315703492215453513         6.69242280692552419340814171352902998E-0002
  -1.12245087624081580171692378754158865         6.69551695894399333638657303395107482E-0002
  -1.14590017842354159428292212666582411         6.69868011721442829766773048405980954E-0002
  -1.16933817103412496362189037316850249         6.70191244206849637889296218168211193E-0002
  -1.19276462274904114368742184445468489         6.70521409753069777173081591238134137E-0002
  -1.21617930235866934942019864394510851         6.70858525133893023664070118550330727E-0002
  -1.23958197876957472236204011819160729         6.71202607496555453506137357623536799E-0002
  -1.26297242100678912956176191691146502         6.71553674363896559984587928231823698E-0002
  -1.28635039821609079326228125088057780         6.71911743636567455956319659931529810E-0002
  -1.30971567966628272886994365969264364         6.72276833595290686505823583272117512E-0002
  -1.33306803475146996871880837474935766         6.72648962903172190146266783287535100E-0002
  -1.35640723299333554915461307641085568         6.73028150608065960573696605951302951E-0002
  -1.37973304404341523847534437973197533         6.73414416144991974885799122739481297E-0002
  -1.40304523768537098327776762017462012         6.73807779338607968300658344285785727E-0002
  -1.42634358383726305077191832646777841         6.74208260405735649761739426914818486E-0002
  -1.44962785255382084463842803754583488         6.74615879957941967399134775615471926E-0002
  -1.47289781402871237201664871720847084         6.75030659004176047640378082874188269E-0002
  -1.49615323859681233922485281460270626         6.75452618953462446833399548105686163E-0002
  -1.51939389673646885382731987943778762         6.75881781617651369566161724360375444E-0002
  -1.54261955907176871067687543443280340         6.76318169214226523449024326296231392E-0002
  -1.56582999637480123957542339811087999         6.76761804369171295973935906555309561E-0002
  -1.58902497956792069220920960075917820         6.77212710119893955186296555614475667E-0002
  -1.61220427972600714602997070505936576         6.77670909918212592308097487916812315E-0002
  -1.63536766807872590276775998827111453         6.78136427633400541142207068816918239E-0002
  -1.65851491601278535927609882045880413         6.78609287555293026075097859036982904E-0002
  -1.68164579507419332842518013645256867         6.79089514397455807786733002615282300E-0002
  -1.70476007697051178777414759922074864         6.79577133300416613379773585451374269E-0002
  -1.72785753357311003376899133812246561         6.80072169834960155563941230012706233E-0002
  -1.75093793691941621922833796395809400         6.80574650005487563783676606860980524E-0002
  -1.77400105921516725189536885852580754         6.81084600253441068766779687237149588E-0002
  -1.79704667283665703185027635204195116         6.81602047460794800907312927613754713E-0002
  -1.82007455033298300559406217764486987         6.82127018953612582186718411725125889E-0002
  -1.84308446442829101463109636646633436         6.82659542505673610992087664071737856E-0002
  -1.86607618802401841639468735545039509         6.83199646342166959219297498861517550E-0002
  -1.88904949420113545537696535709551844         6.83747359143455821460988485748902543E-0002
  -1.91200415622238486234165081730285484         6.84302710048912476885055482486253111E-0002
  -1.93493994753451965951576789408578792         6.84865728660824945618629956112444235E-0002
  -1.95785664177053914967406915343296655         6.85436445048376343075903314052492145E-0002
  -1.98075401275192306704786192436512239         6.86014889751697957716272725237700467E-0002
  -2.00363183449086386800806880628011028         6.86601093785997100203159028593786405E-0002
  -2.02648988119249713949071449898596222         6.87195088645760794864701074107773191E-0002
  -2.04932792725713010315160824817587088         6.87796906309036407746909017383498227E-0002
  -2.07214574728246819325578558315302598         6.88406579241790329409592124152031928E-0002
  -2.09494311606583968632628448387428579         6.89024140402345854957599479330461707E-0002
  -2.11771980860641836059605946321429445         6.89649623245901428637072240597355303E-0002
  -2.14047560010744416332628209797974049         6.90283061729130445671273431949937145E-0002
  -2.16321026597844186407393809671237221         6.90924490314863829876237270511302438E-0002
  -2.18592358183743767201150885965737052         6.91573943976856631996408057734334555E-0002
  -2.20861532351317379542161947025432545         6.92231458204639920648414359544508042E-0002
  -2.23128526704732092150984495981183094         6.92897069008459265271306060946246974E-0002
  -2.25393318869668859469939230720299031         6.93570812924301138568502335157702940E-0002
  -2.27655886493543347159211677088847084         6.94252727019008594605275322778438409E-0002
  -2.29916207245726543080128759662937352         6.94942848895487608011142091531294373E-0002
  -2.32174258817765151588268969406256540         6.95641216698005489644780077082885020E-0002
  -2.34430018923601768961203431992149237         6.96347869117582824626164136115090405E-0002
  -2.36683465299794837787825293402036702         6.97062845397480409843126526527201671E-0002
  -2.38934575705738378148406399298455257         6.97786185338782699914492337944170678E-0002
  -2.41183327923881493416723230079373726         6.98517929306079303156831463362944738E-0002
  -2.43429699759947648517818442708151094         6.99258118233246102374659218495663322E-0002
  -2.45673669043153718477210141426673287         7.00006793629327609293066675169680671E-0002
  -2.47915213626428805099628130133035313         7.00763997584522196196229714859396064E-0002
  -2.50154311386632819617644867163924616         7.01529772776271883844514932622472139E-0002
  -2.52390940224774829152878625879377515         7.02304162475458401036990346762751318E-0002
  -2.54625078066231164834777439007182312         7.03087210552707268285632899368823247E-0002
  -2.56856702860963289424344748159145345         7.03878961484801695993547686613241024E-0002
  -2.59085792583735422292541269065015931         7.04679460361208126303809469187132471E-0002
  -2.61312325234331919605492394455746093         7.05488752890715287430446423123088343E-0002
  -2.63536278837774407571046466530085015         7.06306885408188669821576853127522908E-0002
  -2.65757631444538666603666435712265383         7.07133904881442374960395313604439448E-0002
  -2.67976361130771264267095757899676361         7.07969858918230330006865233924948115E-0002
  -2.70192445998505934856718844345170437         7.08814795773358904846578035349983652E-0002
  -2.72405864175879703486036942247721441         7.09668764355923012468960207590291585E-0002
  -2.74616593817348752544201965357990915         7.10531814236667818971257702578391521E-0002
  -2.76824613103904028394093487554379303         7.11403995655478235904663781975927576E-0002
  -2.79029900243286586182987833314987118         7.12285359528998415172523246831513224E-0002
  -2.81232433470202670640452921998689880         7.13175957458383515286487351095245208E-0002
  -2.83432191046538530740708222344071008         7.14075841737186057514383320209365039E-0002
  -2.85629151261574966109315823881058412         7.14985065359379241343829555908648126E-0002
  -2.87823292432201603056716207102791605         7.15903682027519640769584679586747171E-0002
  -2.90014592903130898123790768134009122         7.16831746161051756222489392714508323E-0002
  -2.92203031047111867027322499920336316         7.17769312904756951526809410246637039E-0002
  -2.94388585265143536895936424107502474         7.18716438137349361134951402241685688E-0002
  -2.96571233986688119689832379032220509         7.19673178480221410079040625617766940E-0002
  -2.98750955669883904700374572653258490         7.20639591306341647633892683352559802E-0002
  -3.00927728801757868028374877652904090         7.21615734749307655642725531534971171E-0002
  -3.03101531898437996942700151971470163         7.22601667712556853853888249031617568E-0002
  -3.05272343505365327023647884131885932         7.23597449878738087493416954855976599E-0002
  -3.07440142197505689998369161094573301         7.24603141719246946695029743991660303E-0002
  -3.09604906579561170178473309077389395         7.25618804503927833368121846681833987E-0002
  -3.11766615286181267412824536600245271         7.26644500310945858648555822074289188E-0002
  -3.13925246982173764471437485584337908         7.27680292036831723290993612906315116E-0002
  -3.16080780362715296779295742063720262         7.28726243406702804270962577558369818E-0002
  -3.18233194153561622421855044161119899         7.29782418984663743516946321528643929E-0002
  -3.20382467111257590346951122446747391         7.30848884184389909136134847538615140E-0002
  -3.22528578023346804690810787442061732         7.31925705279897175782128059918733390E-0002
  -3.24671505708580983158864011451758824         7.33012949416501548990461623826391281E-0002
  -3.26811229017129007395074307506357890         7.34110684621972238431494369749227525E-0002
  -3.28947726830785663276544657172897150         7.35218979817881867154774986234240420E-0002
  -3.31080978063180069073216551339363593         7.36337904831157588080994312387289187E-0002
  -3.33210961659983789415560353595483004         7.37467530405836965295275468546828839E-0002
  -3.35337656599118633016256144113712326         7.38607928215032566168909649686893019E-0002
  -3.37461041890964132094985422374538155         7.39759170873109301047629362628170244E-0002
  -3.39581096578564701458595508874373059         7.40921331948078640256972054939919807E-0002
  -3.41697799737836475192060158097428930         7.42094485974213933555070506139405767E-0002
  -3.43811130477773818918841746320564220         7.43278708464891154978221811206342207E-0002
  -3.45921067940655515592462396848626357         7.44474075925659496344879878723094273E-0002
  -3.48027591302250622784313520444807911         7.45680665867546335581542236621401083E-0002
  -3.50130679772023999435975448225054636         7.46898556820601211583901776892284358E-0002
  -3.52230312593341500047581086128363253         7.48127828347683545605514476802883989E-0002
  -3.54326469043674834277039792058824853         7.49368561058498960253449474988013896E-0002
  -3.56419128434806089928239936525762328         7.50620836623889161147825756418718518E-0002
  -3.58508270113031917309670822493341140         7.51884737790380463254309648527745094E-0002
  -3.60593873459367372948246777401669282         7.53160348394996163912772901750376410E-0002
  -3.62675917889749420646478256952083111         7.54447753380338087751425466923054924E-0002
  -3.64754382855240087874516683078237568         7.55747038809942755086782166706647024E-0002
  -3.66829247842229275492001444173906338         7.57058291883917755161752138076939303E-0002
  -3.68900492372637218798058980544650908         7.58381600954864038766026921941810492E-0002
  -3.70968096004116597911245128424902048         7.59717055544089981517090120841281034E-0002
  -3.73032038330254295484682867790819270         7.61064746358123209462226792546034533E-0002
  -3.75092298980772799765128278444106086         7.62424765305526322800987686095008880E-0002
  -3.77148857621731251008197821090100719         7.63797205514022801536365451208348370E-0002
  -3.79201693955726129265509990838243774         7.65182161347939528857889791652867151E-0002
  -3.81250787722091581563033904974142835         7.66579728425972524161222752062200233E-0002
  -3.83296118697099386493496450056369375         7.67990003639282637940904104283685386E-0002
  -3.85337666694158554249278190251257908         7.69413085169928125484069211315663562E-0002
  -3.87375411564014560125826294016294530         7.70849072509641185475936796129562376E-0002
  -3.89409333194948209529230234265752895         7.72298066478955723439787664156429031E-0002
  -3.91439411512974132525242922297892259         7.73760169246693778516783740108103967E-0002
  -3.93465626482038905970686212136415953         7.75235484349818235590845842132128000E-0002
  -3.95487958104218801271855323454089428         7.76724116713659633332410978945561918E-0002
  -3.97506386419917155818231641626593397         7.78226172672525072528858288843137009E-0002
  -3.99520891508061366143527526242575456         7.79741759990697428250690854196057547E-0002
  -4.01531453486299500869820157914095933         7.81270987883833274138682203785426978E-0002
  -4.03538052511196531494284040643068692         7.82813967040768137561371690586867955E-0002
  -4.05540668778430179081803516267391699         7.84370809645737920763704264644990800E-0002
  -4.07539282522986374930537501409666910         7.85941629401025545591615382958143884E-0002
  -4.09533874019354333281318588467551253         7.87526541550042108125727717298974423E-0002
  -4.11524423581721234145597622915372531         7.89125662900852064788471273995649557E-0002
  -4.13510911564166514330492841741269259         7.90739111850152213408185034920684241E-0002
  -4.15493318360855764743369594244883237         7.92367008407714481543596010166743901E-0002
  -4.17471624406234232062262528502386156         7.94009474221302790312431595379382728E-0002
  -4.19445810175219922862356876216530172         7.95666632602074525256460809999900467E-0002
  -4.21415856183396308292669066871111212         7.97338608550477416647660561463807015E-0002
  -4.23381742987204627401009310377466906         7.99025528782652910340479128633219336E-0002
  -4.25343451184135787209269966825336371         8.00727521757357397055991196794295080E-0002
  -4.27300961412921857645063433436427938         8.02444717703412963106769835983326065E-0002
  -4.29254254353727159439731883086190046         8.04177248647699629307546232137666078E-0002
  -4.31203310728338943106768446342979612         8.05925248443701357446901029602518530E-0002
  -4.33148111300357657118725300225366720         8.07688852800618425510133674021243623E-0002
  -4.35088636875386803404738571965255178         8.09468199313059104144375553537395322E-0002
  -4.37024868301222378294872944971136867         8.11263427491323907956135911779824277E-0002
  -4.38956786468041897041580326713437547         8.13074678792296046452314531558519422E-0002
  -4.40884372308593000052676864021411741         8.14902096650952061113581628119901743E-0002
  -4.42807606798381638974370929725053590         8.16745826512507007571464024107792553E-0002
  -4.44726470955859840767021414951011522         8.18606015865208925507779585767143636E-0002
  -4.46640945842613047920470702762154668         8.20482814273797734080773858804935835E-0002
  -4.48551012563547032959980030108946902         8.22376373413644097793765030088692537E-0002
  -4.50456652267074385397996524949388918         8.24286847105584227160970398814565035E-0002
  -4.52357846145300569291200992425039506         8.26214391351467010708069100424941694E-0002
  -4.54254575434209549566523476505988876         8.28159164370430320204083666940536098E-0002
  -4.56146821413848985284069699710685712         8.30121326635923790004635053673640428E-0002
  -4.58034565408514988009175641361525903         8.32101040913495844459668216002365242E-0002
  -4.59917788786936443470099712169824337         8.34098472299363234984004266228033482E-0002
  -4.61796472962458894682172177392002321         8.36113788259781851107439151776895457E-0002
  -4.63670599393227984723549629822624097         8.38147158671238088132463422244224798E-0002
  -4.65540149582372457352068374772230928         8.40198755861480588471694869145389894E-0002
  -4.67405105078186713657054519024900063         8.42268754651412724874078083177525052E-0002
  -4.69265447474312922944330311511835340         8.44357332397866762160567111367582049E-0002
  -4.71121158409922686057055821826966354         8.46464669037281220380497590740757648E-0002
  -4.72972219569898249339462320326774992         8.48590947130303567096616580827464528E-0002
  -4.74818612685013267454968696802674730         8.50736351907340990461516012766288767E-0002
  -4.76660319532113113274624879818825919         8.52901071315082648538084464246863215E-0002
  -4.78497321934294733056296451825658905         8.55085296064017454645036097908049227E-0002
  -4.80329601761086045139492451970232095         8.57289219676972144106616116906440316E-0002
  -4.82157140928624880385243674836086653         8.59513038538695075412957033837825601E-0002
  -4.83979921399837462594961564691870170         8.61756951946511949243959612100462397E-0002
  -4.85797925184616427146748026571510658         8.64021162162080382895931798393896637E-0002
  -4.87611134339998376092184082839034055         8.66305874464271056230072284928484288E-0002
  -4.89419530970340967961200251826418339         8.68611297203203949222782532369090855E-0002
  -4.91223097227499540527223768520349616         8.70937641855469021462782574000010777E-0002
  -4.93021815311003264789407260789745015         8.73285123080561541469197333650446142E-0002
  -4.94815667468230828433370192796614391         8.75653958778563159496961177323574349E-0002
  -4.96604635994585647036528244354625828         8.78044370149100732590239335081916810E-0002
  -4.98388703233670601288746765259571563         8.80456581751615856122445273913604569E-0002
  -5.00167851577462298503732481011974770         8.82890821566979033048256574907947426E-0002
  -5.01942063466484856701272684713919905         8.85347321060483421760231026909933721E-0002
  -5.03711321389983209545143182911570730         8.87826315246254147009711892134381272E-0002
  -5.05475607886095930426235224265833278         8.90328042753110237088439676755389976E-0002
  -5.07234905542027573985197482493341479         8.92852745891917365695917471629328778E-0002
  -5.08989196994220533373651842188803804         8.95400670724470730015253112493104140E-0002
  -5.10738464928526411557821200912067709         8.97972067133948588921448809723964600E-0002
  -5.12482692080376904973203706127647324         9.00567188896978218445450052909169728E-0002
  -5.14221861234954197843740743884294190         9.03186293757357317171968828132914147E-0002
  -5.15955955227360865483755540016133340         9.05829643501475213782060489995252144E-0002
  -5.17684956942789284905785376469258768         9.08497504035479594154217800300922384E-0002
  -5.19408849316690551062293117279048028         9.11190145464235878073749446293767394E-0002
  -5.21127615334942897054122932750994922         9.13907842172127837508015980867050508E-0002
  -5.22841238034019616643460758375885509         9.16650872905749561501978699907738710E-0002
  -5.24549700501156487413972078620627278         9.19419520858540439034133270324492843E-0002
  -5.26252985874518692925718036498936988         9.22214073757416452733165201383008535E-0002
  -5.27951077343367242217395589100042774         9.25034823951452755366827462647369467E-0002
  -5.29643958148224885013408408236114719         9.27882068502674239747468962775577524E-0002
  -5.31331611581041520998252415097498436         9.30756109279012613523327454660950518E-0002
  -5.33014020985359101525693189156090603         9.33657253049490355714995949111928079E-0002
  -5.34691169756476022135221955249040579         9.36585811581693864395080553911433201E-0002
  -5.36363041341611004253302379365974599         9.39542101741600107292786613495520331E-0002
  -5.38029619240066464461961943553210108         9.42526445595823162150410768987691174E-0002
  -5.39690887003391369722339173780009861         9.45539170516349184307316874057557420E-0002
  -5.41346828235543576945871411669264774         9.48580609287830568312315862333015547E-0002
  -5.42997426593051655310897101605558790         9.51651100217512381578823441346325069E-0002
  -5.44642665785176189727551658668167627         9.54750987247866544554878449862374646E-0002
  -5.46282529574070563858956839710002694         9.57880620072011717090135552849281974E-0002
  -5.47917001774941221111840109175002623         9.61040354251999428311821878839399413E-0002
  -5.49546066256207402014872722220163613         9.64230551340049661206287730863925977E-0002
  -5.51169706939660356408183089533833150         9.67451579002821877252872243556160825E-0002
  -5.52787907800622028872685389914546928         9.70703811148810345067622643895653360E-0002
  -5.54400652868103215833062307036514937         9.73987628058955624475125775288602052E-0002
  -5.56007926224961192773455134567669819         9.77303416520567158330223937183202698E-0002
  -5.57609712008056810010144267460322867         9.80651569964655143564659503537606549E-0002
  -5.59205994408411055470748225187129104         9.84032488606773195368695773997342605E-0002
  -5.60796757671361082934729783178985107         9.87446579591476789403011355959299737E-0002
  -5.62381986096715704195273469818323684         9.90894257140506071988905637196726486E-0002
  -5.63961664038910343607889565982189015         9.94375942704805373123919659364331717E-0002
  -5.65535775907161453496405770095647069         9.97892065120495647969387759008574682E-0002
  -5.67104306165620388892328811579136018        0.100144306076892011549974758870449209      
  -5.68667239333526740088894456936034673        0.100502937374088756493891788543166592      
  -5.70224559985361121496475502863216624        0.100865145600524216840572182800239260      
  -5.71776252750997415291383436864011700        0.101230976758189317915491102752284257      
  -5.73322302315854468355480414938679766        0.101600477671944261659518916923478467      
  -5.74862693421047241009414004914248335        0.101973696007755394992770642186635815      
  -5.76397410863537406047697719599001035        0.102350680291420990020942865729847213      
  -5.77926439496283396589285662806829911        0.102731479927801279475312127243230055      
  -5.79449764228389901262729579847591988        0.103116145220568643731535885446386831      
  -5.80967370025256805250461188631213953        0.103504727392494421224410688545053572      
  -5.82479241908727575722211814251057443        0.103897278606289413089355351974285251      
  -5.83985364957237090193065004817682059        0.104293851986015776491564430610597584      
  -5.85485724305958906347135915286203849        0.104694501639088650479724921902211998      
  -5.86980305146951971873383754794791898        0.105099282678886534509353587660645835      
  -5.88469092729306772865590447202261865        0.105508251247990144268060987434294935      
  -5.89952072359290919344079799531392855        0.105921464542070203412041868355600666      
  -5.91429229400494166462306854202619137        0.106338980834445394667860875758600287      
  -5.92900549273972869967016663450819047        0.106760859501332490915344396678140131      
  -5.94366017458393874486255413186634110        0.107187161047811517870494582156764527      
  -5.95825619490177833225114583684418636        0.107617947134529666435671610975704194      
  -5.97279340963641957654700610603850543        0.108053280605168576365718167966931053      
  -5.98727167531142195785448246595507644        0.108493225514700555389934379742446515      
  -6.00169084903214837621535465578556375        0.108937847158460281201521016807296473      
  -6.01605078848717546398811243050122687        0.109387212102059559748370027928157442      
  -6.03035135194969814214314830693263630        0.109841388212173784107168998385526810      
  -6.04459239827892840661146166159885005        0.110300444688229856083330623712659155      
  -6.05877378692148833088141763147090359        0.110764452095026499856796958872356709      
  -6.07289537791279727109518756555836840        0.111233482396319115917714565237381617      
  -6.08695703187845325995371676280534651        0.111707608989402596768038988429048256      
  -6.10095861003560857579641934554494791        0.112186906740726856107206435528394135      
  -6.11489997419433947327928879162746279        0.112671452022581213322612755546343531      
  -6.12878098675901006213273531491676972        0.113161322750885228076836112409853937      
  -6.14260151072963032053821737442973075        0.113656598424125098798516329901153198      
  -6.15636140970320822972062353694513442        0.114157360163476327295041637692597595      
  -6.17006054787509601641138214509147285        0.114663690754155013053322683866575839      
  -6.18369879004033048989542918009067061        0.115175674688041878820312225287895405      
  -6.19727600159496746041344878154144846        0.115693398207624947709996979890531757      
  -6.21079204853741022574921552063145272        0.116216949351308695546054387501632276      
  -6.22424679746973211289041214144232611        0.116746418000139494836287972634623130      
  -6.23764011559899306170997050974514018        0.117281895925999253357772520351365651      
  -6.25097187073855023767378636078595475        0.117823476841321335752248090397835425      
  -6.26424193130936266063958953667220421        0.118371256450385146019217116134895830      
  -6.27745016634128983687081016846433674        0.118925332502248147884920899663178327      
  -6.29059644547438438144846710506697159        0.119485804845376614580017715229225532      
  -6.30368063896017861832341723635991103        0.120052775484039035785096602776988976      
  -6.31670261766296514531074261632227763        0.120626348636528873977989840475898881      
  -6.32966225306107135138761587655162111        0.121206630795286262110225354830304339      
  -6.34255941724812787371567274369518649        0.121793730788991276840883921074405760      
  -6.35539398293433098186873294679325335        0.122387759846704614300178499235461630      
  -6.36816582344769887680664683205948982        0.122988831664134846854033648846690990      
  -6.38087481273532189219610400164610123        0.123597062472114958414532882530671565      
  -6.39352082536460658573942166670431158        0.124212571107374551851036257682690220      
  -6.40610373652451370823263355958731452        0.124835479085698004943297577101156802      
  -6.41862342202679003813462459018572046        0.125465910677562931639033864067926749      
  -6.43107975830719406948960136077053873        0.126103992986357594351998057671777430      
  -6.44347262242671554110585357479226116        0.126749856029280422585681658872125048      
  -6.45580189207278879495454568910804620        0.127403632821029535969082847215070552      
  -6.46806744556049995181318126616577392        0.128065459460395159327309308626527409      
  -6.48026916183378789223940378167501827        0.128735475219873068026207119044869109      
  -6.49240692046663903102193653198470716        0.129413822638422728794562779186891084      
  -6.50448060166427587331672016034982842        0.130100647617499620795479504722979972      
  -6.51649008626433934073767857793363571        0.130796099520497351204113225970243433      
  -6.52843525573806485573303208803866471        0.131500331275741637399544243035276180      
  -6.54031599219145217263967972382673082        0.132213499483185033756736065643197466      
  -6.55213217836642894386989057267688592        0.132935764524958455895814522045188505      
  -6.56388369764200800974637557521114624        0.133667290679943121473509973511414343      
  -6.57557043403543840056375634363683889        0.134408246242534508048737820643161202      
  -6.58719227220335003951650533103902138        0.135158803645778350694541411397515428      
  -6.59874909744289213519560158812099977        0.135919139589067592065269368443232373      
  -6.61024079569286525241842775304406515        0.136689435170598584622797966941374147      
  -6.62166725353484705021882621876637416        0.137469876024794759738735245346164879      
  -6.63302835819431167588673499483902627        0.138260652464916454629551595880307515      
  -6.64432399754174280400943601010936647        0.139061959631086661069163911522605560      
  -6.65555406009374030952916987125010194        0.139873997643974167568060094316823678      
  -6.66671843501412056389470078044440822        0.140696971764387949899141164294985321      
  -6.67781701211501034344735280380789365        0.141531092559049767065278333321163871      
  -6.68884968185793433924508334905091200        0.142376576072825787731988234971773888      
  -6.69981633535489625759131093425337855        0.143233644007712755837264032255339763      
  -6.71071686436945350059847148616232739        0.144102523908889757207902852335968274      
  -6.72155116131778541617963987180694126        0.144983449358163129135701792280211595      
  -6.73231911926975510692502051609505146        0.145876660175149523798107561901945335      
  -6.74302063194996478738368216401389519        0.146782402626560660509200070969467915      
  -6.75365559373880467933458648168393893        0.147700929643972952353547085481944305      
  -6.76422389967349543469473762736522572        0.148632501050486046417785477198590431      
  -6.77472544544912407577615953213305669        0.149577383796696455996580291429289490      
  -6.78516012741967344266738877985822799        0.150535852206435976466025490699387409      
  -6.79552784259904513757925303587812519        0.151508188232749559415986997678816099      
  -6.80582848866207595605888731086499755        0.152494681724613874881326506450077612      
  -6.81606196394554779504022232743249987        0.153495630704926029839259987070103161      
  -6.82622816744919102776356024753439209        0.154511341660321951913597357693400448      
  -6.83632699883668133566133238328534852        0.155542129843415919192438131133868343      
  -6.84635835843662998737171061608799325        0.156588319588086759158765542618259447      
  -6.85632214724356755510641845153276323        0.157650244638472501962497636835181966      
  -6.86621826691892105866385830213939491        0.158728248492373917681661923308759327      
  -6.87604661979198452744353807737084025        0.159822684759808568990492458984736493      
  -6.88580710886088297088274183026577825        0.160933917537500959206816889881910325      
  -6.89549963779352974780144542135955310        0.162062321800141256014022342237698636      
  -6.90512411092857732520662827121641225        0.163208283809295145181636307866131736      
  -6.91468043327636141717237563987337474        0.164372201540900856775394426473800452      
  -6.92416851051983849447750185087201511        0.165554485132346569273822517416962253      
  -6.93358824901551665574785282448924934        0.166755557350182517367632222974022618      
  -6.94293955579437985091596555352449806        0.167975854079587513788382202116535714      
  -6.95222233856280544787637209890945849        0.169215824836779577435368024613626657      
  -6.96143650570347513328053565393470995        0.170475933305635301340825482549902226      
  -6.97058196627627913848119557660216537        0.171756657899862888232363020279554379      
  -6.97965863001921378170177637019962237        0.173058492352159856853899127588649054      
  -6.98866640734927231757248175246346243        0.174381946331878745016750982061345031      
  -6.99760520936332908524074854258827380        0.175727546092823213490254765843678001      
  -7.00647494783901694632987546093586919        0.177095835152903342021756559682486596      
  -7.01527553523559800408586842581181165        0.178487375007493209052116198449992463      
  -7.02400688469482759511885589148678020        0.179902745878456719489671650128303367      
  -7.03266891004181154521182454727025674        0.181342547500939810602795380629147544      
  -7.04126152578585668073590663358611313        0.182807399950169412222670116101840893      
  -7.04978464712131458727801457151334264        0.184297944510652725589304557255511893      
  -7.05823818992841860715326589017659555        0.185814844590335458601818122981324172      
  -7.06662207077411406754137091391828195        0.187358786682455647451834553289516142      
  -7.07493620691288173105296667976389006        0.188930481378021738853615715876741943      
  -7.08318051628755446059877243590718422        0.190530664432050946877667858774840144      
  -7.09135491753012709050141416359611046        0.192160097886927899420814770908994483      
  -7.09945932996255949585681720690625938        0.193819571256485752617155248218264126      
  -7.10749367359757285221919662567369737        0.195509902774673928124105218692085770      
  -7.11545786913943907775088364377193564        0.197231940712960235945169809566058373      
  -7.12335183798476345004551288463519911        0.198986564770922387155613555326349820      
  -7.13117550222326038990045830436338980        0.200774687544816985361705192329729845      
  -7.13892878463852240438184518504529302        0.202597256079275450944934954094395030      
  -7.14661160870878218159298057150552676        0.204455253507668671524893465635238955      
  -7.15422389860766782962463445717158350        0.206349700787108463903131406575183348      
  -7.16176557920495125223326818208456874        0.208281658534517473379304405108034726      
  -7.16923657606728965386104423042333262        0.210252228970703577603423066543901985      
  -7.17663681545896016667926223773227406        0.212262557979924253612742828882244994      
  -7.18396622434258759240474887007495556        0.214313837293025203419965253589106487      
  -7.19122473037986525170668364860236085        0.216407306802890809939006684190214481      
  -7.19841226193226893408936809284347395        0.218544257021657266227201049044191164      
  -7.20552874806176394120454107301485961        0.220726031689918672016590856255057855      
  -7.21257411853150521661500832372942799        0.222954030549008916031216184751490373      
  -7.21954830380653055509958800590138854        0.225229712288375452592614192633000198      
  -7.22645123505444688465767633695270899        0.227554597681083728574545994577262898      
  -7.23328284414610961444010696751210447        0.229930272921612630219362749842916582      
  -7.24004306365629504190141429087943254        0.232358393181332655834649419369307001      
  -7.24673182686436581253711355416590639        0.234840686398411637428398676970599581      
  -7.25334906775492942563817882111982261        0.237378957320381263084348134402058205      
  -7.25989472101848977956353283946823656        0.239975091819236595888485198996948901      
  -7.26636872205209175010006001276730265        0.242631061500747348500587313189149268      
  -7.27277100695995879554841429024455774        0.245348928631653121604183933005475071      
  -7.27910151255412358224171718929595847        0.248130851410616880378067823139297679      
  -7.28536017635505162427312667490956972        0.250979089611246168961887920552645699      
  -7.29154693659225793127720455845454065        0.253896010628187705770720308702491551      
  -7.29766173220491665817901776451968294        0.256884095960289498238353858573266750      
  -7.30370450284246375089397656773281556        0.259945948168141116922013511677363084      
  -7.30967518886519258203054004006904842        0.263084298346987770404373306119945818      
  -7.31557373134484257071710479080644985        0.266302014160113386600753846496354621      
  -7.32140007206518078074363694317487035        0.269602108482354509207562167761019259      
  -7.32715415352257649127790849045882479        0.272987748708500336901565029278052051      
  -7.33283591892656873448555702588381351        0.276462266787023098134774356690880922      
  -7.33844531220042679445260166050286944        0.280029170045945501014154931262546521      
  -7.34398227798170366187851704642048921        0.283692152884778049996941656650730208      
  -7.34944676162278243907749112341202178        0.287455109414451755403126549764696577      
  -7.35483870919141568989506981914761490        0.291322147136149901612290253256365856      
  -7.36015806747125772921702277010764771        0.295297601760042947160584862038611944      
  -7.36540478396238984681694750465317917        0.299386053276311370628005743685792847      
  -7.37057880688183846035886475384348569        0.303592343403685254966937007448401221      
  -7.37568008516408619244084394121470224        0.307921594555248683261120857850025551      
  -7.38070856846157586663553476108552671        0.312379230477697968698705804246943891      
  -7.38566420714520741755336739677624412        0.316970998738892177130642751727547607      
  -7.39054695230482771002411966566307162        0.321702995259726941025986537609139797      
  -7.39535675574971326256253351700355458        0.326581691110489455829038132091903999      
  -7.40009357000904587035369516024518014        0.331613961819372286131152861141616501      
  -7.40475734833238112306397197488253239        0.336807119472274736393162122800777565      
  -7.40934804469010981285342455620789623        0.342168947919037154501621785322772695      
  -7.41386561377391222803578309239885232        0.347707741442584076578126758018067418      
  -7.41831001099720532790229305474617202        0.353432347294982242617181516133082937      
  -7.42268119249558279429599522144481391        0.359352212559199991148699736112149869      
  -7.42697911512724795559330865281171865        0.365477435858635438837907591961090569      
  -7.43120373647343957882013169818843601        0.371818824509753469344058258438756590      
  -7.43535501483885052570006474784304151        0.378387957798220130697778129321445561      
  -7.43943290925203926850278855219702157        0.385197257157888654930476204218005755      
  -7.44343737946583426163110282055210065        0.392260064147451197241615722307463025      
  -7.44736838595773116495564078665998692        0.399590727254636670862049827335302099      
  -7.45122588993028291497682579305006764        0.407204698716278188602532719486991931      
  -7.45500985331148263996422500370235335        0.415118642728977310112704102749473342      
  -7.45872023875513941529408240874015673        0.423350556645048645758366799698066309      
  -7.46235700964124685527647763825842952        0.431919907008784866171358454109357537      
  -7.46592013007634453783425805777080419        0.440847782597255508075086858207987014      
  -7.46940956489387225846662847726132235        0.450157066998229714365877106011728536      
  -7.47282527965451711000105487132127954        0.459872633698263505250521403542204160      
  -7.47616724064655338470794508084588171        0.470021567182532727824536029386014728      
  -7.47943541488617529542340984842725660        0.480633414184643949224498443179922461      
  -7.48262977011782251239628103074373811        0.491740469994559235765361452003687909      
  -7.48575027481449851264646973241752432        0.503378105667653797167599921705667907      
  -7.48879689817808173869268471718128837        0.515585143118026739239792908059300239      
  -7.49176961013962956357850007363328078        0.528404286475809217101481782526168625      
  -7.49466838135967505919676004393853458        0.541882619807136187146951748020354343      
  -7.49749318322851656498333746381996195        0.556072183421482945093640606585978511      
  -7.50024398786650005412231971005449388        0.571030643634246272609527005162302562      
  -7.50292076812429429447578170613768150        0.586822074156423308951981859940283551      
  -7.50552349758315880152241869621852122        0.603517871436807690715466762712807701      
  -7.50805215055520458066045145997662688        0.621197831535162395332068525131393263      
  -7.51050670208364765630138270469345419        0.639951422790515859937084990601154830      
  -7.51288712794305538525237483297783772        0.659879297114764590170984955185441325      
  -7.51519340463958555195623544281257967        0.681095093794715980532891905561192960      
  -7.51742550941121824322923706791854977        0.703727604054540727057531460137160368      
  -7.51958342022798050020826110777414028        0.727923383458733697499741174278816884      
  -7.52166711579216374529004192463962180        0.753849924115710371469375453560302922      
  -7.52367657553853398191659499605359313        0.781699531815536959304222860538226271      
  -7.52561177963453476513224210171207802        0.811694097891753265086332060130343657      
  -7.52747270898048294090899608942048885        0.844091016330034260207113114090904531      
  -7.52925934520975715230843710173335858        0.879190580154018322761318447805018073      
  -7.53097167068897911061960054857973230        0.917345307303091995614618935235352683      
  -7.53260966851818762968380387703887136        0.958971809931390153466625925624053928      
  -7.53417332253100542168876361272534892         1.00456605493508337991251347878538969      
  -7.53566261729479865278579552303456868         1.05472320263785307599389020136130426      
  -7.53707753811082925695534837569165723         1.11016371032441293613167352980529826      
  -7.53841807101440000661759493138067477         1.17176813695187259893614012481529358      
  -7.53968420277499233855629181129586295         1.24062423187687848401545255471666473      
  -7.54087592089639693379562201369451532         1.31809168185543433156801622369199828      
  -7.54199321361683705014124941224476097         1.40589275684265197060351286166516090      
  -7.54303606990908460616834284732148537         1.50624180399239742794414598558032895      
  -7.54400447948056901551086771345448533         1.62203450811831448235897120558299341      
  -7.54489843277347877037799454580097947         1.75713178238536250451689837785808868      
  -7.54571792096485577329503630961438213         1.91679850846946858037187268527674979      
  -7.54646293596668241613789819292276790         2.10840552081297391366761123438762163      
  -7.54713347042596140560160498762596120         2.34259958038371449918811840276390317      
  -7.54772951772478833431506091149138208         2.63535082875341604922183652797183787      
  -7.54825107198041699688579426651347395         3.01175520281471741902195475302134440      
  -7.54869812804531745023004394116096095         3.51363926421522243077103750333896747      
  -7.54907068150722681761515573846166046         4.21629082411241980957089980775582609      
  -7.54936872868919283591287314189476668         5.27028550506099026868786963748812703      
  -7.54959226664961014563372870984809550         7.02696642667473666109100019844823244      
  -7.54974129318224932338436811007684292         10.5403629482743122179997047983262146      
  -7.54981580681627865646126816125278787         21.0806218674212307561943407887838863      
