   9.81024967590665397665361524559557438         6.07151163577780001255305295791542262E-0014
   9.81020126430478238599785193480758503         6.07569522387452908198922856046469023E-0014
   9.81005602997697057994881706548826813         6.08826301629663902557616431226748807E-0014
   9.80981397435662274053889907452058163         6.10926621107204053154918428497089059E-0014
   9.80947509983273011879403179191724706         6.13879051806444258123900996712176956E-0014
   9.80903940974984745635452160043434837         6.17695673236307351303452969133865615E-0014
   9.80850690840805997606999881896628908         6.22392154439986625197033354322091339E-0014
   9.80787760106294094189428281111598639         6.27987859426828556527182467869882259E-0014
   9.80715149392549978849902752285812723         6.34505978000163047209384874485830346E-0014
   9.80632859416212082111808722169186334         6.41973683196626252690403321121580448E-0014
   9.80540890989449248622761022551913984         6.50422316806531686545729669922704649E-0014
   9.80439245019952721375993045414190364         6.59887604716157482240320107025812102E-0014
   9.80327922510927183164238179126120869         6.70409904104728133071024428181170559E-0014
   9.80206924561080855354520759176662008         6.82034484844966190630312582857431382E-0014
   9.80076252364614654081577628958584481         6.94811847800306171088334351583855083E-0014
   9.79935907211210403966934303716834176         7.08798083088534896303043208376717547E-0014
   9.79785890486018109479961572064446291         7.24055271795552942654280390553949190E-0014
   9.79626203669642284066539062677929835         7.40651935079484436396326586123471109E-0014
   9.79456848338127337180251757108682500         7.58663535110462941083936925888310473E-0014
   9.79277826162942019360343551306688357         7.78173032851769875402777428101328227E-0014
   9.79089138910962925509948666678767112         7.99271508311097814621585958737840380E-0014
   9.78890788444457056537416894541343767         8.22058849584990334208016574630268057E-0014
   9.78682776721063439532842233937371380         8.46644517794480497500469121384133570E-0014
   9.78465105793773806661196360244830489         8.73148395876343991922029395350651705E-0014
   9.78237777810912332962758449103075997         9.01701730164331518090435579208356647E-0014
   9.78000795016114433260821085233771140         9.32448174781977398497141734090005626E-0014
   9.77754159748304618385938217064438832         9.65544950088651568170538042637953123E-0014
   9.77497874441673410935265284023389705         1.00116412779106892297339426218260044E-0013
   9.77231941625653320794823652333996881         1.03949405687351407306108709878897611E-0013
   9.76956363924893880661801255484304927         1.08074094623432361673284605699574380E-0013
   9.76671144059235741813278755697274420         1.12513062186954680828139886395671513E-0013
   9.76376284843683830377045531113213956         1.17291047864659261452051362851294140E-0013
   9.76071789188379564369442258478712724         1.22435164919455216865157902872715842E-0013
   9.75757660098572131774436711400205063         1.27975141524190672619167236276036032E-0013
   9.75433900674588829947406538175465795         1.33943588989997560489143176580801365E-0013
   9.75100514111804466636367129399905575         1.40376300297132381371405239365566388E-0013
   9.74757503700609822922644142521129279         1.47312582541304100940927539662883700E-0013
   9.74404872826379178392248726878023995         1.54795627366996477252465447981681669E-0013
   9.74042624969436898858468897132200193         1.62872923978641557258681746644087533E-0013
   9.73670763705023086965442744032843184         1.71596719909128646566563766218100960E-0013
   9.73289292703258296011728157835048243         1.81024535392699204760749125951287773E-0013
   9.72898215729107307342129380132740605         1.91219737946840117866500906367098758E-0013
   9.72497536642341971665282903119596579         2.02252184628008754836127451391382984E-0013
   9.72087259397503114663743910138170138         2.14198940403413290018908137678938626E-0013
   9.71667388043861507272549506636677912         2.27145082192266725735451218233337587E-0013
   9.71237926725377901011466335178369324         2.41184599394016001479995790994291249E-0013
   9.70798879680662128765357710830438706         2.56421403159920918972972226750403327E-0013
   9.70350251242931271416329063025908907         2.72970458303173047726741678408906086E-0013
   9.69892045839966890740530135809145061         2.90959053610400835801513479145218887E-0013
   9.69424267994071328991707989249233898         3.10528228447125042306505457391101724E-0013
   9.68946922322023075602816269781265416         3.31834375979719034207859373268374267E-0013
   9.68460013535031201446193385400492693         3.55051046110664171445376067942939746E-0013
   9.67963546438688861102025042117427276         3.80370974393001579254280242503903145E-0013
   9.67457525932925863594004980055001655         4.08008366812193919262748663529595915E-0013
   9.66941957011960312060301600247694060         4.38201474466350403010961124415678584E-0013
   9.66416844764249312837127405847347487         4.71215496916459579677344849231043408E-0013
   9.65882194372438754441392703357303276         5.07345858406363273547331789900970568E-0013
   9.65338011113312156948104730057895525         5.46921907370944644079047207364550421E-0013
   9.64784300357738592267348202352173167         5.90311096779645734462025757557363543E-0013
   9.64221067570619675834853125799071001         6.37923711038774001650551768852860142E-0013
   9.63648318310835630239320480609490728         6.90218214559412838011120070114242656E-0013
   9.63066058231190421318836005906220967         7.47707307872387269744191130588157283E-0013
   9.62474293078355967267856661689720648         8.10964789550896767509571412158455414E-0013
   9.61873028692815421305403358858686697         8.80633336432007048904043416787232152E-0013
   9.61262271008805528464237124509991015         9.57433330996185330802504181901209016E-0013
   9.60642026054258057069933921843580633         1.04217288360091119489570210902667876E-0012
   9.60012299950740305487905781135421531         1.13575921895439427528937432061133053E-0012
   9.59373098913394684725542630282034435         1.23921162120436788416859806719234975E-0012
   9.58724429250877377485770150286492049         1.35367616082216299410510031746398664E-0012
   9.58066297365296074277434032727929679         1.48044245968449632955054715745953363E-0012
   9.57398709752146787197030092772802866         1.62096278909240654381502531871210954E-0012
   9.56721673000249742005402702743390215         1.77687383972945524259168715405766724E-0012
   9.56035193791684349132130867814338925         1.95002155369248446891682587096175961E-0012
   9.55339278901723254249411877279089352         2.14248946782453275349925505117812743E-0012
   9.54633935198765469066336742294117358         2.35663108591709066217932039423833532E-0012
   9.53919169644268583003529484411946675         2.59510687641336051951028546164594450E-0012
   9.53194989292680056417193678959076235         2.86092658376584122934145558273535467E-0012
   9.52461401291367596050674393871848136         3.15749764759641030413783685891277080E-0012
   9.51718412880548613400701708506593812         3.48868064662505867045005253173862662E-0012
   9.50966031393218766694533258790877601         3.85885282671481948380948596515173902E-0012
   9.50204264255079587183257645548022500         4.27298093752193453266867778841931668E-0012
   9.49433118984465190465557972642859086         4.73670479387257490830857529031093449E-0012
   9.48652603192268073565265161567012468         5.25643320046593499731750899373623692E-0012
   9.47862724581863998495053930080824248         5.83945413691508515749002183417750469E-0012
   9.47063490949035963047650335500442284         6.49406140042483753582551584425727060E-0012
   9.46254910181897259564928479178312969         7.22970025251641480217896923779207857E-0012
   9.45436990260813622444275258761065433         8.05713502226362193299169435265371772E-0012
   9.44609739258324465150595850081495672         8.98864209100376501912537451536087988E-0012
   9.43773165339063207511318812285920230         1.00382322335430114552975112226660142E-0011
   9.42927276759676694080738249324267873         1.12219069314984700947077800039688664E-0011
   9.42072081868743704369001239623388178         1.25579540208379006018586978042119607E-0011
   9.41207589106692555740011675086174619         1.40672889057293753262444240602969271E-0011
   9.40333807005717799791476642049769599         1.57738485853936714311167190331941232E-0011
   9.39450744189696013039268442113162441         1.77050469242496469063758490114238130E-0011
   9.38558409374100682737214201504985105         1.98923009769628492476746711599864803E-0011
   9.37656811365916188672355665683407854         2.23716397927090987231853269941015889E-0011
   9.36745959063550881784644132999838568         2.51844090065259108773604116868823486E-0011
   9.35825861456749260468949459456582940         2.83780867263610519099141100024012458E-0011
   9.34896527626503245426167577868351938         3.20072287966906987613875313263638222E-0011
   9.33957966744962553939107931204717133         3.61345645271667959299146446344461075E-0011
   9.33010188075344174457730533735934465         4.08322674925665674472105846754581864E-0011
   9.32053200971840942387181957103919651         4.61834301263172171605317017669082426E-0011
   9.31087014879529217980950303955666597         5.22837756473731703290787921015814673E-0011
   9.30111639334275667250321091757155768         5.92436465006126333744216231057847282E-0011
   9.29127083962643146810168836388854159         6.71903150968249112975796656693680602E-0011
   9.28133358481795693589962911735012448         7.62706703774101174579088697888053309E-0011
   9.27130472699402620347700880433528611         8.66543427981552364566934125140003616E-0011
   9.26118436513541717933307855057044794         9.85373409575473792788477830313725509E-0011
   9.25097259912601565256856471146395005         1.12146285560436646424235745121678169E-0010
   9.24066952975182947925768646703943446         1.27743341027813022479836739391715365E-0010
   9.23027525869999386523957380059235673         1.45631962214791759489453291010822460E-0010
   9.21978988855776775514654312619107568         1.66163593824810276511349487383756345E-0010
   9.20921352281152133757446568180165333         1.89745483729912156519842762396138251E-0010
   9.19854626584571467638814389580125976         2.16849799138246677271268212414927063E-0010
   9.18778822294186747824219239959223628         2.48024267112290290269126061467070067E-0010
   9.17693950027752000648540233354339178         2.83904599184054330210448796216674726E-0010
   9.16600020492518515170394921415545040         3.25229004736018489044825144196755563E-0010
   9.15497044485129166924608503475227846         3.72855150594702400825918204564704951E-0010
   9.14385032891511859415813359871626833         4.27779986301527353392586462778394316E-0010
   9.13263996686772084404868347290026915         4.91162927411438342412217000145034417E-0010
   9.12133946935084602048484453996054650         5.64352974840029435771015987185191055E-0010
   9.10994894789584241961130106359126186         6.48920448989701157709429165981325089E-0010
   9.09846851492255826276965560265900440         7.46694135788152922917657307766566923E-0010
   9.08689828373823215798221316273593715         8.59804780990366730195698184809866059E-0010
   9.07523836853637480325090280126179360         9.90736032801344749559697554061518769E-0010
   9.06348888439564194270847365133594911         1.14238412539233840506840658614406250E-0009
   9.05164994727869858674543314582593048         1.31812782229092267776449128185482868E-0009
   9.03972167403107450732241625602753109         1.52191040490291959843290780153066700E-0009
   9.02770418238001101976378495655742376         1.75833580460145137334704336927415638E-0009
   9.01559759093329906241425604062704222         2.03278134516022056063336309770220127E-0009
   9.00340201917810858562624198856178248         2.35152999552995306937931155834236401E-0009
   8.99111758747980926163136298972671075         2.72192554247704107305170513241075232E-0009
   8.97874441708078252693524758734978894         3.15255469183813022037832080500667359E-0009
   8.96628263009922496896028391167305077         3.65346081185384088176599630351125638E-0009
   8.95373234952794306874641224512138324         4.23639486073730999070599990553553384E-0009
   8.94109369923313931160536188061006160         4.91511001503807028241633495431569363E-0009
   8.92836680395318967770893004871886407         5.70570766098160313628660688091267694E-0009
   8.91555178929741252467697726040393368         6.62704375772074470663978609839037797E-0009
   8.90264878174482887431577089952723555         7.70120616441901004268866604042024956E-0009
   8.88965790864291411574214646526137911         8.95407538343833079071642795952513755E-0009
   8.87657929820634113721367267106204833         1.04159833578360088707892288061338289E-0008
   8.86341307951571489906960181827094753         1.21224875293601292414382064381118900E-0008
   8.85015938251629846027185964359807512         1.41152803792866328284026979036086630E-0008
   8.83681833801673047111967835702130167         1.64432582161357135807665493976775510E-0008
   8.82339007768773414479570200753788749         1.91637771320320666099666356478296445E-0008
   8.80987473406081772048549380743576489         2.23441289290111558143008104545571116E-0008
   8.79627244052696643089634978128430199         2.60632755414957553309731091773043007E-0008
   8.78258333133532598708517125487812674         3.04138871957456538500021190139890302E-0008
   8.76880754159187759358886943435589900         3.55047374196446141914980629709832936E-0008
   8.75494520725810450693436782036906671         4.14635172429857861920189905095236624E-0008
   8.74099646514965015068873163146916106         4.84401417380957402700338973837503637E-0008
   8.72696145293496780029328695106603083         5.66106347093771580792302796996759620E-0008
   8.71284030913396185100879514091489248         6.61816921577719485820115850584215400E-0008
   8.69863317311662068238181935993909596         7.73960424820944621180391240548680095E-0008
   8.68434018510164113272535897040776967         9.05387416514960434534599362877895987E-0008
   8.66996148615504459718963338548919800         1.05944565276714601115078538770735444E-0007
   8.65549721818878476308156869573233942         1.24006687183977641493221816101152045E-0007
   8.64094752395934699617407739115316469         1.45186866404787465160126673627776217E-0007
   8.62631254706633939182862285571289449         1.70027402189366612510354653302011999E-0007
   8.61159243195107550483682523880347161         1.99165160599946824310110823877056713E-0007
   8.59678732389514877196899299198021349         2.33348027444496729963705569459527557E-0007
   8.58189736901899864129945398803535277         2.73454201926564938047823016485592708E-0007
   8.56692271428046842246041090438465734         3.20514814741251503605204193461566429E-0007
   8.55186350747335487205775664580850141         3.75740434967438556992855578679781559E-0007
   8.53671989722594952856385619639296847         4.40552123743632860493240417322129929E-0007
   8.52149203299957181108373062198714260         5.16617801375134211694713148545789738E-0007
   8.50618006508709389647236618895458736         6.05894820497685947594092081502887692E-0007
   8.49078414461145738936201592017824912         7.10679783835807409714041308329940951E-0007
   8.47530442352418179973936157431637472         8.33666813926066415841039484628331653E-0007
   8.45974105460386484279326020975870670         9.78015677319010623605367811518075904E-0007
   8.44409419145467457583451038257949529         1.14743139107760940647242168436148814E-0006
   8.42836398850483338716963783144268664         1.34625719921271587216249845571094902E-0006
   8.41255060100509385189111842674308494         1.57958310595903622955258018396265341E-0006
   8.39665418502720646962672641257285565         1.85337249704284588877378567894153758E-0006
   8.38067489746237929937081775615034355         2.17460977555393832596198829341801832E-0006
   8.36461289601972950660033094936838521         2.55147239268579256519423042891384256E-0006
   8.34846833922472683795811009181522087         2.99353117323943388806086056326025891E-0006
   8.33224138641762903886582673617733634         3.51198343006539304900834858853412194E-0006
   8.31593219775190922950829700902283977         4.11992404015245994749552119261407137E-0006
   8.29954093419267525471035814775580360         4.83266042846840473144158956553406055E-0006
   8.28306775751508102330668303469991917         5.66807828557344645140480137298118833E-0006
   8.26651283030272985268397177999926163         6.64706584420936665740679738892325371E-0006
   8.24987631594606983425386512601994783         7.79400567237853050121565455490935797E-0006
   8.23315837864078123569367463843160398         9.13734422084981761560632434150733257E-0006
   8.21635918338615595587061853590888487         1.07102508076406085486600249247497078E-0005
   8.19947889598346904844368881573123359         1.25513793479405294528753482813627231E-0005
   8.18251768303434233021555428233378770         1.47057479632118832838835521570853070E-0005
   8.16547571193910009038502440749228233         1.72257536466455384950176776182727809E-0005
   8.14835315089511691692855987329393537         2.01723414431369741004596130418910845E-0005
   8.13115016889515765641711640291181940         2.36163501400766180745670815030085969E-0005
   8.11386693572570952365224830160000313         2.76400592799451178562723076421037938E-0005
   8.09650362196530637758287624498726669         3.23389654156822240344814869318170927E-0005
   8.07906039898284518004143949899059034         3.78238189523909460637571239855590731E-0005
   8.06153743893589465391530517242185818         4.42229566692623006207006599206881788E-0005
   8.04393491476899615744629552815883259         5.16849691055312579520160941477739686E-0005
   8.02625300021195679142801805175008137         6.03817464311816094112194501165399890E-0005
   8.00849186977813475614734113930428505         7.05119512084012546489985644218216705E-0005
   7.99065169876271697499285016289221362         8.23049715770845427199777256909025117E-0005
   7.97273266324098900172944354652050546         9.60254138507725383549528330444639106E-0005
   7.95473494006659722851438558572448382         1.11978199259825466746965730643622264E-0004
   7.93665870686980341180612131733273027         1.30514335582761520578065773450236167E-0004
   7.91850414205573153339297804300257664         1.52037440602711042337011235060254339E-0004
   7.90027142480260701384452738240712114         1.77011100630044046450589146287893659E-0004
   7.88196073505998829576386023284301877         2.05967153634663822959249968194353011E-0004
   7.86357225354699081429433399658200363         2.39514992691953343528253527720018917E-0004
   7.84510616175050337240948616225802919         2.78351991289206259096675349775128341E-0004
   7.82656264192339693858977005041699658         3.23275157348073791810077268246699016E-0004
   7.80794187708272588456455651621500343         3.75194127330128484408680143459293609E-0004
   7.78924405100792168087245890600700496         4.35145615191643197415045178855893589E-0004
   7.77046934823897906806747685281525068         5.04309432866082790496159272133550541E-0004
   7.75161795407463472147271683373035482         5.84026198939874058469844900761035873E-0004
   7.73269005457053842745753306723766892         6.75816849739406403361487473479589894E-0004
   7.71368583653741678928784056908264919         7.81404061579519112828005228083598724E-0004
   7.69460548753922948067308228214635011         9.02735683769871697962066753961120299E-0004
   7.67544919589131806520688342120991639         1.04201026838540569256160584493932160E-0003
   7.65621715065854739997179780152396325         1.20170476394463129452915583283103471E-0003
   7.63690954165343964165174222661682360         1.38460441508353384264203436354900583E-0003
   7.61752655943430087356872527340600885         1.59383487806062443776629307338188070E-0003
   7.59806839530334037213330531083814154         1.83289652140273843268288903285545713E-0003
   7.57853524130478253127085860318622662         2.10570083106167429607224695242013939E-0003
   7.55892729022297146345820116379247359         2.41660877891346134485421529180592923E-0003
   7.53924473558046829607738692428137854         2.77047094108841730121106884151349792E-0003
   7.51948777163614118186559905471778491         3.17266906727494804913392444236392815E-0003
   7.49965659338324804231196020030684222         3.62915870264767301296023152710270524E-0003
   7.47975139654751206292381028031504011         4.14651234938637132024937695164157050E-0003
   7.45977237758518995935653661705800333         4.73196252399426244215214739116364296E-0003
   7.43971973368113303347238982101877309         5.39344391914583265152325796038799076E-0003
   7.41959366274684103846487934824747605         6.13963371427125720105146243977887482E-0003
   7.39939436341850887225631426582421195         6.97998889761322715207443175239898925E-0003
   7.37912203505506611844683680988057754         7.92477926470358908580173146130073466E-0003
   7.35877687773620945416388809988105243         8.98511454539250888567887491644739656E-0003
   7.33835909226042794423144618585134805         1.01729638858103867622778912530185024E-0002
   7.31786888014302124114858575717894103         1.15011656759863255450101310976423746E-0002
   7.29730644361411071043692563956563537         1.29834254724205355688253032079809265E-0002
   7.27667198561664350098635395964536203         1.46342995231034407275426347687606031E-0002
   7.25596570980438958009805087556044863         1.64691611670963348985209405256318795E-0002
   7.23518782053993175299326436919598907         1.85041471602010293767450763363849369E-0002
   7.21433852289264868662553508650349862         2.07560807824993696580307571764814305E-0002
   7.19341802263669095770311091302595990         2.32423684244736602711415390498446127E-0002
   7.17242652624895014489714020092340907         2.59808662397053530813934864003608555E-0002
   7.15136424090702098527988364198712846         2.89897134093176607069235689878033617E-0002
   7.13023137448715661510563803076283016         3.22871286036820069958971719856549076E-0002
   7.10902813556221691511531990737309131         3.58911663693736445995667929979678665E-0002
   7.08775473339960998061371263728985906         3.98194304342208365362050788065030484E-0002
   7.06641137795922673663623620347816541         4.40887413317941253768192409432119495E-0002
   7.04499827989136871858975418530368872         4.87147563205081366185034519203653075E-0002
   7.02351565053466903881938641064002800         5.37115403330714853584052667822188010E-0002
   7.00196370191400655962054792698259835         5.90910876595896875907521490267741822E-0002
   6.98034264673841329328248458032326758         6.48627952602592466979884638731511691E-0002
   6.95865269839897504981642195531032119         7.10328900358722646533334459255714225E-0002
   6.93689407096672535308808705706450192         7.76038140659340840715465283974412887E-0002
   6.91506697919053264614080024620775966         8.45735737581676842364985217502285183E-0002
   6.89317163849498080656156791846963383         9.19350610342598266331861267853533000E-0002
   6.87120826497824299280863359497390101         9.96753570893374903076485499271097867E-0002
   6.84917707540994884248476580731383995        0.107775031879031358653524250644823629      
   6.82707828722904504360617477317421368        0.116207455266038330219399177191809934      
   6.80491211854164929998235571597203322        0.124938138639693505099879779173260229      
   6.78267878811889771188735414023683206        0.133924128731318488051902959514037617      
   6.76037851539478559326793678976213355        0.143113478190112377747371431220972977      
   6.73801152046400174679893074652342472        0.152444820144378108089088193398994073      
   6.71557802407975621816056153563446126        0.161847076316330698538154190689437417      
   6.69307824765160155097697854793898116        0.171239330131931752224057378098711204      
   6.67051241324324756391930194202681746        0.180530897499240755699324298362235566      
   6.64788074357036967154045880842843787        0.189621628334701085183591995796378064      
   6.62518346199841077047279713948101562        0.198402471302133872539302192482062307      
   6.60242079254037671268297341997401355        0.206756332396239867318679497346506403      
   6.57959295985462538754190280938195428        0.214559254757936273141430101881797630      
   6.55670018924264943453063930159849782        0.221681942273930611590464643884165044      
   6.53374270664685260846591630004077464        0.227991642934172311301073453073652134      
   6.51072073864831981919172511436317170        0.233354399483323310364168470797981400      
   6.48763451246458086774573935150405401        0.237637664543953098204061426935621405      
   6.46448425594736790107160642222392745        0.240713265115412552229200921229241442      
   6.44127019758036660741012280065946450        0.242460687252162414436588426242740635      
   6.41799256647696117456408664684501688        0.242770635985924531219416642185987466      
   6.39465159237797303329317932092790438        0.241548808476633610982697206806133327      
   6.37124750564939340815656557537410434        0.238719800380456306768090073284344419      
   6.34778053728010969818202020244309138        0.234231047062981351092386146520244881      
   6.32425091887962570980128603539472459        0.228056683250047602796877592925360241      
   6.30065888267577576455204385224699210        0.220201187816306118060241790181236321      
   6.27700466151243270410732831158729157        0.210702665601060967012345639245109096      
   6.25328848884720981525345496429893193        0.199635606450776422654605081779485670      
   6.22951059874915669749753103864416143        0.187112954226803333891241821847535289      
   6.20567122589644909604540649669383593        0.173287316424396717656656009748279037      
   6.18177060557407272295048121756981975        0.158351149443032811685861913148409789      
   6.15780897367150108929311848954263915        0.142535766463938717990584120670545787      
   6.13378656668036737130952370309789050        0.126109035210730607239987096085444779      
   6.10970362169213033344782964727133153        0.109371662243390096642987714886140087      
   6.08556037639573433138778554070783714         9.26519991999339479092229087411845254E-0002
   6.06135706907526341811887529811519158         7.62993544909095845457296050630357124E-0002
   6.03709393860758957622989096539549056         6.06758508278818417247532693046445088E-0002
   6.01277122446001509962095917833005125         4.61469335388470063146558138161659185E-0002
   5.98838916668790914790676133810867489         3.30707051998081476722416374759391323E-0002
   5.96394800593233849683720138233239691         2.17863363693743905079036043041264147E-0002
   5.93944798341769250811905799474851096         1.26018771971374846502043257877830434E-0002
   5.91488934094930234207921027553805970         5.78186683713813255312715072487019035E-0003
   5.89027232091105443666684672338699022         1.53520287139863950038645941363263822E-0003
   5.86559716626299827634865630003433558         3.78688600100701988501947394032967537E-0006
   5.84086412053894847450735679899413629         1.25250028689887722168893860084587129E-0003
   5.81607342784408119301003916647707522         5.26108175851503934238460973594229264E-0003
   5.79122533285252492266869627027727786         1.19184701133371411823369790209442333E-0002
   5.76632008080494564837096032992936672         2.10201399188686281468892427463178628E-0002
   5.74135791750612642271449425948094798         3.22688894253896422536312419347726652E-0002
   5.71633908932254137203366798578326223         4.52794394475676902436097058285780114E-0002
   5.69126384317992415876210084561582984         5.95870680887378169371551824539000369E-0002
   5.66613242656083092412936489189494023         7.46603415674550866772688409822604599E-0002
   5.64094508750219773524462081266848906         8.99178100850244821078954172429391580E-0002
   5.61570207459289256067419764890593887        0.104748326112607270461422025791280811      
   5.59040363697126179867412905293062608        0.118534419419945731060421274222606511      
   5.56505002432267138229242192573830139        0.130677939509388564656929171162802919      
   5.53964148687704248560935737778107941        0.140626964596718877118881652139220059      
   5.51417827540638185543740854580808460        0.147902790984371199701854974137304505      
   5.48866064122230679285540434214603156        0.152125672369667649238778662122533072      
   5.46308883617356480900437218884633041        0.153037889916080199569746614253637110      
   5.43746311264354797962505567626615535        0.150522714220207697091607620739992370      
   5.41178372354780202286942436511487769        0.144617880803394080027015279285923519      
   5.38605092233153012497057210639431591        0.135522349223345566909987033475570850      
   5.36026496296709153840723677099125036        0.123595355623407621852719123514377806      
   5.33442609995149497725076764833802054        0.109347097333001185807003319114248948      
   5.30853458830388683443371648233612631         9.34207975977876655791050106214451880E-0002
   5.28259068356303424573033365583765186         7.65663735919623703330073201879521592E-0002
   5.25659464178480302529011190800891107         5.96064498093352003142297274643197043E-0002
   5.23054671953963049761613566988381263         4.33959937970942782364746402841384257E-0002
   5.20444717390999325093036413279436855         2.87773688425185735934516665377495765E-0002
   5.17829626248786983691810002501082500         1.65330618845912613130818875069977952E-0002
   5.15209424337219844189377326913166147         7.33871633313605017776815947049926276E-0003
   5.12584137516632955447979873426650324         1.71934145584835583529251862044869344E-0003
   5.09953791697547365493964969302428918         1.16493732935786548423895221790457159E-0005
   5.07318412840414395135542285637052327         2.33536143683934029056101782876753816E-0003
   5.04678026955359418788905650461578775         8.57601197390637667541471132015212292E-0003
   5.02032660101925155041499977766133356         1.83812560885208532205157791919973874E-0002
   4.99382338388814469486051815213340297         3.11719714635739297727479264129162159E-0002
   4.96727087973632692363795703962617769         4.61685602935711228664938864011030799E-0002
   4.94066935062629453560117181385209756         6.24318514010901602824585585186541732E-0002
   4.91401905910440037500596794244847803         7.89169343369525111037696294410353717E-0002
   4.88732026819826260500177879136919338         9.45371995431852790557362955064351528E-0002
   4.86057324141416873122894061853956351        0.108234892719892663676785247257108951      
   4.83377824273447490114280381359841322        0.119053701746446137298122055655158995      
   4.80693553661500050473254610941129966        0.126208361835631704686780089084880698      
   4.78004538798241810234892682842671239        0.129146059442146882349999934392358437      
   4.75310806223163870540134077517661726        0.127594590294445230426207849475530829      
   4.72612382522319243573039569011265571        0.121592809516006635751335176059476393      
   4.69909294328060458950784778684755828        0.111499899490197504887583542247114219      
   4.67201568318776713156108535457973835         9.79813370639316268832830071878838755E-0002
   4.64489231218630564606445027237733086         8.19710936003684137691227735450396567E-0002
   4.61772309797294176958453110696888805         6.46114433112998212623325070809024388E-0002
   4.59050830869685113251114880814089035         4.71736526200929132205358969514420825E-0002
   4.56324821295701683495008643571825789         3.09646211530404382430492538089031979E-0002
   4.53594307979957848319768741187973687         1.72260795721313846664633288169259965E-0002
   4.50859317871517681296126205725206072         7.03406194816533954096262694496928039E-0003
   4.48119877963629392553279920639624811         1.20692182393362501478055315371126116E-0003
   4.45376015293458916316677807805585799         2.30047863238710755818191169359052296E-0004
   4.42627756941823064995591487054300233         4.20460247462158043890130304642576631E-0003
   4.39875130032922252454145833811284976         1.28260605793298825368518313437149811E-0002
   4.37118161734072789103716845790222772         2.53961379455109236315800722355734580E-0002
   4.34356879255438751458837179932869749         4.08690089420925729152045397479486723E-0002
   4.31591309849763428802948594167915652         5.79297237472244519004032217980894129E-0002
   4.28821480812100349614514283645084752         7.50996959051881181918296472451701989E-0002
   4.26047419479543890408151696691005994         9.08613239557430930078823133297912468E-0002
   4.23269153230959469649567810895365513        0.103791522943094737935980488633748513      
   4.20486709486713329407174003793094170        0.112692438281022909331064678864240770      
   4.17700115708401907407326525143305078        0.116707110051538909123890739505703051      
   4.14909399398580802164181128660264578        0.115408486484628767887070239741752424      
   4.12114588100493333859166610327501553        0.108851986757360221055680893098966966      
   4.09315709397798703649071788485070980         9.75847061937105552677917969290172599E-0002
   4.06512790914299754085703808344388947         8.26081436047948739282000562868464545E-0002
   4.03705860313670333334012521338312781         6.52957027234246261474845137763678621E-0002
   4.00894945299182265879486038900949329         4.72707800983867698616924401409403260E-0002
   3.98080073613431932419506352298474973         3.02555469847082481185026322809291944E-0002
   3.95261273038066461637211106667583610         1.59040960627574907358224747808725307E-0002
   3.92438571393509536560238180393060676         5.63602442671061459014332109971261596E-0003
   3.89611996538686818210533612564319410         4.87417559957804403679193999905635558E-0004
   3.86781576370750989255180603949639901         9.95372637341007507964588743976720561E-0004
   3.83947338824806420371957753437062304         7.12960964312626910007524260826828945E-0003
   3.81109311873633462047058345197104958         1.82805110973307081890901206986287463E-0002
   3.78267523527412364526099335173756044         3.33074422703845109889914100018299015E-0002
   3.75422001833446828643218662420259410         5.06449410919393216856301872051040763E-0002
   3.72572774875887190256702595043913893         6.84579668678971557511356361521048169E-0002
   3.69719870775453241023200976153624485         8.48315635189830864108086675678083129E-0002
   3.66863317689156688246177426525329903         9.79757230955623364076262419568402936E-0002
   3.64003143810023256537803752289774584        0.106423536571072862620236341591787501      
   3.61139377366814434037042962647031760        0.109200331151514054359755171541966523      
   3.58272046623748865930173389532128729        0.105943621846589211447015473005935153      
   3.55401179880223398023487383672685805         9.69582759973456411093421588532797472E-0002
   3.52526805470533773121351905236756704         8.31979348839355404282083227134047919E-0002
   3.49648951763594982966244998179018260         6.61718138068822967634550760771515979E-0002
   3.46767647162661278500781601636220225         4.77846487807625381496215714476051556E-0002
   3.43882920105045841215114375747065148         3.01257791967126471930701692010402336E-0002
   3.40994799061840118346440169794921634         1.52301352645990077180990936173181326E-0002
   3.38103312537632824700660404580689772         4.83832323606043627981755523641985817E-0003
   3.35208489070228613869533945683925090         1.84381489060185235704565048668730202E-0004
   3.32310357230366421619923977289000791         1.83775636988739923858031089472720432E-0003
   3.29408945621437484234975915335823859         9.62065783481548398318485447523559203E-0003
   3.26504282879203034590271491968047583         2.26136665404570533632730392545860143E-0002
   3.23596397671511678751184768933260919         3.92521397648742624879236722271518261E-0002
   3.20685318698016455880818964347784099         5.75047845847634244110975849635430066E-0002
   3.17771074689891584251028573953384387         7.51151026233495873930651263292086848E-0002
   3.14853694409548896152129303816057238         8.98776548990756529136801185668354460E-0002
   3.11933206650353964499968775771637993         9.99154845205394574805014546377054156E-0002
   3.09009640236341923942073789505371921        0.103923474853639685778508537037511461      
   3.06083024021932989267605095931244113        0.101345342452045321743597547370723236      
   3.03153386891647673928838125753336618         9.24592333038309625555009508323227734E-0002
   3.00220757759821711484847895260431462         7.83577871409908516471941396366538607E-0002
   2.97285165570320682781008349314683631         6.08218076213975536908754846871562064E-0002
   2.94346639296254351680820670207443958         4.21006804766067578268887450141510521E-0002
   2.91405207939690712169461551906226477         2.46255741255673529845715549501045027E-0002
   2.88460900531369749651291083816810936         1.06914371268365968848367940753648933E-0002
   2.85513746130416919266380678418555852         2.14936720145430516465514376591867224E-0003
   2.82563773824056344053914385159122835         1.51082095799391319799862695122463466E-0004
   2.79611012727323735793081931252096932         4.98168023501753124655257454604353481E-0003
   2.76655491982779041354818891218016781         1.60061227228246994365930337023621490E-0002
   2.73697240760218817400458484132416826         3.17401382744288920725092227181725032E-0002
   2.70736288256388336266040603855924589         5.00394167926540654217817863252342604E-0002
   2.67772663694693425873676776559830603         6.83842820939118054605471160935198204E-0002
   2.64806396324912046513994785440922326         8.42228844111612388701475441977839372E-0002
   2.61837515422905607346283678733617320         9.53264568490560252374777084344632723E-0002
   2.58866050290330025465528758344429662        0.100106906892234314284589061350541667      
   2.55892030254346530388066907299747397         9.78507159391701839026440211720475785E-0002
   2.52915484667332216810105229636490341         8.88335737694319487483538574637637070E-0002
   2.49936442906590348495830421577971798         7.42961618905308038357871644868647709E-0002
   2.46954934374060416154292543303715144         5.62809298086878832684089714386701993E-0002
   2.43970988496027952166674892099899098         3.73498827698579183013337149644079694E-0002
   2.40984634722834105027961466202809068         2.02213803794089856755507627471868389E-0002
   2.37995902528584976369385030536234540         7.37698211746220571997800520393569238E-0003
   2.35004821410860723430382027389190759         6.95327981304677994527008893963090151E-0004
   2.32011420890424429851095493755922641         1.16773497024274431725717438462188586E-0003
   2.29015730510930747658753729718540466         8.73963933820948567286276159329766099E-0003
   2.26017779838634313323510686326210522         2.23044856645830242710925218928200545E-0002
   2.23017598462097940761563884625796253         3.98545386967571998845137596204429436E-0002
   2.20015215991900594165567117819593872         5.87695595077983255820461296720825863E-0002
   2.17010662060345143544528204238974931         7.62028827977409352637721603280384495E-0002
   2.14003966321165905857526628481568910         8.95085169126969301506545597268853855E-0002
   2.10995158449235974627702010498045900         9.66451123260902257494554871166722482E-0002
   2.07984268140274340925051956747517620         9.64945021420413716715017214803399803E-0002
   2.04971325110552808608636953164156849         8.90440620939424160928342104882050577E-0002
   2.01956359096602706720820536269291253         7.54019061869774787136121045936650077E-0002
   1.98939399854921401928175006282002402         5.76391172572286456419980202674776017E-0002
   1.95920477161678613905656404767925985         3.84800375425692965687043384720763120E-0002
   1.92899620812422536562597349743295782         2.08859390665473441053685188348583239E-0002
   1.89876860621785768010982584024186134         7.59523093021876502506658544138092823E-0003
   1.86852226423191052178359729066666753         6.91700800621612679393836195971403224E-0004
   1.83825748068556834969596727951966874         1.26950214124619712101004653485503844E-0003
   1.80797455428002637883527789184265930         9.24978749085179192705140139620275314E-0003
   1.77767378389554251992331289522779387         2.33809319063701730171712495153616283E-0002
   1.74735546858848755193256041382878970         4.14256126592266630799060466075731588E-0002
   1.71701990758839355644056560914781424         6.05080771605967544310841155301432181E-0002
   1.68666740029500064295213469488034514         7.75685577030270073250311223456409103E-0002
   1.65629824627530199433701907044339671         8.98533697084240063710940131338991275E-0002
   1.62591274526058726154728813982692853         9.53619871924989605924586614116889087E-0002
   1.59551119714348433679489132545817237         9.31778162147485794203174839047862079E-0002
   1.56509390197499953438591373005916341         8.36269329101619874250505763025030700E-0002
   1.53466115996155620842374568505644874         6.82361466111303472465516809680858372E-0002
   1.50421327146203183660881389686033121         4.94941618575350060130386245844443023E-0002
   1.47375053698479359937766091000620000         3.04521112672323936268686047012442724E-0002
   1.44327325718473248363900999932647039         1.42269181889860627826990199806642043E-0002
   1.41278173286029594037901423543123873         3.48816648542040874539661992389801047E-0003
   1.38227626495051912542216119510130574         1.32921355170965293926263258861729636E-0005
   1.35175715453205475264828846987280847         4.38597065738378225265419232709142324E-0003
   1.32122470281620158897985962410500116         1.58899043830709147492034909637119213E-0002
   1.29067921114593162046705543301255476         3.26183469257936264152391009899232093E-0002
   1.26012098099291591881135095920740349         5.17838156695321216019046082871477600E-0002
   1.22955031395454923768107517378577922         7.01785210895707048916389384604068484E-0002
   1.19896751175097336818498626832455954         8.47098758586076246692215919703045792E-0002
   1.16837287622209928288214241358808948         9.29216402522966731456873768258469288E-0002
   1.13776670932462809771830437842284650         9.34124088473012020405656251709488728E-0002
   1.10714931312907088129077301022551195         8.60793391258780015707048015983868867E-0002
   1.07652098981676734085494098136558509         7.21437780900123122030888467155288981E-0002
   1.04588204167690341449692431174616161         5.39520600428374407658884758982837269E-0002
   1.01523277110352779890743487688047461         3.45830794292768561483867028601150683E-0002
  0.984573480592567442202560296898146963         1.73277218532012546257702850307070524E-0002
  0.953904472738842031247332171091716906         5.12801146627911800971541281445203484E-0003
  0.923226050233077502947887474157456631         7.17958395008959442543356355515207249E-0005
  0.892538515858918608987660966230129025         3.03032757697095478685819728771331414E-0003
  0.861842172489940563492388594085137271         1.35024288201098837515364338206358835E-0002
  0.831137323086659803117752983280417765         2.96939224928779906533973051375741110E-0002
  0.800424270693543889062262151203514006         4.88206040300803267111423492501511689E-0002
  0.769703318436020580516421422518582383         6.75841696394023316575747308095787524E-0002
  0.738974769517486109067436117789462198         8.27400081213609852271029056639785088E-0002
  0.708238927216312683586568832378943834         9.16590385901339200121493391040070122E-0002
  0.677496094882855255133869948256780109         9.27859330171644009294511994261212483E-0002
  0.646746575936457571422303351132169339         8.59132764767838318641928897364760738E-0002
  0.615990673862457550390301087279248110         7.22226695574764257344493664586226685E-0002
  0.585228692209192002438500819343461475         5.40841053626696650678461445264617399E-0002
  0.554460934585000730892848361977544973         3.46471672186086049848027076282719294E-0002
  0.523687704655230040262384232912342996         1.72942875465924753117512238708062528E-0002
  0.492909306139235681865877982453487361         5.05096975045264498008374911274432174E-0003
  0.462126042807385266407027006724038665         5.60465444430610814517398149090900450E-0005
  0.431338218478060173083197552440103387         3.18514406478518503249206029208403874E-0003
  0.400546137014656984817654631687443786         1.38941395594050907952749521018091771E-0002
  0.369750102322588479209904535019827946         3.03110727510586723962010999941422485E-0002
  0.338950418346284204803158514064682378         4.95613846946024897984390604528757078E-0002
  0.308147389066190672272018957421413690         6.82701871027209480464347227513832963E-0002
  0.277341318495771190137289965578760073         8.31538126719999336360955677241089766E-0002
  0.246532510678505374618322604349513850         9.15967912573264945216922969098862846E-0002
  0.215721269684888363236521247297664868         9.21125761988844650376627016107603775E-0002
  0.184907899609429761786561274072611900         8.46065158031374070370316030431602959E-0002
  0.154092704567652354294499944610130752         7.03942327299859476128786841194993119E-0002
  0.123275988693090605584301492838145843         5.19716492520203958027034064436041018E-0002
   9.24580561342889860763443547495950053E-0002   3.25767670867647715101870293697410172E-0002
   6.16392110518001484432329442731732841E-0002   1.56201937961568078882481016724785414E-0002
   3.08197576151829857496984989692256334E-0002   4.08473794457778155256191088270299338E-0003
   6.00704543221772133721764985001508439E-0016   1.57507043741978769053029106690028728E-0030
  -3.08197576151817843465407667523240301E-0002   4.08473794457746784653120236428904722E-0003
  -6.16392110517989470578612875243762410E-0002   1.56201937961562356751133624115386534E-0002
  -9.24580561342877847206159620682588071E-0002   3.25767670867640414599913234109808710E-0002
 -0.123275988693089404270073260256577903         5.19716492520196363200007715386798296E-0002
 -0.154092704567651153033628358570812600         7.03942327299852922243854894188150211E-0002
 -0.184907899609428560590902294409464588         8.46065158031369708950557111563078144E-0002
 -0.215721269684887162117930190222511937         9.21125761988843246821608680385472784E-0002
 -0.246532510678504173588654025444894610         9.15967912573266744623101601172149288E-0002
 -0.277341318495769989208397542798259369         8.31538126720004021057469570848369763E-0002
 -0.308147389066189471455755374098634816         6.82701871027216226556674627480285693E-0002
 -0.338950418346283004111375341932055055         4.95613846946032520733221260537562835E-0002
 -0.369750102322587278654452117238378322         3.03110727510593886210440726267740121E-0002
 -0.400546137014655784410381965888691542         1.38941395594056354803767452449798582E-0002
 -0.431338218478058972835952173781238655         3.18514406478546287875756672146224143E-0003
 -0.462126042807384066331654870957533072         5.60465444430235940858234717342855368E-0005
 -0.492909306139234481974223349012293308         5.05096975045229883940313312168392748E-0003
 -0.523687704655228840566289548011832783         1.72942875465918810682196804297428909E-0002
 -0.554460934584999531404154141735355149         3.46471672186078663478343146361028269E-0002
 -0.585228692209190803169045532918367835         5.40841053626689107028550864750568539E-0002
 -0.615990673862456351351921040030261700         7.22226695574757867816216683062847808E-0002
 -0.646746575936456372626832567798979711         8.59132764767834191202975796051090205E-0002
 -0.677496094882854056593140056162708080         9.27859330171642856677725774993265993E-0002
 -0.708238927216311485312408944657556981         9.16590385901341217552862995669842356E-0002
 -0.738974769517484911071672716636003462         8.27400081213614685545295564509035345E-0002
 -0.769703318436019382810878242467363678         6.75841696394030125449870913828915059E-0002
 -0.800424270693542691658760062432437315         4.88206040300810872413418745135821260E-0002
 -0.831137323086658606028109874943747227         2.96939224928786994978571162095298400E-0002
 -0.861842172489939366728419257675711898         1.35024288201104188457665828101195716E-0002
 -0.892538515858917412561176978972139151         3.03032757697122427527839794332913777E-0003
 -0.923226050233076306870697082430944676         7.17958395008538042878664863493146970E-0005
 -0.953904472738840835531240173889952788         5.12801146627877171421697092181726768E-0003
 -0.984573480592566246859367929319027964         1.73277218532006635961221363535390822E-0002
  -1.01523277110352660394893969365309743         3.45830794292761213419024545358981225E-0002
  -1.04588204167690221993492007079372585         5.39520600428366872543480593894830506E-0002
  -1.07652098981676614670121752740575990         7.21437780900116677758064410332324314E-0002
  -1.10714931312906968755711615840942474         8.60793391258775750389503451353327892E-0002
  -1.13776670932462690441649579801385083         9.34124088473010649284686609945575038E-0002
  -1.16837287622209809002395951168144471         9.29216402522968478343260266765728336E-0002
  -1.19896751175097217578220207360917706         8.47098758586080809305927188071929956E-0002
  -1.22955031395454804574545822034918227         7.01785210895713653077692381813255836E-0002
  -1.26012098099291472735466517038504679         5.17838156695328748608093752404080261E-0002
  -1.29067921114593042950106000528264914         3.26183469257943461648267241580427151E-0002
  -1.32122470281620039851630891102999879         1.58899043830714807899866809964735885E-0002
  -1.35175715453205356269893186608866683         4.38597065738410050410372291548339794E-0003
  -1.38227626495051793599874302035571458         1.32921355171144606040674104702376656E-0005
  -1.41278173286029475149327361867192309         3.48816648542012376410940824788605926E-0003
  -1.44327325718473129530268076284072666         1.42269181889855222828647744564164121E-0002
  -1.47375053698479241160247145361280821         3.04521112672316867951937001747980293E-0002
  -1.50421327146203064940648708215498295         4.94941618575342488529881489294754578E-0002
  -1.53466115996155502180599871971183450         6.82361466111296633704858977705936930E-0002
  -1.56509390197499834836445805218087009         8.36269329101614878171007454650538205E-0002
  -1.59551119714348315138143248799750671         9.31778162147483444868131404187190762E-0002
  -1.62591274526058607675352569505184250         9.53619871924990273865833414267354786E-0002
  -1.65629824627530081017464645446862795         8.98533697084243629867770722024066340E-0002
  -1.68666740029499945943283911225792378         7.75685577030275952579599029795704366E-0002
  -1.71701990758839237357602791751907138         6.05080771605974784038324256060275750E-0002
  -1.74735546858848636973445500863900946         4.14256126592274066365814038702032500E-0002
  -1.77767378389554133840330759450464182         2.33809319063708173001492282492010332E-0002
  -1.80797455428002519800503382103952883         9.24978749085223459020745442426701106E-0003
  -1.83825748068556716956713875642508757         1.26950214124636837250054620850027386E-0003
  -1.86852226423190934236783171038087427         6.91700800621485963191732624303099665E-0004
  -1.89876860621785650141876356022172668         7.59523093021836074918735007140251003E-0003
  -1.92899620812422418767124772260635285         2.08859390665467259531342441152969842E-0002
  -1.95920477161678496184980071563002083         3.84800375425685611029365953377806722E-0002
  -1.98939399854921284283456772904464103         5.76391172572279069448516727104722025E-0002
  -2.01956359096602589153221508593007915         7.54019061869768505391128445646792464E-0002
  -2.04971325110552691119317475927571528         8.90440620939419943392291037407380836E-0002
  -2.07984268140274223515171602101513918         9.64945021420412198670541263909471172E-0002
  -2.10995158449235857298419566561437661         9.66451123260903657193587550423498414E-0002
  -2.14003966321165788610000087904330283         8.95085169126973391881371596230340118E-0002
  -2.17010662060345026379914752773319991         7.62028827977415501049039915437702364E-0002
  -2.20015215991900477085023122899020610         5.87695595077990524434340555029057929E-0002
  -2.23017598462097823766244883952206725         3.98545386967579289249092990035234881E-0002
  -2.26017779838634196414571376465220322         2.23044856645836462133809249507581280E-0002
  -2.29015730510930630837347954703089532         8.73963933820990805705587878211703930E-0003
  -2.32011420890424313118376233698301069         1.16773497024290497572787380550899095E-0003
  -2.35004821410860606787501387101590284         6.95327981304553816439074636203870631E-0004
  -2.37995902528584859817494228159938620         7.37698211746181551944358753931213543E-0003
  -2.40984634722833988568210821846135357         2.02213803794083868770735120105218387E-0002
  -2.43970988496027835800213816485003933         3.73498827698571980685476503642362222E-0002
  -2.46954934374060299882269526422374060         5.62809298086871454936143617973018842E-0002
  -2.49936442906590232319393021356446695         7.42961618905301539672238680922476056E-0002
  -2.52915484667332100730400060609596200         8.88335737694314786869827094595242303E-0002
  -2.55892030254346414406239629294229561         9.78507159391699591252105070821371473E-0002
  -2.58866050290329909582724065171764421        0.100106906892234364968472440521875809      
  -2.61837515422905491563645286892345273         9.53264568490563425418612138134005468E-0002
  -2.64806396324911930832665422828628876         8.42228844111617767653146612883472514E-0002
  -2.67772663694693310294798171194882603         6.83842820939124877063375255031797290E-0002
  -2.70736288256388220790753472609076216         5.00394167926547965899523331739979563E-0002
  -2.73697240760218702029902521468394015         3.17401382744295709813813832122018409E-0002
  -2.76655491982778926090132757947193293         1.60061227228252330857090980667292567E-0002
  -2.79611012727323620635403243292371691         4.98168023501784733254421121852970964E-0003
  -2.82563773824056229004379702308110736         1.51082095799447671384201571803189508E-0004
  -2.85513746130416804326125493136200199         2.14936720145409490796502999109387179E-0003
  -2.88460900531369634821449810018532258         1.06914371268361487661338460091163135E-0002
  -2.91405207939690597451167513766714838         2.46255741255667269460199777620646154E-0002
  -2.94346639296254237075206090975206821         4.21006804766060365600963323983200314E-0002
  -2.97285165570320568289204340137459740         6.08218076213968313999938704831689068E-0002
  -3.00220757759821597107984444021580133         7.83577871409902215767455772307544486E-0002
  -3.03153386891647559668044085919313883         9.24592333038305049436662287293859134E-0002
  -3.06083024021932875124008175410274134        0.101345342452045093745966635372007313      
  -3.09009640236341809916800539517426352        0.103923474853639714596038919244021935      
  -3.11933206650353850594144579729828943         9.99154845205397374685627270960413624E-0002
  -3.14853694409548782366878366219558074         8.98776548990761469126587728961038993E-0002
  -3.17771074689891470587473909291985012         7.51151026233502319777192604847978378E-0002
  -3.20685318698016342340082386018191390         5.75047845847641382751444229043257130E-0002
  -3.23596397671511565334386878167253189         3.92521397648749568197546168937759000E-0002
  -3.26504282879202921298531666772593040         2.26136665404576428672618484490079536E-0002
  -3.29408945621437371069412299445271366         9.62065783481589717555783308297293080E-0003
  -3.32310357230366308581653469129453252         1.83775636988758679108484881717985479E-0003
  -3.35208489070228500959672187349901886         1.84381489060125427501542328949744967E-0004
  -3.38103312537632711920321770824190339         4.83832323606013700531491841543008135E-0003
  -3.40994799061840005696737757026996568         1.52301352645985049333898667498154342E-0002
  -3.43882920105045728697159991052003730         3.01257791967120001112356791490585034E-0002
  -3.46767647162661166115685751798463567         4.77846487807618218647192549030601166E-0002
  -3.49648951763594870715116878722905578         6.61718138068815932539788862870881946E-0002
  -3.52526805470533661005299389479213145         8.31979348839349290369353218469090522E-0002
  -3.55401179880223286043617011788960530         9.69582759973451896079259369722674316E-0002
  -3.58272046623748754087590357634689912        0.105943621846588968677031477612537582      
  -3.61139377366814322332851111877726541        0.109200331151514045218177937969405724      
  -3.64003143810023144973105557925363451        0.106423536571073085858519826893175867      
  -3.66863317689156576822073987096500544         9.79757230955627653780972346795871349E-0002
  -3.69719870775453129740792002577593653         8.48315635189836725619524616276283570E-0002
  -3.72572774875887079117086399770724789         6.84579668678978343814122925281562070E-0002
  -3.75422001833446717647492148592881205         5.06449410919400192435113101139069273E-0002
  -3.78267523527412253675357985802092425         3.33074422703851530748920113481110579E-0002
  -3.81109311873633351342396212346019870         1.82805110973312273814091527487135732E-0002
  -3.83947338824806309814467447428526526         7.12960964312661178988740163795665751E-0003
  -3.86781576370750878845953282579109399         9.95372637341139072079633230959386608E-0004
  -3.89611996538686707950658970331447770         4.87417559957712252900188629477541799E-0004
  -3.92438571393509426450804437746854550         5.63602442671030887265136302935562144E-0003
  -3.95261273038066351679304999266106173         1.59040960627570027268683882044526906E-0002
  -3.98080073613431822614213120283203703         3.02555469847076265604182927892642433E-0002
  -4.00894945299182156227889416185893885         4.72707800983860757100123128623665752E-0002
  -4.03705860313670223837194724913999206         6.52957027234239263130363671514129544E-0002
  -4.06512790914299644744745527596814059         8.26081436047942346719242160231832146E-0002
  -4.09315709397798594465052174529735355         9.75847061937100359028738332246192609E-0002
  -4.12114588100493224833163265358622738        0.108851986757359868545517629949251875      
  -4.14909399398580693297270095315279173        0.115408486484628612808763999825654237      
  -4.17700115708401798700582275882762477        0.116707110051538963310817086418538330      
  -4.20486709486713220861669430296046171        0.112692438281023165332406281097154238      
  -4.23269153230959361266374213470359889        0.103791522943095170254201182779818694      
  -4.26047419479543782188338773702783641         9.08613239557436609137644895296024436E-0002
  -4.28821480812100241559150120957090029         7.50996959051887697848440287487656500E-0002
  -4.31591309849763320913099654600718597         5.79297237472251289897810810428619515E-0002
  -4.34356879255438643735568292738610032         4.08690089420932162495504984415898131E-0002
  -4.37118161734072681548091196143173682         2.53961379455114780029851356144661977E-0002
  -4.39875130032922145067224952314645908         1.28260605793303013257702561706172224E-0002
  -4.42627756941822957778435239263317981         4.20460247462182924154520220784526539E-0003
  -4.45376015293458809270344383767108654         2.30047863238769836964332470183671528E-0004
  -4.48119877963629285678825824448195310         1.20692182393349044471503028734170757E-0003
  -4.50859317871517574594606245095790781         7.03406194816502299455617588258733673E-0003
  -4.53594307979957741792236017045437941         1.72260795721309119745567939503492001E-0002
  -4.56324821295701577142514539657251691         3.09646211530398468825122270524358886E-0002
  -4.59050830869685007074709053308043412         4.71736526200922490028310338766569887E-0002
  -4.61772309797294070959183477859740495         6.46114433112991345270287929107621211E-0002
  -4.64489231218630458785357759067121249         8.19710936003677554070637243973502577E-0002
  -4.67201568318776607514248043363534523         9.79813370639310445050444104670766676E-0002
  -4.69909294328060353489193705180201334        0.111499899490197039419616427038439877      
  -4.72612382522319138292758777423924958        0.121592809516006318689607900438634763      
  -4.75310806223163765442202641715578900        0.127594590294445081911141422155058352      
  -4.78004538798241705320347876979366341        0.129146059442146910153417082932765686      
  -4.80693553661499945743131899218121305        0.126208361835631904127754245440966615      
  -4.83377824273447385569613407807032549        0.119053701746446492035724317472784578      
  -4.86057324141416768764714640127987388        0.108234892719893147268518266622794661      
  -4.88732026819826156329515982337580841         9.45371995431858571244100328547311576E-0002
  -4.91401905910439933518480544749663844         7.89169343369531439248428350285017935E-0002
  -4.94066935062629349767572840702284102         6.24318514010908055891944069804421698E-0002
  -4.96727087973632588761847662601847904         4.61685602935717386711379096814758968E-0002
  -4.99382338388814366075722582576095570         3.11719714635744770167258978043752856E-0002
  -5.02032660101925051823810172053501558         1.83812560885212980929264375590909644E-0002
  -5.04678026955359315764873988601274665         8.57601197390669247385899007856642586E-0003
  -5.07318412840414292306185573229094353         2.33536143683950873833813527029049763E-0003
  -5.09953791697547262860298090583678023         1.16493732935906304865917288938376166E-0005
  -5.12584137516632853011015781254311625         1.71934145584821151129046297245962515E-0003
  -5.15209424337219741950127032767354304         7.33871633313575860247579061410307610E-0003
  -5.17829626248786881651282566506545399         1.65330618845908395012943122949378609E-0002
  -5.20444717390999223252238934246540427         2.87773688425180452153403137511195054E-0002
  -5.23054671953962948121551172473450147         4.33959937970936720109097606951586842E-0002
  -5.25659464178480201090687027186005965         5.96064498093345482206874924917199031E-0002
  -5.28259068356303323337448588176112839         7.65663735919617057567032365521156262E-0002
  -5.30853458830388582411525411384486916         9.34207975977870214975354239896325149E-0002
  -5.33442609995149396897966212077354635        0.109347097333000593113888815432513722      
  -5.36026496296709053219343931310960146        0.123595355623407107898818639396747911      
  -5.38605092233152912082401364215145859        0.135522349223345154320878132679579164      
  -5.41178372354780102080001541565248653        0.144617880803393785837192151731711183      
  -5.43746311264354697964268626209877825        0.150522714220207532213508533353253890      
  -5.46308883617356381111891173225086785        0.153037889916080168596785921497464383      
  -5.48866064122230579707670156975453171        0.152125672369667750564098249370256816      
  -5.51417827540638086177529139140478790        0.147902790984371425920044763402853640      
  -5.53964148687704149407363288530467257        0.140626964596719215666804301303057868      
  -5.56505002432267039289287615249036063        0.130677939509388998642222701040723883      
  -5.59040363697126081142052697299117566        0.118534419419946240222217811935130501      
  -5.61570207459289157557628305675710868        0.104748326112607832207088644188125040      
  -5.64094508750219675231211622702718103         8.99178100850250725717974435068199536E-0002
  -5.66613242656082994337197145975551437         7.46603415674556817521901340532075596E-0002
  -5.69126384317992318018949824650367953         5.95870680887383932355306320590043147E-0002
  -5.71633908932254039565551433622029968         4.52794394475682259535542671971447826E-0002
  -5.74135791750612544854042601766388789         3.22688894253901178633197725382395336E-0002
  -5.76632008080494467641059220062177364         2.10201399188690270196255524618274236E-0002
  -5.79122533285252395293162110991631612         1.19184701133374499731856345353017796E-0002
  -5.81607342784408022550582788849587758         5.26108175851524825514096827772288920E-0003
  -5.84086412053894750924555827936076956         1.25250028689898011193507477850156419E-0003
  -5.86559716626299731333879728300823148         3.78688600100135571505617957350060080E-0006
  -5.89027232091105347591843172749384216         1.53520287139852619696465558331967535E-0003
  -5.91488934094930138360172149976404680         5.78186683713791570052591658557548204E-0003
  -5.93944798341769155192195522495483460         1.26018771971371711559863493350844823E-0002
  -5.96394800593233754292992189789101024         2.17863363693739896767485338541159973E-0002
  -5.98838916668790819629871981876014078         3.30707051998076707447027966008566339E-0002
  -6.01277122446001415032154761126445822         4.61469335388464659860258015548131120E-0002
  -6.03709393860758862924847855255732673         6.06758508278812516631959207344769306E-0002
  -6.06135706907526247346480836373311092         7.62993544909089589264824144297862961E-0002
  -6.08556037639573338907038743905020410         9.26519991999333009789674536308724442E-0002
  -6.10970362169212939347640067062848609        0.109371662243389442325592782341964004      
  -6.13378656668036643369334098999201813        0.126109035210729958791899160792971026      
  -6.15780897367150015404143593316614845        0.142535766463938087711299718828819413      
  -6.18177060557407179007252937445316617        0.158351149443032210686269284548080515      
  -6.20567122589644816555039249560364281        0.173287316424396155685657281888724767      
  -6.22951059874915576939463848971258742        0.187112954226802819219015900712848562      
  -6.25328848884720888955184386838513766        0.199635606450775962009176672260831482      
  -6.27700466151243178081613496987193762        0.210702665601060565564798733302837731      
  -6.30065888267577484368038077606062274        0.220201187816305779452950687528302355      
  -6.32425091887962479135824185628097240        0.228056683250047329208505297559581792      
  -6.34778053728010878217665958245755024        0.234231047062981143333088416771556128      
  -6.37124750564939249459792911761976441        0.238719800380456164398325628145733133      
  -6.39465159237797212219028348032806731        0.241548808476633532449238199122139023      
  -6.41799256647696026592592364115450478        0.242770635985924514002534140341658126      
  -6.44127019758036570124566052171508031        0.242460687252162455202911188970860618      
  -6.46448425594736699738978834743496932        0.240713265115412646985370121882942271      
  -6.48763451246457996655548445558381364        0.237637664543953242446990488623825408      
  -6.51072073864831892050192778130224468        0.233354399483323499224431462652439387      
  -6.53374270664685171228544623532308964        0.227991642934172539676658158644269687      
  -6.55670018924264854086834144466090349        0.221681942273930874268813240922088922      
  -6.57959295985462449640659724631823127        0.214559254757936564908332391644549108      
  -6.60242079254037582408345529648419381        0.206756332396240183053166784308225642      
  -6.62518346199840988441783657406683708        0.198402471302134207294204843763637857      
  -6.64788074357036878803880080583582658        0.189621628334701434251865117370866133      
  -6.67051241324324668297966630693620612        0.180530897499241114666612110191316803      
  -6.69307824765160067260805979890437074        0.171239330131932117008258955679748254      
  -6.71557802407975534237102881927202766        0.161847076316331065416974813799940681      
  -6.73801152046400087359742775195053797        0.152444820144378473716716921829979669      
  -6.76037851539478472266308166328764684        0.143113478190112739161523268588526810      
  -6.78267878811889684388773940030343889        0.133924128731318842672510391108528246      
  -6.80491211854164843459654816835160000        0.124938138639693850720721254685000591      
  -6.82707828722904418084271542641684901        0.116207455266038664993918944141720295      
  -6.84917707540994798235216978845160034        0.107775031879031681076036259490849715      
  -6.87120826497824213531539006547991265         9.96753570893377991910339080612927522E-0002
  -6.89317163849497995171613999047350402         9.19350610342601210840951183478185711E-0002
  -6.91506697919053179395162489896808065         8.45735737581679636289601606682320727E-0002
  -6.93689407096672450356357505369925984         7.76038140659343480197758347620950790E-0002
  -6.95865269839897420296495775978607297         7.10328900358725129844132136269244857E-0002
  -6.98034264673841244911242627470385154         6.48627952602594794249915424580500602E-0002
  -7.00196370191400571814022712893825518         5.90910876595899048867647976438316415E-0002
  -7.02351565053466820003710819121768169         5.37115403330716875318138940790354509E-0002
  -7.04499827989136788251379698695926414         4.87147563205083240898173819955674673E-0002
  -7.06641137795922590327485175837168898         4.40887413317942986572218744117562873E-0002
  -7.08775473339960914997512588584420077         3.98194304342209962079553430795994537E-0002
  -7.10902813556221608720772891709712691         3.58911663693737912983121276135667953E-0002
  -7.13023137448715578993721391533981700         3.22871286036821413949082137394472769E-0002
  -7.15136424090702016285877048062911768         2.89897134093177835032187052138372543E-0002
  -7.17242652624894932523145495799246466         2.59808662397054649836878879803203762E-0002
  -7.19341802263669014080094335792300801         2.32423684244737619895294130058753774E-0002
  -7.21433852289264787249494771382556060         2.07560807824994618952905532950073670E-0002
  -7.23518782053993094164229231916261640         1.85041471602011128211443981369289101E-0002
  -7.25596570980438877153470185471014009         1.64691611670964102179901072962611847E-0002
  -7.27667198561664269521860816180272039         1.46342995231035085650824058624354462E-0002
  -7.29730644361410990747273566708008946         1.29834254724205965390144420393555011E-0002
  -7.31786888014302044099587654243576040         1.15011656759863802314815468174901007E-0002
  -7.33835909226042714689811491305576682         1.01729638858104357160374103188484778E-0002
  -7.35877687773620865965780412711624191         8.98511454539255262414769329653856214E-0003
  -7.37912203505506532677584159144026796         7.92477926470362809247178390731231051E-0003
  -7.39939436341850808342822127482069993         6.97998889761326187667486139912037396E-0003
  -7.41959366274684025248747399949579645         6.13963371427128806013372378303005937E-0003
  -7.43971973368113225035342939419780500         5.39344391914586002938184427509209048E-0003
  -7.45977237758518917910375018014924125         4.73196252399428669200726314519651828E-0003
  -7.47975139654751128554489861331982837         4.14651234938639276562689210717879491E-0003
  -7.49965659338324726781459571924276681         3.62915870264769194921281911472905838E-0003
  -7.51948777163614041025742573589504156         3.17266906727496474505529659209035055E-0003
  -7.53924473558046752736602022885979972         2.77047094108843200070262462237548710E-0003
  -7.55892729022297069765122796262001308         2.41660877891347426861015964856373603E-0003
  -7.57853524130478176837583710191959453         2.10570083106168564325532032667207347E-0003
  -7.59806839530333961215776497534637447         1.83289652140274838256826704546371304E-0003
  -7.61752655943430011652016675545768496         1.59383487806063315133599445285508705E-0003
  -7.63690954165343888753763728985164421         1.38460441508354146411634344196210277E-0003
  -7.65621715065854664879958924770947542         1.20170476394463795282516138715683136E-0003
  -7.67544919589131731698398501678405495         1.04201026838541150267202388651607706E-0003
  -7.69460548753922873540687868504656509         9.02735683769876762250096999967029524E-0004
  -7.71368583653741604698568725586230333         7.81404061579523522236116491171075383E-0004
  -7.73269005457053768812675626047046271         6.75816849739410238533782875009354276E-0004
  -7.75161795407463398512061342970346227         5.84026198939877390789069101155849889E-0004
  -7.77046934823897833470131434951189613         5.04309432866085683037520128530258340E-0004
  -7.78924405100792095049947533137920134         4.35145615191645705819871990859000761E-0004
  -7.80794187708272515719196035674713054         3.75194127330130657681567467610451759E-0004
  -7.82656264192339621422474017998095055         3.23275157348075673043601431271553902E-0004
  -7.84510616175050265105917177126063795         2.78351991289207886128051180190940461E-0004
  -7.86357225354699009596585452140540409         2.39514992691954749532449041509429939E-0004
  -7.88196073505998758046430528557869128         2.05967153634665036983121152745522211E-0004
  -7.90027142480260630158095668088428082         1.77011100630045093892556892182905924E-0004
  -7.91850414205573082417242134111161408         1.52037440602711945376696309269574646E-0004
  -7.93665870686980270563557833564436873         1.30514335582762298560141312027897566E-0004
  -7.95473494006659652540082594240537406         1.11978199259826136523293452425378183E-0004
  -7.97273266324098830167980668854589679         9.60254138507731145888502726924101589E-0005
  -7.99065169876271627801404529755642379         8.23049715770850381562285621639056840E-0005
  -8.00849186977813406224624716602960764         7.05119512084016803529741880218536361E-0005
  -8.02625300021195610061148349419483015         6.03817464311819749802333928073332927E-0005
  -8.04393491476899546972113846662516918         5.16849691055315717017886865249613918E-0005
  -8.06153743893589396928831317656410335         4.42229566692625697495730185972001329E-0005
  -8.07906039898284449851936956082464591         3.78238189523911767970641289435464495E-0005
  -8.09650362196530569917245471220183073         3.23389654156824217512748124031065509E-0005
  -8.11386693572570884836017081117024088         2.76400592799452872003782073794451232E-0005
  -8.13115016889515698425004781501611539         2.36163501400767630517703542085288465E-0005
  -8.14835315089511624789313420553443265         2.01723414431370981634254116487220736E-0005
  -8.16547571193909942448784476941979087         1.72257536466456446173966614526156529E-0005
  -8.18251768303434166746319281027776948         1.47057479632119740248931321288006553E-0005
  -8.19947889598346838884268660793546349         1.25513793479406070135100580775100677E-0005
  -8.21635918338615529942748558797345927         1.07102508076406748205568323723398713E-0005
  -8.23315837864078058241488977906190406         9.13734422084987422347533818245165719E-0006
  -8.24987631594606918414587595308321859         7.79400567237857883964247536555536102E-0006
  -8.26651283030272920575319459688942900         6.64706584420940792273896005645108575E-0006
  -8.28306775751508037955950278701126011         5.66807828557348166935059674383530828E-0006
  -8.29954093419267461415312836026611306         4.83266042846843478093427274319620541E-0006
  -8.31593219775190859214733972298670330         4.11992404015248558130876740606212608E-0006
  -8.33224138641762840470743244693013824         3.51198343006541491154908470506920989E-0006
  -8.34846833922472620700853768668849680         2.99353117323945253071259497792031751E-0006
  -8.36461289601972887886580764591712604         2.55147239268580845953707875138773438E-0006
  -8.38067489746237867485753904069287766         2.17460977555395187515414132659094592E-0006
  -8.39665418502720584834085597904388902         1.85337249704285743734262737595963064E-0006
  -8.41255060100509323383878811586054759         1.57958310595904607181151803082093311E-0006
  -8.42836398850483277235694757018892323         1.34625719921272425944134161100544765E-0006
  -8.44409419145467396426752812399746542         1.14743139107761655332439957957907580E-0006
  -8.45974105460386423447802187306371882         9.78015677319016713132230131788031712E-0007
  -8.47530442352418119468187098532401607         8.33666813926071604258761705599230691E-0007
  -8.49078414461145678756824475204904496         7.10679783835811830265157911807034905E-0007
  -8.50618006508709329794825390325599019         6.05894820497689713898304822301050229E-0007
  -8.52149203299957121583518441007345551         5.16617801375137420616917331198851277E-0007
  -8.53671989722594893659675092110374022         4.40552123743635594597249002935419062E-0007
  -8.55186350747335428337793478348601421         3.75740434967440886639675474755699280E-0007
  -8.56692271428046783707368248721103119         3.20514814741253488746550785727982111E-0007
  -8.58189736901899805921159654668988269         2.73454201926566629758488265792464094E-0007
  -8.59678732389514819318575149861747103         2.33348027444498171750280996241185672E-0007
  -8.61159243195107492936391205035274714         1.99165160599948053228285466451636229E-0007
  -8.62631254706633881967171765749954548         1.70027402189367660118450701939305564E-0007
  -8.64094752395934642733882714084241096         1.45186866404788358332606451649649252E-0007
  -8.65549721818878419757358756759607223         1.24006687183978403114515518754271985E-0007
  -8.66996148615504403501450271499634075         1.05944565276715250671169620843282853E-0007
  -8.68434018510164057388862719913876030         9.05387416514965975361605564595043864E-0008
  -8.69863317311662012688900198082499951         7.73960424820949348547361241523098030E-0008
  -8.71284030913396129886537464380171840         6.61816921577723520018158523776883202E-0008
  -8.72696145293496725150471276860476981         5.66106347093775024248771032793744221E-0008
  -8.74099646514964960526042008533208201         4.84401417380960342635227370261222321E-0008
  -8.75494520725810396487170206779281639         4.14635172429860372608164443430692082E-0008
  -8.76880754159187705489719941501190031         3.55047374196448286611305029358682065E-0008
  -8.78258333133532545176981363807084735         3.04138871957458371080109196485262708E-0008
  -8.79627244052696589896258791347786626         2.60632755414959119664752973996654434E-0008
  -8.80987473406081719193857766010946226         2.23441289290112897367737827316650485E-0008
  -8.82339007768773361964084812537106726         1.91637771320321811503422202695976825E-0008
  -8.83681833801672994936206980640818887         1.64432582161358115774641341869553129E-0008
  -8.85015938251629794191664596149299886         1.41152803792867167005422158350588682E-0008
  -8.86341307951571438412189896136448417         1.21224875293602010511418645137528235E-0008
  -8.87657929820634062567856296528859728         1.04159833578360703761977285787993077E-0008
  -8.88965790864291360762467855563865784         8.95407538343838349110398032938234921E-0009
  -8.90264878174482836962095970032819179         7.70120616441905521685527896029838231E-0009
  -8.91555178929741202340980390566156305         6.62704375772078344558390131775269723E-0009
  -8.92836680395318917987434184306443695         5.70570766098163637101172807739777406E-0009
  -8.94109369923313881720827225044521076         4.91511001503809880759801419199925673E-0009
  -8.95373234952794257779170069012458073         4.23639486073733448483717357465621429E-0009
  -8.96628263009922448145279595664090836         3.65346081185386192430640006883895712E-0009
  -8.97874441708078204287979473437368777         3.15255469183814830635518592157741439E-0009
  -8.99111758747980878103272267070521907         2.72192554247705662549211373093032991E-0009
  -9.00340201917810810848915751804932539         2.35152999552996644989773176930884889E-0009
  -9.01559759093329858874343656901931333         2.03278134516023207844951647973647355E-0009
  -9.02770418238001054956390542361395939         1.75833580460146129296811514429783172E-0009
  -9.03972167403107404059811734473195084         1.52191040490292814619911914113748133E-0009
  -9.05164994727869812350132123658426936         1.31812782229093004742729561610524554E-0009
  -9.06348888439564148294912077651353432         1.14238412539234476254526766741667889E-0009
  -9.07523836853637434698084660005914198         9.90736032801350236987890719046361855E-0010
  -9.08689828373823170520595683640407999         8.59804780990371469389281667604392376E-0010
  -9.09846851492255781349166787005471437         7.46694135788157018316205591245360853E-0010
  -9.10994894789584197383601611707259779         6.48920448989704698893895072739792055E-0010
  -9.12133946935084557821666200162316765         5.64352974840032499610843563064243952E-0010
  -9.13263996686772040529196835115493951         4.91162927411440994898266418866540478E-0010
  -9.14385032891511815891721624520798702         4.27779986301529651202302752137099839E-0010
  -9.15497044485129123752526110162145985         3.72855150594704392660262918533118886E-0010
  -9.16600020492518472350747961164156702         3.25229004736020216770611690262157203E-0010
  -9.17693950027751958181751318793151121         2.83904599184055829836722838287053810E-0010
  -9.18778822294186705710707501150286216         2.48024267112291592781980389780571940E-0010
  -9.19854626584571425878995469882388948         2.16849799138247809347864625722361551E-0010
  -9.20921352281152092351732620147245024         1.89745483729913141139336592626268123E-0010
  -9.21978988855776734463453993931508238         1.66163593824811133477794465480081496E-0010
  -9.23027525869999345827675849491062704         1.45631962214792505879536715644653238E-0010
  -9.24066952975182907584807560124150005         1.27743341027813673026398912363378944E-0010
  -9.25097259912601525271613977554600686         1.12146285560437213844913704538011225E-0010
  -9.26118436513541678304178592653966149         9.85373409575478745578092857834027394E-0011
  -9.27130472699402581075075972726058555         8.66543427981556690862570192923476185E-0011
  -9.28133358481795654674229963675990120         7.62706703774104956458493836584388865E-0011
  -9.29127083962643108251711930551559921         6.71903150968252421450691602883654332E-0011
  -9.30111639334275629049520784544571397         5.92436465006129230288328481568084292E-0011
  -9.31087014879529180138183621844537496         5.22837756473734241152611435480113536E-0011
  -9.32053200971840904902822392923655120         4.61834301263174396936442813603767321E-0011
  -9.33010188075344137332148042982384572         4.08322674925667627297486189001463876E-0011
  -9.33957966744962517172668928388862065         3.61345645271669674351831855610395190E-0011
  -9.34896527626503209019234932899937123         3.20072287966908495053501391238788614E-0011
  -9.35825861456749224421882494062741381         2.83780867263611845130657997938790610E-0011
  -9.36745959063550846097798617178728742         2.51844090065260276180364592395846744E-0011
  -9.37656811365916153346083814192908772         2.23716397927092015835145475530399388E-0011
  -9.38558409374100647771864670386477814         1.98923009769629399532123901788363412E-0011
  -9.39450744189695978435186325250436326         1.77050469242497269603036120809613507E-0011
  -9.40333807005717765549003467763085223         1.57738485853937421437691289546680221E-0011
  -9.41207589106692521859485402761516390         1.40672889057294378406151851632839726E-0011
  -9.42072081868743670850756256376942425         1.25579540208379559156452995656361955E-0011
  -9.42927276759676660925105366702155920         1.12219069314985190793749708864805574E-0011
  -9.43773165339063174718625262999223287         1.00382322335430548725718457555429683E-0011
  -9.44609739258324432721165284776599124         8.98864209100380353527499695700439645E-0012
  -9.45436990260813590378427742825358119         8.05713502226365613119573138339850986E-0012
  -9.46254910181897227862980489581270878         7.22970025251644519324823167334320592E-0012
  -9.47063490949035931709914757670128408         6.49406140042486456749962294727211124E-0012
  -9.47862724581863967521840054815836486         5.83945413691510922250468059846661719E-0012
  -9.48652603192268042956878681983907005         5.25643320046595644040875302554514374E-0012
  -9.49433118984465160222300981159084068         4.73670479387259403229765182415150081E-0012
  -9.50204264255079557305428630900386965         4.27298093752195160375141886897653545E-0012
  -9.50966031393218737182427103089588641         3.85885282671483473615694269408464003E-0012
  -9.51718412880548584254609684324888768         3.48868064662507231021250941208880607E-0012
  -9.52461401291367567270884161371252647         3.15749764759642251293171464335919446E-0012
  -9.53194989292680028003989283050313563         2.86092658376585216728776316542901698E-0012
  -9.53919169644268554957191351951529581         2.59510687641337032788394404811095040E-0012
  -9.54633935198765441387141679316648718         2.35663108591709946572064233245172917E-0012
  -9.55339278901723226937633066265297562         2.14248946782454066243193201950833586E-0012
  -9.56035193791684322188037864994877512         1.95002155369249158071080962795399345E-0012
  -9.56721673000249715429261435438426622         1.77687383972946164350419628486562016E-0012
  -9.57398709752146760989102856767423370         1.62096278909241231023846811048359709E-0012
  -9.58066297365296048437979489683384940         1.48044245968450152919231508469807193E-0012
  -9.58724429250877352015043325187312256         1.35367616082216768702087385999839730E-0012
  -9.59373098913394659623794908919035010         1.23921162120437212366794398806152395E-0012
  -9.60012299950740280755384907624626645         1.13575921895439810872993866462791007E-0012
  -9.60642026054258032706883996181089518         1.04217288360091466438016242632329244E-0012
  -9.61262271008805504470898600162808619         9.57433330996188473790591766879361162E-0013
  -9.61873028692815397682013040391545661         8.80633336432009898750342084719194786E-0013
  -9.62474293078355944014647702427915706         8.10964789550899353936409463265987906E-0013
  -9.63066058231190398436037905634479963         7.47707307872389619257738381647257183E-0013
  -9.63648318310835607727159083306903968         6.90218214559414974267756954471019367E-0013
  -9.64221067570619653693550617410102520         6.37923711038775945779670807786537297E-0013
  -9.64784300357738570497123108593775476         5.90311096779647505350638487274329755E-0013
  -9.65338011113312135549171914262748492         5.46921907370946258622885788015067950E-0013
  -9.65882194372438733413963364353199934         5.07345858406364746872540127377686934E-0013
  -9.66416844764249292181409075872747574         4.71215496916460925336337137248501705E-0013
  -9.66941957011960291776498142903463474         4.38201474466351633155575915180263944E-0013
  -9.67457525932925843682316588292361392         4.08008366812195044797434964426048762E-0013
  -9.67963546438688841562648236262130502         3.80370974393002609971710993875206155E-0013
  -9.68460013535031182279321011213247657         3.55051046110665116146587010708609532E-0013
  -9.68946922322023056808637496554425785         3.31834375979719900808751994644154565E-0013
  -9.69424267994071310570408307939774535         3.10528228447125837932326416019290345E-0013
  -9.69892045839966872692291357207940812         2.90959053610401566870725336026134210E-0013
  -9.70350251242931253741329315963336122         2.72970458303173720025527154453095317E-0013
  -9.70798879680662111463771440418314430         2.56421403159921537721463328502459973E-0013
  -9.71237926725377884083464301088250046         2.41184599394016571391187181571938956E-0013
  -9.71667388043861490718298781414528809         2.27145082192267251067641722082026128E-0013
  -9.72087259397503098483407877555428073         2.14198940403413774622413138968549114E-0013
  -9.72497536642341955859021256560637032         2.02252184628009202194916339141788465E-0013
  -9.72898215729107291910098121018769022         1.91219737946840531135336038250480790E-0013
  -9.73289292703258280954079594084429205         1.81024535392699586798334639568178471E-0013
  -9.73670763705023072282325488557882199         1.71596719909128999965152754732351782E-0013
  -9.74042624969436884550027866372394739         1.62872923978641884370537784975727851E-0013
  -9.74404872826379164458625139369796140         1.54795627366996780213528292171470555E-0013
  -9.74757503700609809363975517504056225         1.47312582541304381691992229288957913E-0013
  -9.75100514111804453452787285459460432         1.40376300297132641677088117063476852E-0013
  -9.75433900674588817139045591922281846         1.33943588989997801954876894674002835E-0013
  -9.75757660098572119341421076185877236         1.27975141524190896706439120315765097E-0013
  -9.76071789188379552311894643148149203         1.22435164919455424905181624640066319E-0013
  -9.76376284843683818695084938793548878         1.17291047864659454658040338546279229E-0013
  -9.76671144059235730507020482623355830         1.12513062186954860306331807535221708E-0013
  -9.76956363924893869731356889860767082         1.08074094623432528432849723055094135E-0013
  -9.77231941625653310240301073233929386         1.03949405687351562268059655467603355E-0013
  -9.77497874441673400756768660323615183         1.00116412779107036302547239313044721E-0013
  -9.77754159748304608583568006417407913         9.65544950088652906334632182262997343E-0014
  -9.78000795016114423834674033076085875         9.32448174781978641788409399980746734E-0014
  -9.78237777810912323912927587700651840         9.01701730164332672918274759514495375E-0014
  -9.78465105793773797987771007774704890         8.73148395876345064142821761539256862E-0014
  -9.78682776721063431235907993606169589         8.46644517794481492465120353025176226E-0014
  -9.78890788444457048617055653740410351         8.22058849584991256804814300440978310E-0014
  -9.79089138910962917966238596175969170         7.99271508311098669314839207150788200E-0014
  -9.79277826162942012193359104474903089         7.78173032851770666267651109192697045E-0014
  -9.79456848338127330390063669190971265         7.58663535110463671837850002660449534E-0014
  -9.79626203669642277653214350089410584         7.40651935079485110427242591721021578E-0014
  -9.79785890486018103443563531730868516         7.24055271795553563046183239831128205E-0014
  -9.79935907211210398307522512449863321         7.08798083088535465858859334662261518E-0014
  -9.80076252364614648799207942867803508         6.94811847800306692350533628087302797E-0014
  -9.80206924561080850449245313118293523         6.82034484844966665899394869490486819E-0014
  -9.80327922510927178636105386188477804         6.70409904104728564422075569816773672E-0014
  -9.80439245019952717225047596439857994         6.59887604716157871537800488614486855E-0014
  -9.80540890989449244849043885696668985         6.50422316806532035456639731784089582E-0014
  -9.80632859416212078715357142497658421         6.41973683196626562695953508282651349E-0014
  -9.80715149392549975830750251403889953         6.34505978000163319615282117279635733E-0014
  -9.80787760106294091547604656835583769         6.27987859426828792472631269864684961E-0014
  -9.80850690840805995342531207959146039         6.22392154439986825662536720346457863E-0014
  -9.80903940974984743748360785836092974         6.17695673236307517117486579932908681E-0014
  -9.80947509983273010369707729544537610         6.13879051806444389968523081379052962E-0014
  -9.80981397435662272921605282449625126         6.10926621107204151570367567397015644E-0014
  -9.81005602997697057240019081383274653         6.08826301629663967945939917211823309E-0014
  -9.81020126430478238222352018341447562         6.07569522387452940826669135520976394E-0014
  -9.81024967590665397665361524559550042         6.07151163577780001255305295792182700E-0014
