   9.81024967590665397665361524559557438         3.91194123625095345371503542353481213E-0021
   9.81020126430478238599785193480758503         3.91502982934766512851035071163888222E-0021
   9.81005602997697057994881706548826813         3.92431008451012319505238636075791430E-0021
   9.80981397435662274053889907452058163         3.93982554119182153957680666288009936E-0021
   9.80947509983273011879403179191724706         3.96164913913287779154053702432345478E-0021
   9.80903940974984745635452160043434837         3.98988378353829781960700346398814774E-0021
   9.80850690840805997606999881896628908         4.02466314478994941449490486403844832E-0021
   9.80787760106294094189428281111598639         4.06615270129273247675835333954130206E-0021
   9.80715149392549978849902752285812723         4.11455103671252277017053362836071874E-0021
   9.80632859416212082111808722169186334         4.17009140567491817137070677802461697E-0021
   9.80540890989449248622761022551913984         4.23304358499904700346655945759853250E-0021
   9.80439245019952721375993045414190364         4.30371603078234485646692724265634055E-0021
   9.80327922510927183164238179126120869         4.38245836517685594666840044731174972E-0021
   9.80206924561080855354520759176662008         4.46966422055660904758103501932928184E-0021
   9.80076252364614654081577628958584481         4.56577447302595129352419347886239469E-0021
   9.79935907211210403966934303716834176         4.67128090192405416428298944342444551E-0021
   9.79785890486018109479961572064446291         4.78673031721259884850195731714790760E-0021
   9.79626203669642284066539062677929835         4.91272920247247090362758967653746255E-0021
   9.79456848338127337180251757108682500         5.04994892777229974969632237490932177E-0021
   9.79277826162942019360343551306688357         5.19913159401030123100023323326551552E-0021
   9.79089138910962925509948666678767112         5.36109657858878362219666625388692726E-0021
   9.78890788444457056537416894541343767         5.53674786159199001523515792928882804E-0021
   9.78682776721063439532842233937371380         5.72708222215585541350052755205735088E-0021
   9.78465105793773806661196360244830489         5.93319840661797136051702002390501174E-0021
   9.78237777810912332962758449103075997         6.15630738351827335454878175507224162E-0021
   9.78000795016114433260821085233771140         6.39774381581587070218536668276708867E-0021
   9.77754159748304618385938217064438832         6.65897889805930183927217633696512886E-0021
   9.77497874441673410935265284023389705         6.94163472600006950911073470397751720E-0021
   9.77231941625653320794823652333996881         7.24750038862204559776747304734147995E-0021
   9.76956363924893880661801255484304927         7.57854999817464498422483474942911266E-0021
   9.76671144059235741813278755697274420         7.93696290300934579088463212527658661E-0021
   9.76376284843683830377045531113213956         8.32514636136217284014070116076092949E-0021
   9.76071789188379564369442258478712724         8.74576099231678812898182322917019081E-0021
   9.75757660098572131774436711400205063         9.20174936373743868006690403774908924E-0021
   9.75433900674588829947406538175465795         9.69636812680331269127044413820787189E-0021
   9.75100514111804466636367129399905575         1.02332241638606517891870216986905802E-0020
   9.74757503700609822922644142521129279         1.08163152817419769994491291198500379E-0020
   9.74404872826379178392248726878023995         1.14500760577644608411446001439512694E-0020
   9.74042624969436898858468897132200193         1.21394295317980503622330802208768404E-0020
   9.73670763705023086965442744032843184         1.28898455368134408982929289411569902E-0020
   9.73289292703258296011728157835048243         1.37074065741840906498061803499847338E-0020
   9.72898215729107307342129380132740605         1.45988822710542084301279995417825489E-0020
   9.72497536642341971665282903119596579         1.55718136080053238048700327856152578E-0020
   9.72087259397503114663743910138170138         1.66346082792115683120741114275606428E-0020
   9.71667388043861507272549506636677912         1.77966487479423658424332313643894967E-0020
   9.71237926725377901011466335178369324         1.90684147919343403831666370854896595E-0020
   9.70798879680662128765357710830438706         2.04616226008093820775406195623515758E-0020
   9.70350251242931271416329063025908907         2.19893827971977350770552379978567739E-0020
   9.69892045839966890740530135809145061         2.36663801113510153093683468086687847E-0020
   9.69424267994071328991707989249233898         2.55090778537714342818131053852300158E-0020
   9.68946922322023075602816269781265416         2.75359508110673940240067447430726314E-0020
   9.68460013535031201446193385400492693         2.97677507477938831955506487864184080E-0020
   9.67963546438688861102025042117427276         3.22278093442472475312598631097449493E-0020
   9.67457525932925863594004980055001655         3.49423841520664915580613962535347336E-0020
   9.66941957011960312060301600247694060         3.79410540236603965068920748119585005E-0020
   9.66416844764249312837127405847347487         4.12571714886161082208269802795385230E-0020
   9.65882194372438754441392703357303276         4.49283807346600961177990330615073479E-0020
   9.65338011113312156948104730057895525         4.89972112310271199263346238269367564E-0020
   9.64784300357738592267348202352173167         5.35117586418969426933781683467507917E-0020
   9.64221067570619675834853125799071001         5.85264665565151077415313896778768857E-0020
   9.63648318310835630239320480609490728         6.41030247574371358931608287003967639E-0020
   9.63066058231190421318836005906220967         7.03114023141246750343846966029193360E-0020
   9.62474293078355967267856661689720648         7.72310367909149755364690103087291511E-0020
   9.61873028692815421305403358858686697         8.49522043730045469808316573437744800E-0020
   9.61262271008805528464237124509991015         9.35775998323431224853596487081404798E-0020
   9.60642026054258057069933921843580633         1.03224160084643524019320178751908951E-0019
   9.60012299950740305487905781135421531         1.14025170756232909925523891544464758E-0019
   9.59373098913394684725542630282034435         1.26132701835829119334154822654825294E-0019
   9.58724429250877377485770150286492049         1.39720426310081271048806521246181934E-0019
   9.58066297365296074277434032727929679         1.54986884884685196226850360230197931E-0019
   9.57398709752146787197030092772802866         1.72159270726522809744659474440269923E-0019
   9.56721673000249742005402702743390215         1.91497820925288808449929898434185767E-0019
   9.56035193791684349132130867814338925         2.13300916420554325188038451672927661E-0019
   9.55339278901723254249411877279089352         2.37911009894597935201936469434768597E-0019
   9.54633935198765469066336742294117358         2.65721522095472958978110093102149757E-0019
   9.53919169644268583003529484411946675         2.97184871827712663490907110468379436E-0019
   9.53194989292680056417193678959076235         3.32821834143896142751526221290513712E-0019
   9.52461401291367596050674393871848136         3.73232455940843378180350478696271335E-0019
   9.51718412880548613400701708506593812         4.19108799226318890893049791478132195E-0019
   9.50966031393218766694533258790877601         4.71249830990432078862480487646380991E-0019
   9.50204264255079587183257645548022500         5.30578836342308432647940921077659793E-0019
   9.49433118984465190465557972642859086         5.98163800093704046785514822347844448E-0019
   9.48652603192268073565265161567012468         6.75241283365675003460128918034594960E-0019
   9.47862724581863998495053930080824248         7.63244418551821076947652002491724083E-0019
   9.47063490949035963047650335500442284         8.63835761075865394114379740605745517E-0019
   9.46254910181897259564928479178312969         9.78945873410980161528678937965387707E-0019
   9.45436990260813622444275258761065433         1.11081868007793765097124018590173430E-0018
   9.44609739258324465150595850081495672         1.26206482696613513002144248460539871E-0018
   9.43773165339063207511318812285920230         1.43572451052304056305541988493490491E-0018
   9.42927276759676694080738249324267873         1.63534151958528630357700082807524814E-0018
   9.42072081868743704369001239623388178         1.86505056384420167630155918131163437E-0018
   9.41207589106692555740011675086174619         2.12968035894421770165220861316655300E-0018
   9.40333807005717799791476642049769599         2.43487541200805029338777982992113474E-0018
   9.39450744189696013039268442113162441         2.78724001864322645934609332998855188E-0018
   9.38558409374100682737214201504985105         3.19450866211786498125039769135544187E-0018
   9.37656811365916188672355665683407854         3.66574782021972768390388442969694335E-0018
   9.36745959063550881784644132999838568         4.21159516289041605533449069997545890E-0018
   9.35825861456749260468949459456582940         4.84454329735827027930888767351111034E-0018
   9.34896527626503245426167577868351938         5.57927662744499584987211662293907531E-0018
   9.33957966744962553939107931204717133         6.43307158870716829598872707399354172E-0018
   9.33010188075344174457730533735934465         7.42627256006564604307943731363369166E-0018
   9.32053200971840942387181957103919651         8.58285820700155779474517525492229816E-0018
   9.31087014879529217980950303955666597         9.93111596782283425299018847902658123E-0018
   9.30111639334275667250321091757155768         1.15044459579018134208928818234741313E-0017
   9.29127083962643146810168836388854159         1.33423198645144346364391815734676338E-0017
   9.28133358481795693589962911735012448         1.54914255915894489651743372699946580E-0017
   9.27130472699402620347700880433528611         1.80070346771030868171912137575883129E-0017
   9.26118436513541717933307855057044794         2.09546370742655415674690287405756527E-0017
   9.25097259912601565256856471146395005         2.44118970385628508760212834512474540E-0017
   9.24066952975182947925768646703943446         2.84709949337735036922033284544238551E-0017
   9.23027525869999386523957380059235673         3.32414331722493115036974427433156883E-0017
   9.21978988855776775514654312619107568         3.88534007385445127852720124324515574E-0017
   9.20921352281152133757446568180165333         4.54618104207544354183366707032461461E-0017
   9.19854626584571467638814389580125976         5.32511467341550446610121505037331825E-0017
   9.18778822294186747824219239959223628         6.24412914737173559822549631340345940E-0017
   9.17693950027752000648540233354339178         7.32945289823549683651318382751921909E-0017
   9.16600020492518515170394921415545040         8.61239759212928811015812744207066677E-0017
   9.15497044485129166924608503475227846         1.01303732227813680181546463847040734E-0016
   9.14385032891511859415813359871626833         1.19281113060258211456747959220254338E-0016
   9.13263996686772084404868347290026915         1.40591398325713475314962355846422352E-0016
   9.12133946935084602048484453996054650         1.65875629877479145317795536038798842E-0016
   9.10994894789584241961130106359126186         1.95902100346639300410007614258361702E-0016
   9.09846851492255826276965560265900440         2.31592316351394795983728352691949730E-0016
   9.08689828373823215798221316273593715         2.74052388040514525597542488134117150E-0016
   9.07523836853637480325090280126179360         3.24611003350171371134479761872296390E-0016
   9.06348888439564194270847365133594911         3.84865397292747435770496223675540283E-0016
   9.05164994727869858674543314582593048         4.56737034236665268077751038741670280E-0016
   9.03972167403107450732241625602753109         5.42539096970865885926486727863778960E-0016
   9.02770418238001101976378495655742376         6.45058335706220099951746475965863001E-0016
   9.01559759093329906241425604062704222         7.67654391867184693114852415245014170E-0016
   9.00340201917810858562624198856178248         9.14380398678881951610414382682752059E-0016
   8.99111758747980926163136298972671075         1.09012950154414801335754270980043238E-0015
   8.97874441708078252693524758734978894         1.30081297091414674452742761396106723E-0015
   8.96628263009922496896028391167305077         1.55357684166295968320614973405216682E-0015
   8.95373234952794306874641224512138324         1.85706555860470828287107543512769875E-0015
   8.94109369923313931160536188061006160         2.22174300259090025536264967068382162E-0015
   8.92836680395318967770893004871886407         2.66028359538416217123442541606139744E-0015
   8.91555178929741252467697726040393368         3.18804903241871531403658594285419804E-0015
   8.90264878174482887431577089952723555         3.82366969151254294440388899597478970E-0015
   8.88965790864291411574214646526137911         4.58975406144565728840508441350549149E-0015
   8.87657929820634113721367267106204833         5.51375481040551358307696532999759885E-0015
   8.86341307951571489906960181827094753         6.62902659649977570833447246324732741E-0015
   8.85015938251629846027185964359807512         7.97611868918812593793826395337258697E-0015
   8.83681833801673047111967835702130167         9.60435526465429197406516675417105154E-0015
   8.82339007768773414479570200753788749         1.15737682827579414409322510970954609E-0014
   8.80987473406081772048549380743576489         1.39574626697648115831140243489081697E-0014
   8.79627244052696643089634978128430199         1.68445117626909561481896530791000478E-0014
   8.78258333133532598708517125487812674         2.03435034111121577600909268410186061E-0014
   8.76880754159187759358886943435589900         2.45868847593574305700699731811852303E-0014
   8.75494520725810450693436782036906671         2.97362877536735720672341886174795724E-0014
   8.74099646514965015068873163146916106         3.59890593253604130683377999389522924E-0014
   8.72696145293496780029328695106603083         4.35862718311343599483308071286132167E-0014
   8.71284030913396185100879514091489248         5.28225529561019410125724538793390482E-0014
   8.69863317311662068238181935993909596         6.40581527048937066667554672408312978E-0014
   8.68434018510164113272535897040776967         7.77337617820951787824320635384872308E-0014
   8.66996148615504459718963338548919800         9.43887148651089122249502893230283202E-0014
   8.65549721818878476308156869573233942         1.14683359274311309352110207237743348E-0013
   8.64094752395934699617407739115316469         1.39426550857974357830259385301071273E-0013
   8.62631254706633939182862285571289449         1.69609462572648044928143029105055253E-0013
   8.61159243195107550483682523880347161         2.06447167180869959359441908115621442E-0013
   8.59678732389514877196899299198021349         2.51429795965238643938634362502018540E-0013
   8.58189736901899864129945398803535277         3.06385495506788699084228254872202210E-0013
   8.56692271428046842246041090438465734         3.73557923084610247425626479410012449E-0013
   8.55186350747335487205775664580850141         4.55701661196557767078317774948753739E-0013
   8.53671989722594952856385619639296847         5.56199721564213122718294335855043097E-0013
   8.52149203299957181108373062198714260         6.79208283935230853033009451899298044E-0013
   8.50618006508709389647236618895458736         8.29835018440944562250980539771254843E-0013
   8.49078414461145738936201592017824912         1.01435882578246082606079478900771527E-0012
   8.47530442352418179973936157431637472         1.24050066322111537723385876154412960E-0012
   8.45974105460386484279326020975870670         1.51775738782055159252277921492703408E-0012
   8.44409419145467457583451038257949529         1.85781334227503566978117316537953702E-0012
   8.42836398850483338716963783144268664         2.27504785710865030259704504144313615E-0012
   8.41255060100509385189111842674308494         2.78716109914575289404816429707456811E-0012
   8.39665418502720646962672641257285565         3.41594594870760381659756633175773401E-0012
   8.38067489746237929937081775615034355         4.18824006968311135623770489763887531E-0012
   8.36461289601972950660033094936838521         5.13710033422969017354408672084508175E-0012
   8.34846833922472683795811009181522087         6.30325163070863387511169062034669466E-0012
   8.33224138641762903886582673617733634         7.73687425474066348490147592816653228E-0012
   8.31593219775190922950829700902283977         9.49980909484593173009526687556132987E-0012
   8.29954093419267525471035814775580360         1.16682783356183600446504135657292005E-0011
   8.28306775751508102330668303469991917         1.43362422244265651775295187820655380E-0011
   8.26651283030272985268397177999926163         1.76195405806021411753502147220359773E-0011
   8.24987631594606983425386512601994783         2.16610023965388105967490711970532783E-0011
   8.23315837864078123569367463843160398         2.66367495968512819467116657573189100E-0011
   8.21635918338615595587061853590888487         3.27639736383165478651703550813676185E-0011
   8.19947889598346904844368881573123359         4.03105284259226130233328457219176637E-0011
   8.18251768303434233021555428233378770         4.96067627827734438042791238461104824E-0011
   8.16547571193910009038502440749228233         6.10601138712526072638603358678008877E-0011
   8.14835315089511691692855987329393537         7.51731037222648222592685499884007118E-0011
   8.13115016889515765641711640291181940         9.25655295387031809604586164771740827E-0011
   8.11386693572570952365224830160000313         1.14001821006375701390926082043936714E-0010
   8.09650362196530637758287624498726669         1.40424762191656165859202586625896571E-0010
   8.07906039898284518004143949899059034         1.72997051175446623867875798888472561E-0010
   8.06153743893589465391530517242185818         2.13152508914697175028968234914611218E-0010
   8.04393491476899615744629552815883259         2.62659164042616902904438549128373142E-0010
   8.02625300021195679142801805175008137         3.23696949638986309684270082979169801E-0010
   8.00849186977813475614734113930428505         3.98953372432694953311759791218885836E-0010
   7.99065169876271697499285016289221362         4.91741280051410052496277590954503256E-0010
   7.97273266324098900172944354652050546         6.06143789004584081236478242667036281E-0010
   7.95473494006659722851438558572448382         7.47192583043819431713513190033789393E-0010
   7.93665870686980341180612131733273027         9.21087194559013087154251311845294267E-0010
   7.91850414205573153339297804300257664         1.13546459683422255428689064548246587E-0009
   7.90027142480260701384452738240712114         1.39973053039365301383657221048359081E-0009
   7.88196073505998829576386023284301877         1.72546654488724072960264842458917394E-0009
   7.86357225354699081429433399658200363         2.12692985903189727980114692204184667E-0009
   7.84510616175050337240948616225802919         2.62166694610606518974282573953045847E-0009
   7.82656264192339693858977005041699658         3.23126638775857316671814498001016261E-0009
   7.80794187708272588456455651621500343         3.98228218119589949867102456466957670E-0009
   7.78924405100792168087245890600700496         4.90736554737086740675037146586225173E-0009
   7.77046934823897906806747685281525068         6.04665162749974465835504335469918461E-0009
   7.75161795407463472147271683373035482         7.44945758121158503166963781140625114E-0009
   7.73269005457053842745753306723766892         9.17636088339860980887707784381254125E-0009
   7.71368583653741678928784056908264919         1.13017415042922086088548135171015749E-0008
   7.69460548753922948067308228214635011         1.39168896828856479469421112728406356E-0008
   7.67544919589131806520688342120991639         1.71338028072293509029765671973555918E-0008
   7.65621715065854739997179780152396325         2.10898212608034211232927738955213017E-0008
   7.63690954165343964165174222661682360         2.59532848943310670113260676020043421E-0008
   7.61752655943430087356872527340600885         3.19304301237931561738472151714240840E-0008
   7.59806839530334037213330531083814154         3.92737938305929635458631267585008130E-0008
   7.57853524130478253127085860318622662         4.82924457834617679361230916004563472E-0008
   7.55892729022297146345820116379247359         5.93644380326174720472108842953604914E-0008
   7.53924473558046829607738692428137854         7.29519397964473550143490247063495998E-0008
   7.51948777163614118186559905471778491         8.96196223097441971065527058795334866E-0008
   7.49965659338324804231196020030684222         1.10056972923089809612322555957312935E-0007
   7.47975139654751206292381028031504011         1.35105354953907824336533359470778844E-0007
   7.45977237758518995935653661705800333         1.65790793518382481823848361481805013E-0007
   7.43971973368113303347238982101877309         2.03363662650035611881095258322574511E-0007
   7.41959366274684103846487934824747605         2.49346681073944258299603527203049865E-0007
   7.39939436341850887225631426582421195         3.05592899620781361751730690485224558E-0007
   7.37912203505506611844683680988057754         3.74355690055627897947932130981264912E-0007
   7.35877687773620945416388809988105243         4.58373131889504836848694957810464693E-0007
   7.33835909226042794423144618585134805         5.60969650725215858654104950592142385E-0007
   7.31786888014302124114858575717894103         6.86178300585465106828123378447635153E-0007
   7.29730644361411071043692563956563537         8.38887716920402543103745952203055004E-0007
   7.27667198561664350098635395964536203         1.02501851194683520166724954205773002E-0006
   7.25596570980438958009805087556044863         1.25173475710143398494033209198374651E-0006
   7.23518782053993175299326436919598907         1.52769721848767001837665215308212522E-0006
   7.21433852289264868662553508650349862         1.86336620258237168160647045818338687E-0006
   7.19341802263669095770311091302595990         2.27136325619073706629005546155771309E-0006
   7.17242652624895014489714020092340907         2.76690257465252774394637465086447322E-0006
   7.15136424090702098527988364198712846         3.36830483661678437511978843351524304E-0006
   7.13023137448715661510563803076283016         4.09760833648732192139865368234783797E-0006
   7.10902813556221691511531990737309131         4.98129476426583513118614133123947688E-0006
   7.08775473339960998061371263728985906         6.05114982750541332273250398586261076E-0006
   7.06641137795922673663623620347816541         7.34528216494605403840589207267493469E-0006
   7.04499827989136871858975418530368872         8.90932771232511434013510506320562090E-0006
   7.02351565053466903881938641064002800         1.07978708962081752307878298630790474E-0005
   7.00196370191400655962054792698259835         1.30761188012836822120160318371615905E-0005
   6.98034264673841329328248458032326758         1.58218698306474670331418559955345763E-0005
   6.95865269839897504981642195531032119         1.91278244064684581711076467221736851E-0005
   6.93689407096672535308808705706450192         2.31042919866483394765358976698115543E-0005
   6.91506697919053264614080024620775966         2.78823561432440911684348437701638920E-0005
   6.89317163849498080656156791846963383         3.36175676942537099550427546458073539E-0005
   6.87120826497824299280863359497390101         4.04942449242732292875588818326303934E-0005
   6.84917707540994884248476580731383995         4.87304697783285376717263445981602896E-0005
   6.82707828722904504360617477317421368         5.85838795529956140650621506281261832E-0005
   6.80491211854164929998235571597203322         7.03583649991633587176559950460506639E-0005
   6.78267878811889771188735414023683206         8.44117978171219863893193307754167744E-0005
   6.76037851539478559326793678976213355         1.01164923150838709045079079770651683E-0004
   6.73801152046400174679893074652342472         1.21111565706893287886845891096374346E-0004
   6.71557802407975621816056153563446126         1.44830311305536958592142199064143235E-0004
   6.69307824765160155097697854793898116         1.72997838714410994258608211763636361E-0004
   6.67051241324324756391930194202681746         2.06404089131366733225736072564685181E-0004
   6.64788074357036967154045880842843787         2.45969472183701751974670197496103313E-0004
   6.62518346199841077047279713948101562         2.92764317195072853788863244339374852E-0004
   6.60242079254037671268297341997401355         3.48030786007600717843810044998709311E-0004
   6.57959295985462538754190280938195428         4.13207467960774254099444657726466040E-0004
   6.55670018924264943453063930159849782         4.89956877688279556074290905089021250E-0004
   6.53374270664685260846591630004077464         5.80196070995555262857692679938969042E-0004
   6.51072073864831981919172511436317170         6.86130581839976001282641068941706144E-0004
   6.48763451246458086774573935150405401         8.10291862778673595868202404605374318E-0004
   6.46448425594736790107160642222392745         9.55578380411616511250316342667550771E-0004
   6.44127019758036660741012280065946450         1.12530047437807061995434287761950303E-0003
   6.41799256647696117456408664684501688         1.32322903123647393829689897490497940E-0003
   6.39465159237797303329317932092790438         1.55364795079227698993903916139133079E-0003
   6.37124750564939340815656557537410434         1.82141028973950951868475310322047495E-0003
   6.34778053728010969818202020244309138         2.13199785338698891991858565093082932E-0003
   6.32425091887962570980128603539472459         2.49158386828761673073001334257281968E-0003
   6.30065888267577576455204385224699210         2.90709820440705865838149818899505107E-0003
   6.27700466151243270410732831158729157         3.38629442288494925729676800873988927E-0003
   6.25328848884720981525345496429893193         3.93781770262346141899128824121454788E-0003
   6.22951059874915669749753103864416143         4.57127244455124341228929865174828782E-0003
   6.20567122589644909604540649669383593         5.29728806581470141532035068836993537E-0003
   6.18177060557407272295048121756981975         6.12758117761625458948413416991388207E-0003
   6.15780897367150108929311848954263915         7.07501199138561332293674072484837698E-0003
   6.13378656668036737130952370309789050         8.15363242130696451048240321224569888E-0003
   6.10970362169213033344782964727133153         9.37872295153591247674941801460689758E-0003
   6.08556037639573433138778554070783714         1.07668149203711077090697341340885152E-0002
   6.06135706907526341811887529811519158         1.23356944502004118922678820272353259E-0002
   6.03709393860758957622989096539549056         1.41043838328899426844854180698307015E-0002
   6.01277122446001509962095917833005125         1.60930957800474758953582423000464811E-0002
   5.98838916668790914790676133810867489         1.83231555840845404960072508765309924E-0002
   5.96394800593233849683720138233239691         2.08168859304099900032538818981392201E-0002
   5.93944798341769250811905799474851096         2.35974488780521556178938115030108150E-0002
   5.91488934094930234207921027553805970         2.66886394135813577053827955313059244E-0002
   5.89027232091105443666684672338699022         3.01146250126603774743903814133870825E-0002
   5.86559716626299827634865630003433558         3.38996258489831135445731331256454377E-0002
   5.84086412053894847450735679899413629         3.80675307080694610518315839536914022E-0002
   5.81607342784408119301003916647707522         4.26414443309796057617840301804262298E-0002
   5.79122533285252492266869627027727786         4.76431628682299442928001941641943590E-0002
   5.76632008080494564837096032992936672         5.30925754033787550552931484722986322E-0002
   5.74135791750612642271449425948094798         5.90069911419862319531958952764897732E-0002
   5.71633908932254137203366798578326223         6.54003938825436173159615743777520421E-0002
   5.69126384317992415876210084561582984         7.22826278110644037324127180894324061E-0002
   5.66613242656083092412936489189494023         7.96585214989571349466343370117552183E-0002
   5.64094508750219773524462081266848906         8.75269602290905297501302427755269777E-0002
   5.61570207459289256067419764890593887         9.58799204047387619650996560603791946E-0002
   5.59040363697126179867412905293062608        0.104701483766666596180490228540623043      
   5.56505002432267138229242192573830139        0.113966853387164071347357703825258964      
   5.53964148687704248560935737778107941        0.123641397831385715891946439745865590      
   5.51417827540638185543740854580808460        0.133679754351197594349919978192360774      
   5.48866064122230679285540434214603156        0.144025026348699468403548712916522091      
   5.46308883617356480900437218884633041        0.154608114427248688824697033669759663      
   5.43746311264354797962505567626615535        0.165347223917135646668270036503998422      
   5.41178372354780202286942436511487769        0.176147594571708308091196849510726182      
   5.38605092233153012497057210639431591        0.186901499903368586346978904810231417      
   5.36026496296709153840723677099125036        0.197488564074698628007400842931954401      
   5.33442609995149497725076764833802054        0.207776443075945711205522994198996920      
   5.30853458830388683443371648233612631        0.217621913806618791994802961884932446      
   5.28259068356303424573033365583765186        0.226872409353480231310910581529448591      
   5.25659464178480302529011190800891107        0.235368030971432221149265112454198699      
   5.23054671953963049761613566988381263        0.242944056833188581389751456979268039      
   5.20444717390999325093036413279436855        0.249433954398997863128169647599635964      
   5.17829626248786983691810002501082500        0.254672887247911309302436570119160195      
   5.15209424337219844189377326913166147        0.258501688507126323081154856376904328      
   5.12584137516632955447979873426650324        0.260771251858952334467401818846242235      
   5.09953791697547365493964969302428918        0.261347267902099297773641561974746525      
   5.07318412840414395135542285637052327        0.260115208980191280483836990473748091      
   5.04678026955359418788905650461578775        0.256985440239243533611107222462748769      
   5.02032660101925155041499977766133356        0.251898309601702875877286826263550546      
   4.99382338388814469486051815213340297        0.244829045695139795251928682203028690      
   4.96727087973632692363795703962617769        0.235792271860447919208386934425408140      
   4.94066935062629453560117181385209756        0.224845927630859189415280359398220821      
   4.91401905910440037500596794244847803        0.212094378047805612988697012781493203      
   4.88732026819826260500177879136919338        0.197690487415006889078425938434989489      
   4.86057324141416873122894061853956351        0.181836439088269873948384628264723743      
   4.83377824273447490114280381359841322        0.164783098013873754646802039669321752      
   4.80693553661500050473254610941129966        0.146827739079533207204632802341999289      
   4.78004538798241810234892682842671239        0.128310002695151556978257241553875165      
   4.75310806223163870540134077517661726        0.109605989681467453790452832257627148      
   4.72612382522319243573039569011265571         9.11204702506821883030145223722688798E-0002
   4.69909294328060458950784778684755828         7.32772556867694880049715997310272204E-0002
   4.67201568318776713156108535457973835         5.65078646041437459376967649248865466E-0002
   4.64489231218630564606445027237733086         4.12387059182711350917362427281587465E-0002
   4.61772309797294176958453110696888805         2.78770946302423144304966925866958344E-0002
   4.59050830869685113251114880814089035         1.67965101630637906460179481565872009E-0002
   4.56324821295701683495008643571825789         8.32159555197324633902313890193494319E-0003
   4.53594307979957848319768741187973687         2.71347399507488629176620933633961509E-0003
   4.50859317871517681296126205725206072         1.56021475851674569946663261723021921E-0004
   4.48119877963629392553279920639624811         7.43774650745136273699299521846757024E-0004
   4.45376015293458916316677807805585799         4.47216645863596047936588011734782304E-0003
   4.42627756941823064995591487054300233         1.12307630537355372580111397911064022E-0002
   4.39875130032922252454145833811284976         2.08001207753210281481533727943912302E-0002
   4.37118161734072789103716845790222772         3.28527884252671429795485650259633034E-0002
   4.34356879255438751458837179932869749         4.69588473894966709808352049433270329E-0002
   4.31591309849763428802948594167915652         6.25962115076280102248118853690892984E-0002
   4.28821480812100349614514283645084752         7.91657038711663664023419728417118265E-0002
   4.26047419479543890408151696691005994         9.60106952997094799151917435843354360E-0002
   4.23269153230959469649567810895365513        0.112440838105906354111187146955034773      
   4.20486709486713329407174003793094170        0.127759170395593924994932426081967007      
   4.17700115708401907407326525143305078        0.141291614208750848691758991402532589      
   4.14909399398580802164181128660264578        0.152417660591851518428217483148539398      
   4.12114588100493333859166610327501553        0.160600842447316958627875100003811488      
   4.09315709397798703649071788485070980        0.165417458024425870426801592745184244      
   4.06512790914299754085703808344388947        0.166581939495622582943280556444544386      
   4.03705860313670333334012521338312781        0.163967275354898850177759883960838603      
   4.00894945299182265879486038900949329        0.157619002198807332923181757146203237      
   3.98080073613431932419506352298474973        0.147761486138536823498470833166331488      
   3.95261273038066461637211106667583610        0.134795516468197299989649289300115798      
   3.92438571393509536560238180393060676        0.119286627797765006013417565723584132      
   3.89611996538686818210533612564319410        0.101944038379836757969706319579340913      
   3.86781576370750989255180603949639901         8.35906216885476548125515261853146309E-0002
   3.83947338824806420371957753437062304         6.51248888638576847642225729785606216E-0002
   3.81109311873633462047058345197104958         4.74765193089495344147626339298282162E-0002
   3.78267523527412364526099335173756044         3.15574993632417715147121851634103426E-0002
   3.75422001833446828643218662420259410         1.82113763375817205392614243766378257E-0002
   3.72572774875887190256702595043913893         8.16346941262371496235946100610060911E-0003
   3.69719870775453241023200976153624485         1.97506518669419323855195007452815750E-0003
   3.66863317689156688246177426525329903         4.63524441833513599856405595678472631E-0006
   3.64003143810023256537803752289774584         2.37892610853377714650508576956694347E-0003
   3.61139377366814434037042962647031760         8.97637991869528504644059730470989669E-0003
   3.58272046623748865930173389532128729         1.94247523007885720070745603653576574E-0002
   3.55401179880223398023487383672685805         3.31140221938762945233992214620428600E-0002
   3.52526805470533773121351905236756704         4.92247721980261681508274554016378609E-0002
   3.49648951763594982966244998179018260         6.67712070972810322379128312025939787E-0002
   3.46767647162661278500781601636220225         8.46569348916971937416090675532894509E-0002
   3.43882920105045841215114375747065148        0.101740630481115637694725598499359017      
   3.40994799061840118346440169794921634        0.116907813474521150402598417133187153      
   3.38103312537632824700660404580689772        0.129144274360483760090175448172876488      
   3.35208489070228613869533945683925090        0.137606246919678301479185281177731699      
   3.32310357230366421619923977289000791        0.141682306100855481146713880623892734      
   3.29408945621437484234975915335823859        0.141042207867855577290814046115401585      
   3.26504282879203034590271491968047583        0.135668495333826640403332309287322182      
   3.23596397671511678751184768933260919        0.125867660956800750546870550713471047      
   3.20685318698016455880818964347784099        0.112258935411712393890513225777982733      
   3.17771074689891584251028573953384387         9.57402986006244302001913717635774990E-0002
   3.14853694409548896152129303816057238         7.74329793885518973879490865499401227E-0002
   3.11933206650353964499968775771637993         5.86074092832620646934352813632816470E-0002
   3.09009640236341923942073789505371921         4.05951892822378646168796991475331914E-0002
   3.06083024021932989267605095931244113         2.46929826834628498022288516118767245E-0002
   3.03153386891647673928838125753336618         1.20652313797103862638101888700527734E-0002
   3.00220757759821711484847895260431462         3.65309960795654896048267390887529207E-0003
   2.97285165570320682781008349314683631         9.69980751325651380906197030296320874E-0005
   2.94346639296254351680820670207443958         1.67939350251162845284624973818453742E-0003
   2.91405207939690712169461551906226477         8.29337169933971612955646175745602341E-0003
   2.88460900531369749651291083816810936         1.94406549147011106531859550967555395E-0002
   2.85513746130416919266380678418555852         3.42605854692372531663192560626292050E-0002
   2.82563773824056344053914385159122835         5.15891319940630076445617930899369693E-0002
   2.79611012727323735793081931252096932         7.00444422650556227034627715362512439E-0002
   2.76655491982779041354818891218016781         8.81330698763610471320465373107602623E-0002
   2.73697240760218817400458484132416826        0.104368957962631880947686584057335170      
   2.70736288256388336266040603855924589        0.117395774617930980105113075288511019      
   2.67772663694693425873676776559830603        0.126102430315476230590036628693221006      
   2.64806396324912046513994785440922326        0.129721683935296255947731470114941924      
   2.61837515422905607346283678733617320        0.127902710020168200795127163326306714      
   2.58866050290330025465528758344429662        0.120750327263821475597672987179401615      
   2.55892030254346530388066907299747397        0.108826167664208589944016726923821321      
   2.52915484667332216810105229636490341         9.31102107700457405897344924122365187E-0002
   2.49936442906590348495830421577971798         7.49245659361925551442178437529669460E-0002
   2.46954934374060416154292543303715144         5.58248586680667954709304758928636199E-0002
   2.43970988496027952166674892099899098         3.74677443750408850906553430389534579E-0002
   2.40984634722834105027961466202809068         2.14656208960811913512912803271938257E-0002
   2.37995902528584976369385030536234540         9.24126481464029199150779168563122639E-0003
   2.35004821410860723430382027389190759         1.89566817005802618852995813834537038E-0003
   2.32011420890424429851095493755922641         1.01686606142968360496855196219410610E-0004
   2.29015730510930747658753729718540466         4.03422254400460259073675932682333968E-0003
   2.26017779838634313323510686326210522         1.33446713559112958723813159766940227E-0002
   2.23017598462097940761563884625796253         2.71834837398588058951934156253011758E-0002
   2.20015215991900594165567117819593872         4.42702727247749038933689832870429392E-0002
   2.17010662060345143544528204238974931         6.30063219989996701122617697996304236E-0002
   2.14003966321165905857526628481568910         8.16200746853189820064030784366860725E-0002
   2.10995158449235974627702010498045900         9.83326353769333713912831479129554171E-0002
   2.07984268140274340925051956747517620        0.111527891601333374734692561893655827      
   2.04971325110552808608636953164156849        0.119910850953967443555137884420461906      
   2.01956359096602706720820536269291253        0.122638366648048222150823583632289863      
   1.98939399854921401928175006282002402        0.119408604418709905780848417442746544      
   1.95920477161678613905656404767925985        0.110499241662876534798660573945025640      
   1.92899620812422536562597349743295782         9.67491820067487287055470582846132927E-0002
   1.89876860621785768010982584024186134         7.94840770847773209093809211652934937E-0002
   1.86852226423191052178359729066666753         6.03916378386815379283625829342194696E-0002
   1.83825748068556834969596727951966874         4.13580105103985057886915741946191123E-0002
   1.80797455428002637883527789184265930         2.42808217606599817929334872191030117E-0002
   1.77767378389554251992331289522779387         1.08773715440796604481180144197376610E-0002
   1.74735546858848755193256041382878970         2.50751085870958184896269490255860162E-0003
   1.71701990758839355644056560914781424         2.97997087208080779034890575400087181E-0005
   1.68666740029500064295213469488034514         3.70661877793173941772656594174219373E-0003
   1.65629824627530199433701907044339671         1.31692392449415640735900113338386816E-0002
   1.62591274526058726154728813982692853         2.74478693499355596242699209839938076E-0002
   1.59551119714348433679489132545817237         4.50649843615698357368929141287924872E-0002
   1.56509390197499953438591373005916341         6.41835021676666869113042098149069434E-0002
   1.53466115996155620842374568505644874         8.27953152261105082185442602675498225E-0002
   1.50421327146203183660881389686033121         9.89310098144207543734304207815733734E-0002
   1.47375053698479359937766091000620000        0.110868850566159034389746603586549640      
   1.44327325718473248363900999932647039        0.117320646986307856161099237107496546      
   1.41278173286029594037901423543123873        0.117574074958932158740091419229814471      
   1.38227626495051912542216119510130574        0.111575263504179581320287479072458763      
   1.35175715453205475264828846987280847         9.99415806297667009913180540475948903E-0002
   1.32122470281620158897985962410500116         8.39019437634926810847572423592898771E-0002
   1.29067921114593162046705543301255476         6.51698589583579839702330925534782449E-0002
   1.26012098099291591881135095920740349         4.57618972046749234943288891802070301E-0002
   1.22955031395454923768107517378577922         2.77805980888758450447228158741969889E-0002
   1.19896751175097336818498626832455954         1.31851137070249609019876116448098589E-0002
   1.16837287622209928288214241358808948         3.57473059844988867838275401974968057E-0003
   1.13776670932462809771830437842284650         9.46257793860824999833229434195484865E-0006
   1.10714931312907088129077301022551195         2.88822737315433236948455107538722840E-0003
   1.07652098981676734085494098136558509         1.18990520894821155268758669983342316E-0002
   1.04588204167690341449692431174616161         2.60479263044706425545682481480840981E-0002
   1.01523277110352779890743487688047461         4.37641850716229021493488847602158043E-0002
  0.984573480592567442202560296898146963         6.30716322726534695016016325036325499E-0002
  0.953904472738842031247332171091716906         8.18070002702925032446400433606650886E-0002
  0.923226050233077502947887474157456631         9.78616802973837668861545930496191811E-0002
  0.892538515858918608987660966230129025        0.109419641191428885858695789798247754      
  0.861842172489940563492388594085137271        0.115164483730606415679427335921252511      
  0.831137323086659803117752983280417765        0.114431711424654265828827088903270216      
  0.800424270693543889062262151203514006        0.107288234051456092098593478407440168      
  0.769703318436020580516421422518582383         9.45292225907356617515792702087039005E-0002
  0.738974769517486109067436117789462198         7.75918026141986567405717083701726855E-0002
  0.708238927216312683586568832378943834         5.83946408473035460184352355825600433E-0002
  0.677496094882855255133869948256780109         3.91211359380933586123073042714812786E-0002
  0.646746575936457571422303351132169339         2.19706452666442726178368927789173002E-0002
  0.615990673862457550390301087279248110         8.90614992101997152810642404082522816E-0003
  0.585228692209192002438500819343461475         1.42747447719815552907557636161856203E-0003
  0.554460934585000730892848361977544973         3.96506995465790151322499725074192802E-0004
  0.523687704655230040262384232912342996         5.93507509986827445075312816282962105E-0003
  0.492909306139235681865877982453487361         1.74078658511244631823484791475051418E-0002
  0.462126042807385266407027006724038665         3.34929722404788849865686057397557019E-0002
  0.431338218478060173083197552440103387         5.23324440201300000759247475454385954E-0002
  0.400546137014656984817654631687443786         7.17458136859304909677862706039453987E-0002
  0.369750102322588479209904535019827946         8.94820779588521050087388407174748919E-0002
  0.338950418346284204803158514064682378        0.103480944471676573816223856521647118      
  0.308147389066190672272018957421413690        0.112112880528880798778648235967549711      
  0.277341318495771190137289965578760073        0.114369805462815749868028349962708264      
  0.246532510678505374618322604349513850        0.109983905917797451257846532281596306      
  0.215721269684888363236521247297664868         9.94603810544835890938297859949468043E-0002
  0.184907899609429761786561274072611900         8.40199733638495618738301377949383385E-0002
  0.154092704567652354294499944610130752         6.54577296029858583279540333796459189E-0002
  0.123275988693090605584301492838145843         4.59343123168186664090143789315225213E-0002
   9.24580561342889860763443547495950053E-0002   2.77241702207593370711699435433291108E-0002
   6.16392110518001484432329442731732841E-0002   1.29500193309823036946787457509484428E-0002
   3.08197576151829857496984989692256334E-0002   3.33476518627765150552081073977320734E-0003
   6.00704543221772133721764985001508439E-0016   1.27936802254892663977077273745738078E-0030
  -3.08197576151817843465407667523240301E-0002   3.33476518627739407343962217486770936E-0003
  -6.16392110517989470578612875243762410E-0002   1.29500193309818188621608785656598287E-0002
  -9.24580561342877847206159620682588071E-0002   2.77241702207586813869058933826840984E-0002
 -0.123275988693089404270073260256577903         4.59343123168179163231385232378494913E-0002
 -0.154092704567651153033628358570812600         6.54577296029851012535634196097850891E-0002
 -0.184907899609428560590902294409464588         8.40199733638488859760291749496610304E-0002
 -0.215721269684887162117930190222511937         9.94603810544830730046034396610058929E-0002
 -0.246532510678504173588654025444894610        0.109983905917797154921322470467549509      
 -0.277341318495769989208397542798259369        0.114369805462815707584953157993199407      
 -0.308147389066189471455755374098634816        0.112112880528881015257709122887708890      
 -0.338950418346283004111375341932055055        0.103480944471677023684571892558746946      
 -0.369750102322587278654452117238378322         8.94820779588527358271112313155744566E-0002
 -0.400546137014655784410381965888691542         7.17458136859312293852823970585458049E-0002
 -0.431338218478058972835952173781238655         5.23324440201307603941674024787468408E-0002
 -0.462126042807384066331654870957533072         3.34929722404795791254214108705705897E-0002
 -0.492909306139234481974223349012293308         1.74078658511250108816059960319610289E-0002
 -0.523687704655228840566289548011832783         5.93507509986861252189980157993639230E-0003
 -0.554460934584999531404154141735355149         3.96506995465879711827271609355329582E-0004
 -0.585228692209190803169045532918367835         1.42747447719798639365417852886788966E-0003
 -0.615990673862456351351921040030261700         8.90614992101956326745840710647604037E-0003
 -0.646746575936456372626832567798979711         2.19706452666436721853296270984336359E-0002
 -0.677496094882854056593140056162708080         3.91211359380926348368594066602492679E-0002
 -0.708238927216311485312408944657556981         5.83946408473027816210225791918722987E-0002
 -0.738974769517484911071672716636003462         7.75918026141979388110319203081728614E-0002
 -0.769703318436019382810878242467363678         9.45292225907350717903083227021129919E-0002
 -0.800424270693542691658760062432437315        0.107288234051455696766314282966862831      
 -0.831137323086658606028109874943747227        0.114431711424654109454176905378276029      
 -0.861842172489939366728419257675711898        0.115164483730606515361332468093702602      
 -0.892538515858917412561176978972139151        0.109419641191429229694665263793751326      
 -0.923226050233076306870697082430944676         9.78616802973843154953201073533459900E-0002
 -0.953904472738840835531240173889952788         8.18070002702931943780480034361655011E-0002
 -0.984573480592566246859367929319027964         6.30716322726542251852029108343239943E-0002
  -1.01523277110352660394893969365309743         4.37641850716236375264232323817243259E-0002
  -1.04588204167690221993492007079372585         2.60479263044712754144510025245269611E-0002
  -1.07652098981676614670121752740575990         1.18990520894825754443982457645125999E-0002
  -1.10714931312906968755711615840942474         2.88822737315456843930016702224985039E-0003
  -1.13776670932462690441649579801385083         9.46257793859457276298802666597243331E-0006
  -1.16837287622209809002395951168144471         3.57473059844962701980042765313450780E-0003
  -1.19896751175097217578220207360917706         1.31851137070244802694518489376496656E-0002
  -1.22955031395454804574545822034918227         2.77805980888751982721277818609974440E-0002
  -1.26012098099291472735466517038504679         4.57618972046741812545020307980479052E-0002
  -1.29067921114593042950106000528264914         6.51698589583572269101526678397127085E-0002
  -1.32122470281620039851630891102999879         8.39019437634919909719473197736297477E-0002
  -1.35175715453205356269893186608866683         9.99415806297661518512121588836717059E-0002
  -1.38227626495051793599874302035571458        0.111575263504179231526398981909538409      
  -1.41278173286029475149327361867192309        0.117574074958932044896302933150247943      
  -1.44327325718473129530268076284072666        0.117320646986307989404443278144961947      
  -1.47375053698479241160247145361280821        0.110868850566159399468077116153109654      
  -1.50421327146203064940648708215498295         9.89310098144213115468798599999202895E-0002
  -1.53466115996155502180599871971183450         8.27953152261111977305752892868759338E-0002
  -1.56509390197499834836445805218087009         6.41835021676674355071011119496193367E-0002
  -1.59551119714348315138143248799750671         4.50649843615705645015430001180077658E-0002
  -1.62591274526058607675352569505184250         2.74478693499361922907159425810835710E-0002
  -1.65629824627530081017464645446862795         1.31692392449420349211734604384459423E-0002
  -1.68666740029499945943283911225792378         3.70661877793199994643287456418722903E-0003
  -1.71701990758839237357602791751907138         2.97997087208317913562312814194467904E-0005
  -1.74735546858848636973445500863900946         2.50751085870936669247996057796746429E-0003
  -1.77767378389554133840330759450464182         1.08773715440792287022121649279011567E-0002
  -1.80797455428002519800503382103952883         2.42808217606593774896213811789659684E-0002
  -1.83825748068556716956713875642508757         4.13580105103977899697302437102245415E-0002
  -1.86852226423190934236783171038087427         6.03916378386807822755778354152478189E-0002
  -1.89876860621785650141876356022172668         7.94840770847766004273989604459443456E-0002
  -1.92899620812422418767124772260635285         9.67491820067481142133708650654115540E-0002
  -1.95920477161678496184980071563002083        0.110499241662876085983699534130892003      
  -1.98939399854921284283456772904464103        0.119408604418709665490537702783709728      
  -2.01956359096602589153221508593007915        0.122638366648048212453732442712501761      
  -2.04971325110552691119317475927571528        0.119910850953967663912409654257634460      
  -2.07984268140274223515171602101513918        0.111527891601333802404782677867939789      
  -2.10995158449235857298419566561437661         9.83326353769339639689894994276186542E-0002
  -2.14003966321165788610000087904330283         8.16200746853196817931914566819948839E-0002
  -2.17010662060345026379914752773319991         6.30063219990004098481272455101421450E-0002
  -2.20015215991900477085023122899020610         4.42702727247756132655953805650457334E-0002
  -2.23017598462097823766244883952206725         2.71834837398594181852282925590536945E-0002
  -2.26017779838634196414571376465220322         1.33446713559117541111230409814276166E-0002
  -2.29015730510930630837347954703089532         4.03422254400486466106911421465272479E-0003
  -2.32011420890424313118376233698301069         1.01686606143010604603732183226458401E-0004
  -2.35004821410860606787501387101590284         1.89566817005784523275644091647191274E-0003
  -2.37995902528584859817494228159938620         9.24126481463990467692499388767975991E-0003
  -2.40984634722833988568210821846135357         2.14656208960806328362657897747298346E-0002
  -2.43970988496027835800213816485003933         3.74677443750402053559089644655709290E-0002
  -2.46954934374060299882269526422374060         5.58248586680660545933261482308712073E-0002
  -2.49936442906590232319393021356446695         7.49245659361918178018079106090294363E-0002
  -2.52915484667332100730400060609596200         9.31102107700450703107186468482498315E-0002
  -2.55892030254346414406239629294229561        0.108826167664208043614071813610170437      
  -2.58866050290329909582724065171764421        0.120750327263821098696057649099701482      
  -2.61837515422905491563645286892345273        0.127902710020168023746464791073141231      
  -2.64806396324911930832665422828628876        0.129721683935296291863027561799632030      
  -2.67772663694693310294798171194882603        0.126102430315476474538960686961226209      
  -2.70736288256388220790753472609076216        0.117395774617931409924423392486390333      
  -2.73697240760218702029902521468394015        0.104368957962632459460150259274015857      
  -2.76655491982778926090132757947193293         8.81330698763617255371885063525444244E-0002
  -2.79611012727323620635403243292371691         7.00444422650563448146141492201559549E-0002
  -2.82563773824056229004379702308110736         5.15891319940637145917849411129021987E-0002
  -2.85513746130416804326125493136200199         3.42605854692378881645478656093348674E-0002
  -2.88460900531369634821449810018532258         1.94406549147016234488832973384632363E-0002
  -2.91405207939690597451167513766714838         8.29337169934006678405458541474452163E-0003
  -2.94346639296254237075206090975206821         1.67939350251179019061426039973923229E-0003
  -2.97285165570320568289204340137459740         9.69980751325260761244728349765736900E-0005
  -3.00220757759821597107984444021580133         3.65309960795631263249982363054169101E-0003
  -3.03153386891647559668044085919313883         1.20652313797099709514810908099511516E-0002
  -3.06083024021932875124008175410274134         2.46929826834622867773362949634883551E-0002
  -3.09009640236341809916800539517426352         4.05951892822371954762704389239478801E-0002
  -3.11933206650353850594144579729828943         5.86074092832613380277328268404867546E-0002
  -3.14853694409548782366878366219558074         7.74329793885511650619464548902638109E-0002
  -3.17771074689891470587473909291985012         9.57402986006237435363555127803331164E-0002
  -3.20685318698016342340082386018191390        0.112258935411711800037760256035444132      
  -3.23596397671511565334386878167253189        0.125867660956800289287079941840281636      
  -3.26504282879202921298531666772593040        0.135668495333826341601705048218898494      
  -3.29408945621437371069412299445271366        0.141042207867855459137855641590386809      
  -3.32310357230366308581653469129453252        0.141682306100855549274562723008795656      
  -3.35208489070228500959672187349901886        0.137606246919678548968500922800145505      
  -3.38103312537632711920321770824190339        0.129144274360484168320797312516308278      
  -3.40994799061840005696737757026996568        0.116907813474521690645945602354095146      
  -3.43882920105045728697159991052003730        0.101740630481116273301755044581210914      
  -3.46767647162661166115685751798463567         8.46569348916978827493070926942246109E-0002
  -3.49648951763594870715116878722905578         6.67712070972817302008327959730836503E-0002
  -3.52526805470533661005299389479213145         4.92247721980268310020517093342051218E-0002
  -3.55401179880223286043617011788960530         3.31140221938768812804373145344369053E-0002
  -3.58272046623748754087590357634689912         1.94247523007890471607225770635130220E-0002
  -3.61139377366814322332851111877726541         8.97637991869562050201739285967625524E-0003
  -3.64003143810023144973105557925363451         2.37892610853395362427686923836537745E-0003
  -3.66863317689156576822073987096500544         4.63524441834297799798785554062786496E-0006
  -3.69719870775453129740792002577593653         1.97506518669403260947632112763814901E-0003
  -3.72572774875887079117086399770724789         8.16346941262339547016133572361319464E-0003
  -3.75422001833446717647492148592881205         1.82113763375812603342217418684398045E-0002
  -3.78267523527412253675357985802092425         3.15574993632411959525434149557891998E-0002
  -3.81109311873633351342396212346019870         4.74765193089488743885471321249958616E-0002
  -3.83947338824806309814467447428526526         6.51248888638569748212641816574170985E-0002
  -3.86781576370750878845953282579109399         8.35906216885469311755815187624699284E-0002
  -3.89611996538686707950658970331447770        0.101944038379836056577905408640784675      
  -3.92438571393509426450804437746854550        0.119286627797764360688360444930741502      
  -3.95261273038066351679304999266106173        0.134795516468196740815804789188327904      
  -3.98080073613431822614213120283203703        0.147761486138536375488734020521265191      
  -4.00894945299182156227889416185893885        0.157619002198807015018574625630605652      
  -4.03705860313670223837194724913999206        0.163967275354898674608379035972128994      
  -4.06512790914299644744745527596814059        0.166581939495622554956135289314407517      
  -4.09315709397798594465052174529735355        0.165417458024425988366525776322407161      
  -4.12114588100493224833163265358622738        0.160600842447317214339325920193510095      
  -4.14909399398580693297270095315279173        0.152417660591851897936345486840886599      
  -4.17700115708401798700582275882762477        0.141291614208751333104229974210747835      
  -4.20486709486713220861669430296046171        0.127759170395594491566928038103466808      
  -4.23269153230959361266374213470359889        0.112440838105906977409501080278390057      
  -4.26047419479543782188338773702783641         9.60106952997101330198695226080160917E-0002
  -4.28821480812100241559150120957090029         7.91657038711670220882292731520195483E-0002
  -4.31591309849763320913099654600718597         6.25962115076286420719167624908339075E-0002
  -4.34356879255438643735568292738610032         4.69588473894972543707506900527334472E-0002
  -4.37118161734072681548091196143173682         3.28527884252676559446832433034626520E-0002
  -4.39875130032922145067224952314645908         2.08001207753214520505586901353398101E-0002
  -4.42627756941822957778435239263317981         1.12307630537358572846070119600834064E-0002
  -4.45376015293458809270344383767108654         4.47216645863616594985818451573765527E-0003
  -4.48119877963629285678825824448195310         7.43774650745220766053383919254097514E-0004
  -4.50859317871517574594606245095790781         1.56021475851635875629973467458755569E-0004
  -4.53594307979957741792236017045437941         2.71347399507472621890260848664876839E-0003
  -4.56324821295701577142514539657251691         8.32159555197297038601160103186330636E-0003
  -4.59050830869685007074709053308043412         1.67965101630634075710483200448393960E-0002
  -4.61772309797294070959183477859740495         2.78770946302418357438111097860587545E-0002
  -4.64489231218630458785357759067121249         4.12387059182705744975646126490442194E-0002
  -4.67201568318776607514248043363534523         5.65078646041431187517129228168645383E-0002
  -4.69909294328060353489193705180201334         7.32772556867688105710783968702556595E-0002
  -4.72612382522319138292758777423924958         9.11204702506814774304921177802930680E-0002
  -4.75310806223163765442202641715578900        0.109605989681466726229218197035158117      
  -4.78004538798241705320347876979366341        0.128310002695150828946398846712425562      
  -4.80693553661499945743131899218121305        0.146827739079532493978699212629139052      
  -4.83377824273447385569613407807032549        0.164783098013873070221708624065365036      
  -4.86057324141416768764714640127987388        0.181836439088269230770401794052343138      
  -4.88732026819826156329515982337580841        0.197690487415006297851637003177055528      
  -4.91401905910439933518480544749663844        0.212094378047805082552644396531788323      
  -4.94066935062629349767572840702284102        0.224845927630858726689305411717185390      
  -4.96727087973632588761847662601847904        0.235792271860447529196434023677739560      
  -4.99382338388814366075722582576095570        0.244829045695139481100326657194568973      
  -5.02032660101925051823810172053501558        0.251898309601702638977219002365972457      
  -5.04678026955359315764873988601274665        0.256985440239243373737097230559572348      
  -5.07318412840414292306185573229094353        0.260115208980191195959563235371848135      
  -5.09953791697547262860298090583678023        0.261347267902099285656691329213731208      
  -5.12584137516632853011015781254311625        0.260771251858952390745127210003977460      
  -5.15209424337219741950127032767354304        0.258501688507126442870536225603797920      
  -5.17829626248786881651282566506545399        0.254672887247911487047736701542628761      
  -5.20444717390999223252238934246540427        0.249433954398998092791119600906532047      
  -5.23054671953962948121551172473450147        0.242944056833188856627998718617287631      
  -5.25659464178480201090687027186005965        0.235368030971432535479795173262120495      
  -5.28259068356303323337448588176112839        0.226872409353480578256090428297073902      
  -5.30853458830388582411525411384486916        0.217621913806619165209562783799613662      
  -5.33442609995149396897966212077354635        0.207776443075946104584971434467756728      
  -5.36026496296709053219343931310960146        0.197488564074699035774846832867641187      
  -5.38605092233152912082401364215145859        0.186901499903369003122902952636863244      
  -5.41178372354780102080001541565248653        0.176147594571708728944175231100246783      
  -5.43746311264354697964268626209877825        0.165347223917136067149209535286099241      
  -5.46308883617356381111891173225086785        0.154608114427249104985991961168579141      
  -5.48866064122230579707670156975453171        0.144025026348699876804934675153918665      
  -5.51417827540638086177529139140478790        0.133679754351197992052880703566220173      
  -5.53964148687704149407363288530467257        0.123641397831386100444542400444894346      
  -5.56505002432267039289287615249036063        0.113966853387164440761300057761850603      
  -5.59040363697126081142052697299117566        0.104701483766666948902192443946670465      
  -5.61570207459289157557628305675710868         9.58799204047390968423131605770979043E-0002
  -5.64094508750219675231211622702718103         8.75269602290908459956198051910693469E-0002
  -5.66613242656082994337197145975551437         7.96585214989574321001828122531574400E-0002
  -5.69126384317992318018949824650367953         7.22826278110646816222712348174883325E-0002
  -5.71633908932254039565551433622029968         6.54003938825438760206869354715290031E-0002
  -5.74135791750612544854042601766388789         5.90069911419864717646473606225114395E-0002
  -5.76632008080494467641059220062177364         5.30925754033789764434001440265294826E-0002
  -5.79122533285252395293162110991631612         4.76431628682301478725639958786419200E-0002
  -5.81607342784408022550582788849587758         4.26414443309797922628422585543037715E-0002
  -5.84086412053894750924555827936076956         3.80675307080696312907956901672648519E-0002
  -5.86559716626299731333879728300823148         3.38996258489832684002464913316103519E-0002
  -5.89027232091105347591843172749384216         3.01146250126605178658880410923442972E-0002
  -5.91488934094930138360172149976404680         2.66886394135814845731028240227854757E-0002
  -5.93944798341769155192195522495483460         2.35974488780522699072335329920497521E-0002
  -5.96394800593233754292992189789101024         2.08168859304100926509209968519324683E-0002
  -5.98838916668790819629871981876014078         1.83231555840846324187444327232593869E-0002
  -6.01277122446001415032154761126445822         1.60930957800475579808789011751445754E-0002
  -6.03709393860758862924847855255732673         1.41043838328900157844064173507181490E-0002
  -6.06135706907526247346480836373311092         1.23356944502004768168206448451205475E-0002
  -6.08556037639573338907038743905020410         1.07668149203711652233730071879407070E-0002
  -6.10970362169212939347640067062848609         9.37872295153596329843369152506107216E-0003
  -6.13378656668036643369334098999201813         8.15363242130700930846646057469795996E-0003
  -6.15780897367150015404143593316614845         7.07501199138565271717000155735627845E-0003
  -6.18177060557407179007252937445316617         6.12758117761628915148346699482476530E-0003
  -6.20567122589644816555039249560364281         5.29728806581473166934610715842432623E-0003
  -6.22951059874915576939463848971258742         4.57127244455126983702182921890371967E-0003
  -6.25328848884720888955184386838513766         3.93781770262348444958562878226049741E-0003
  -6.27700466151243178081613496987193762         3.38629442288496928770913717362564699E-0003
  -6.30065888267577484368038077606062274         2.90709820440707604387641314415570202E-0003
  -6.32425091887962479135824185628097240         2.49158386828763179049099992233430860E-0003
  -6.34778053728010878217665958245755024         2.13199785338700193969848398215227308E-0003
  -6.37124750564939249459792911761976441         1.82141028973952075344341944783672308E-0003
  -6.39465159237797212219028348032806731         1.55364795079228666642678744208150589E-0003
  -6.41799256647696026592592364115450478         1.32322903123648225755131990642175094E-0003
  -6.44127019758036570124566052171508031         1.12530047437807775968622463715899383E-0003
  -6.46448425594736699738978834743496932         9.55578380411622628101331168862144856E-0004
  -6.48763451246457996655548445558381364         8.10291862778678827528897458677201029E-0004
  -6.51072073864831892050192778130224468         6.86130581839980468464168679372682724E-0004
  -6.53374270664685171228544623532308964         5.80196070995559071114729580295277189E-0004
  -6.55670018924264854086834144466090349         4.89956877688282797479824746939135510E-0004
  -6.57959295985462449640659724631823127         4.13207467960777008774644017305729531E-0004
  -6.60242079254037582408345529648419381         3.48030786007603055348132732036218453E-0004
  -6.62518346199840988441783657406683708         2.92764317195074834376983011503433479E-0004
  -6.64788074357036878803880080583582658         2.45969472183703427727793534992679699E-0004
  -6.67051241324324668297966630693620612         2.06404089131368149065511134960839238E-0004
  -6.69307824765160067260805979890437074         1.72997838714412188852162124898175281E-0004
  -6.71557802407975534237102881927202766         1.44830311305537965156878657701736972E-0004
  -6.73801152046400087359742775195053797         1.21111565706894134903542465587282761E-0004
  -6.76037851539478472266308166328764684         1.01164923150839420887586499925522702E-0004
  -6.78267878811889684388773940030343889         8.44117978171225838788202850054634401E-0005
  -6.80491211854164843459654816835160000         7.03583649991638596090198646356119163E-0005
  -6.82707828722904418084271542641684901         5.85838795529960334723604704126234206E-0005
  -6.84917707540994798235216978845160034         4.87304697783288884394727871507552445E-0005
  -6.87120826497824213531539006547991265         4.04942449242735223137241871932734574E-0005
  -6.89317163849497995171613999047350402         3.36175676942539544713826451330610118E-0005
  -6.91506697919053179395162489896808065         2.78823561432442949831678508570913946E-0005
  -6.93689407096672450356357505369925984         2.31042919866485091839258410892345611E-0005
  -6.95865269839897420296495775978607297         1.91278244064685993320477094879985781E-0005
  -6.98034264673841244911242627470385154         1.58218698306475843304074509228307811E-0005
  -7.00196370191400571814022712893825518         1.30761188012837795834541461885352575E-0005
  -7.02351565053466820003710819121768169         1.07978708962082559833422839924282811E-0005
  -7.04499827989136788251379698695926414         8.90932771232518124727026999750188405E-0006
  -7.06641137795922590327485175837168898         7.34528216494610942318528025858898522E-0006
  -7.08775473339960914997512588584420077         6.05114982750545912853215761777869358E-0006
  -7.10902813556221608720772891709712691         4.98129476426587298177440524838901496E-0006
  -7.13023137448715578993721391533981700         4.09760833648735317189200010884994202E-0006
  -7.15136424090702016285877048062911768         3.36830483661681015512697715466114477E-0006
  -7.17242652624894932523145495799246466         2.76690257465254899403843437097741816E-0006
  -7.19341802263669014080094335792300801         2.27136325619075456877940226880086316E-0006
  -7.21433852289264787249494771382556060         1.86336620258238608648301823985861447E-0006
  -7.23518782053993094164229231916261640         1.52769721848768186513017049690396034E-0006
  -7.25596570980438877153470185471014009         1.25173475710144372089481874320308882E-0006
  -7.27667198561664269521860816180272039         1.02501851194684319736306749159236179E-0006
  -7.29730644361410990747273566708008946         8.38887716920409105185210899997239957E-0007
  -7.31786888014302044099587654243576040         6.86178300585470488826721302819221849E-0007
  -7.33835909226042714689811491305576682         5.60969650725220269999301912160529527E-0007
  -7.35877687773620865965780412711624191         4.58373131889508450388223664053829901E-0007
  -7.37912203505506532677584159144026796         3.74355690055630856216470212690544126E-0007
  -7.39939436341850808342822127482069993         3.05592899620783782190102061178671007E-0007
  -7.41959366274684025248747399949579645         2.49346681073946237595217098971555717E-0007
  -7.43971973368113225035342939419780500         2.03363662650037229573559765654398653E-0007
  -7.45977237758518917910375018014924125         1.65790793518383803296929704130777627E-0007
  -7.47975139654751128554489861331982837         1.35105354953908903298291809991571633E-0007
  -7.49965659338324726781459571924276681         1.10056972923090690148892189750826062E-0007
  -7.51948777163614041025742573589504156         8.96196223097449153811786060013583508E-0008
  -7.53924473558046752736602022885979972         7.29519397964479406716096447429644158E-0008
  -7.55892729022297069765122796262001308         5.93644380326179493725037776678009399E-0008
  -7.57853524130478176837583710191959453         4.82924457834621568122063769061318166E-0008
  -7.59806839530333961215776497534637447         3.92737938305932802412854982775527958E-0008
  -7.61752655943430011652016675545768496         3.19304301237934139922627051723956633E-0008
  -7.63690954165343888753763728985164421         2.59532848943312768258021796394085649E-0008
  -7.65621715065854664879958924770947542         2.10898212608035918156335819002194771E-0008
  -7.67544919589131731698398501678405495         1.71338028072294897246695079061640499E-0008
  -7.69460548753922873540687868504656509         1.39168896828857608154910894322609942E-0008
  -7.71368583653741604698568725586230333         1.13017415042923003508918330883741791E-0008
  -7.73269005457053768812675626047046271         9.17636088339868435947286010342174872E-0009
  -7.75161795407463398512061342970346227         7.44945758121164559762551980460159816E-0009
  -7.77046934823897833470131434951189613         6.04665162749979385189901641175995744E-0009
  -7.78924405100792095049947533137920134         4.90736554737090735493326318854527914E-0009
  -7.80794187708272515719196035674713054         3.98228218119593193282577513761620264E-0009
  -7.82656264192339621422474017998095055         3.23126638775859949557336100777206414E-0009
  -7.84510616175050265105917177126063795         2.62166694610608655914408180209239998E-0009
  -7.86357225354699009596585452140540409         2.12692985903191462146707933157941676E-0009
  -7.88196073505998758046430528557869128         1.72546654488725480090873900283080337E-0009
  -7.90027142480260630158095668088428082         1.39973053039366443026180466488804555E-0009
  -7.91850414205573082417242134111161408         1.13546459683423181586398356246621443E-0009
  -7.93665870686980270563557833564436873         9.21087194559020600021958214044225952E-0010
  -7.95473494006659652540082594240537406         7.47192583043825525670419748578324262E-0010
  -7.97273266324098830167980668854589679         6.06143789004589024032261568671429988E-0010
  -7.99065169876271627801404529755642379         4.91741280051414061462260612857978383E-0010
  -8.00849186977813406224624716602960764         3.98953372432698204822612755309498037E-0010
  -8.02625300021195610061148349419483015         3.23696949638988946852597019791415092E-0010
  -8.04393491476899546972113846662516918         2.62659164042619041836201118414340580E-0010
  -8.06153743893589396928831317656410335         2.13152508914698909907323825414818043E-0010
  -8.07906039898284449851936956082464591         1.72997051175448031083635366710505274E-0010
  -8.09650362196530569917245471220183073         1.40424762191657307365765484748829086E-0010
  -8.11386693572570884836017081117024088         1.14001821006376627428594314415505962E-0010
  -8.13115016889515698425004781501611539         9.25655295387039322681319141637336435E-0011
  -8.14835315089511624789313420553443265         7.51731037222654318695741765811899303E-0011
  -8.16547571193909942448784476941979087         6.10601138712531019598746852179994388E-0011
  -8.18251768303434166746319281027776948         4.96067627827738453014115911241509349E-0011
  -8.19947889598346838884268660793546349         4.03105284259229389280594636141187943E-0011
  -8.21635918338615529942748558797345927         3.27639736383168124526285422577409937E-0011
  -8.23315837864078058241488977906190406         2.66367495968514967912916698621990027E-0011
  -8.24987631594606918414587595308321859         2.16610023965389850834099327325486098E-0011
  -8.26651283030272920575319459688942900         1.76195405806022829141767198771190650E-0011
  -8.28306775751508037955950278701126011         1.43362422244266803398098239178349818E-0011
  -8.29954093419267461415312836026611306         1.16682783356184536353107532640817401E-0011
  -8.31593219775190859214733972298670330         9.49980909484600780853069930876503409E-0012
  -8.33224138641762840470743244693013824         7.73687425474072534396954732025411532E-0012
  -8.34846833922472620700853768668849680         6.30325163070868418621107678767526823E-0012
  -8.36461289601972887886580764591712604         5.13710033422973110420275833906272084E-0012
  -8.38067489746237867485753904069287766         4.18824006968314466541988475664112981E-0012
  -8.39665418502720584834085597904388902         3.41594594870763093195274045733466150E-0012
  -8.41255060100509323383878811586054759         2.78716109914577497452559346298194020E-0012
  -8.42836398850483277235694757018892323         2.27504785710866828920056866573776862E-0012
  -8.44409419145467396426752812399746542         1.85781334227505032671313067935642954E-0012
  -8.45974105460386423447802187306371882         1.51775738782056354053945939899649224E-0012
  -8.47530442352418119468187098532401607         1.24050066322112512068923344597929409E-0012
  -8.49078414461145678756824475204904496         1.01435882578246877483514076033108222E-0012
  -8.50618006508709329794825390325599019         8.29835018440951049533955867285755719E-0013
  -8.52149203299957121583518441007345551         6.79208283935236149746775589188907974E-0013
  -8.53671989722594893659675092110374022         5.56199721564217449217207683879508660E-0013
  -8.55186350747335428337793478348601421         4.55701661196561302640938678473559665E-0013
  -8.56692271428046783707368248721103119         3.73557923084613137956945232093825000E-0013
  -8.58189736901899805921159654668988269         3.06385495506791063366737039426195815E-0013
  -8.59678732389514819318575149861747103         2.51429795965240578706655235493208134E-0013
  -8.61159243195107492936391205035274714         2.06447167180871543419096204946223569E-0013
  -8.62631254706633881967171765749954548         1.69609462572649342503201063003254199E-0013
  -8.64094752395934642733882714084241096         1.39426550857975421279964588896610269E-0013
  -8.65549721818878419757358756759607223         1.14683359274312181379408667007405897E-0013
  -8.66996148615504403501450271499634075         9.43887148651096276711434159999372456E-0014
  -8.68434018510164057388862719913876030         7.77337617820957660861093587478964114E-0014
  -8.69863317311662012688900198082499951         6.40581527048941890501479973946845506E-0014
  -8.71284030913396129886537464380171840         5.28225529561023374465413209456220063E-0014
  -8.72696145293496725150471276860476981         4.35862718311346859375386184402578689E-0014
  -8.74099646514964960526042008533208201         3.59890593253606812903156616658228941E-0014
  -8.75494520725810396487170206779281639         2.97362877536737928927044690888411892E-0014
  -8.76880754159187705489719941501190031         2.45868847593576124867344857715851156E-0014
  -8.78258333133532545176981363807084735         2.03435034111123077179172727502589901E-0014
  -8.79627244052696589896258791347786626         1.68445117626910798408405874427228656E-0014
  -8.80987473406081719193857766010946226         1.39574626697649136774163044691115489E-0014
  -8.82339007768773361964084812537106726         1.15737682827580257640513499606256863E-0014
  -8.83681833801672994936206980640818887         9.60435526465436166624235541938832102E-0015
  -8.85015938251629794191664596149299886         7.97611868918818357717738238561768111E-0015
  -8.86341307951571438412189896136448417         6.62902659649982341223280768080441742E-0015
  -8.87657929820634062567856296528859728         5.51375481040555309202584458747833521E-0015
  -8.88965790864291360762467855563865784         4.58975406144569003359877125797344119E-0015
  -8.90264878174482836962095970032819179         3.82366969151257010345585751512862761E-0015
  -8.91555178929741202340980390566156305         3.18804903241873785648245116973425130E-0015
  -8.92836680395318917987434184306443695         2.66028359538418089577819216018209257E-0015
  -8.94109369923313881720827225044521076         2.22174300259091582037923493423542758E-0015
  -8.95373234952794257779170069012458073         1.85706555860472123139844004770967947E-0015
  -8.96628263009922448145279595664090836         1.55357684166297046343281939619628326E-0015
  -8.97874441708078204287979473437368777         1.30081297091415572659593604652667205E-0015
  -8.99111758747980878103272267070521907         1.09012950154415550315347193971448978E-0015
  -9.00340201917810810848915751804932539         9.14380398678888202083811444939685582E-0016
  -9.01559759093329858874343656901931333         7.67654391867189913580648461081720838E-0016
  -9.02770418238001054956390542361395939         6.45058335706224463734154156808952021E-0016
  -9.03972167403107404059811734473195084         5.42539096970869536645760651289049107E-0016
  -9.05164994727869812350132123658426936         4.56737034236668324823365174675623532E-0016
  -9.06348888439564148294912077651353432         3.84865397292749997360446173037417697E-0016
  -9.07523836853637434698084660005914198         3.24611003350173519624206726780234895E-0016
  -9.08689828373823170520595683640407999         2.74052388040516329172394775407473530E-0016
  -9.09846851492255781349166787005471437         2.31592316351396311344700887907976694E-0016
  -9.10994894789584197383601611707259779         1.95902100346640574742733658952061023E-0016
  -9.12133946935084557821666200162316765         1.65875629877480217918596161534277101E-0016
  -9.13263996686772040529196835115493951         1.40591398325714378934527334167992030E-0016
  -9.14385032891511815891721624520798702         1.19281113060258973411188091556800968E-0016
  -9.15497044485129123752526110162145985         1.01303732227814323271683059530858856E-0016
  -9.16600020492518472350747961164156702         8.61239759212934243740656220348960529E-0017
  -9.17693950027751958181751318793151121         7.32945289823554277430241325296152470E-0017
  -9.18778822294186705710707501150286216         6.24412914737177447878000282658410195E-0017
  -9.19854626584571425878995469882388948         5.32511467341553740493339408467220272E-0017
  -9.20921352281152092351732620147245024         4.54618104207547147374760864674183288E-0017
  -9.21978988855776734463453993931508238         3.88534007385447498752832567729864015E-0017
  -9.23027525869999345827675849491062704         3.32414331722495129452908745979817810E-0017
  -9.24066952975182907584807560124150005         2.84709949337736750135907758130054439E-0017
  -9.25097259912601525271613977554600686         2.44118970385629967251120922486865965E-0017
  -9.26118436513541678304178592653966149         2.09546370742656658553236334160005112E-0017
  -9.27130472699402581075075972726058555         1.80070346771031928376161482419195217E-0017
  -9.28133358481795654674229963675990120         1.54914255915895394944993789972260513E-0017
  -9.29127083962643108251711930551559921         1.33423198645145120168217839447185302E-0017
  -9.30111639334275629049520784544571397         1.15044459579018796299209987617216802E-0017
  -9.31087014879529180138183621844537496         9.93111596782289096188052826509027858E-0018
  -9.32053200971840904902822392923655120         8.58285820700160641704219009488043370E-0018
  -9.33010188075344137332148042982384572         7.42627256006568777543646384019413556E-0018
  -9.33957966744962517172668928388862065         6.43307158870720415234472884712663919E-0018
  -9.34896527626503209019234932899937123         5.57927662744502669011564842542179460E-0018
  -9.35825861456749224421882494062741381         4.84454329735829683333714597759516732E-0018
  -9.36745959063550846097798617178728742         4.21159516289043894326300361158260334E-0018
  -9.37656811365916153346083814192908772         3.66574782021974743305606651900244247E-0018
  -9.38558409374100647771864670386477814         3.19450866211788204045135051807094742E-0018
  -9.39450744189695978435186325250436326         2.78724001864324121095796131098163849E-0018
  -9.40333807005717765549003467763085223         2.43487541200806306345161311089211965E-0018
  -9.41207589106692521859485402761516390         2.12968035894422876844111393792370914E-0018
  -9.42072081868743670850756256376942425         1.86505056384421127753985042782059387E-0018
  -9.42927276759676660925105366702155920         1.63534151958529464253836919889698251E-0018
  -9.43773165339063174718625262999223287         1.43572451052304781371840451857080125E-0018
  -9.44609739258324432721165284776599124         1.26206482696614144143151643127244760E-0018
  -9.45436990260813590378427742825358119         1.11081868007794315093465823589822217E-0018
  -9.46254910181897227862980489581270878         9.78945873410984959743054254255203101E-0019
  -9.47063490949035931709914757670128408         8.63835761075869584824095580604979702E-0019
  -9.47862724581863967521840054815836486         7.63244418551824741198117333681321972E-0019
  -9.48652603192268042956878681983907005         6.75241283365678211013091313781907495E-0019
  -9.49433118984465160222300981159084068         5.98163800093706857747767773331262524E-0019
  -9.50204264255079557305428630900386965         5.30578836342310898857487476645906840E-0019
  -9.50966031393218737182427103089588641         4.71249830990434245069276450610761107E-0019
  -9.51718412880548584254609684324888768         4.19108799226320795765627483407966421E-0019
  -9.52461401291367567270884161371252647         3.73232455940845055164735189755245843E-0019
  -9.53194989292680028003989283050313563         3.32821834143897620804749267999895931E-0019
  -9.53919169644268554957191351951529581         2.97184871827713967707964754299396305E-0019
  -9.54633935198765441387141679316648718         2.65721522095474111128310331891191078E-0019
  -9.55339278901723226937633066265297562         2.37911009894598954188127354074045919E-0019
  -9.56035193791684322188037864994877512         2.13300916420555227440148146790352021E-0019
  -9.56721673000249715429261435438426622         1.91497820925289608262508388831400688E-0019
  -9.57398709752146760989102856767423370         1.72159270726523519566642926815146018E-0019
  -9.58066297365296048437979489683384940         1.54986884884685826910528421888106543E-0019
  -9.58724429250877352015043325187312256         1.39720426310081832063924045714603639E-0019
  -9.59373098913394659623794908919035010         1.26132701835829618952192296167212910E-0019
  -9.60012299950740280755384907624626645         1.14025170756233355378449734319375519E-0019
  -9.60642026054258032706883996181089518         1.03224160084643921636471745585957174E-0019
  -9.61262271008805504470898600162808619         9.35775998323434778115702130884945614E-0020
  -9.61873028692815397682013040391545661         8.49522043730048648784628551728965297E-0020
  -9.62474293078355944014647702427915706         7.72310367909152602736194649637585580E-0020
  -9.63066058231190398436037905634479963         7.03114023141249303612151774076352771E-0020
  -9.63648318310835607727159083306903968         6.41030247574373651079953256145405314E-0020
  -9.64221067570619653693550617410102520         5.85264665565153137481543470759245389E-0020
  -9.64784300357738570497123108593775476         5.35117586418971280507444256244327504E-0020
  -9.65338011113312135549171914262748492         4.89972112310272868917349724317188120E-0020
  -9.65882194372438733413963364353199934         4.49283807346602466843761684824281404E-0020
  -9.66416844764249292181409075872747574         4.12571714886162441502101584930386853E-0020
  -9.66941957011960291776498142903463474         3.79410540236605193576107239412564718E-0020
  -9.67457525932925843682316588292361392         3.49423841520666027103055338455761093E-0020
  -9.67963546438688841562648236262130502         3.22278093442473482084760968643001924E-0020
  -9.68460013535031182279321011213247657         2.97677507477939744832948185746507149E-0020
  -9.68946922322023056808637496554425785         2.75359508110674768864162211055981535E-0020
  -9.69424267994071310570408307939774535         2.55090778537715095760119725814617947E-0020
  -9.69892045839966872692291357207940812         2.36663801113510837980759592760350669E-0020
  -9.70350251242931253741329315963336122         2.19893827971977974396319213316590578E-0020
  -9.70798879680662111463771440418314430         2.04616226008094389196727177718392294E-0020
  -9.71237926725377884083464301088250046         1.90684147919343922453659437573883316E-0020
  -9.71667388043861490718298781414528809         1.77966487479424132075024504298178971E-0020
  -9.72087259397503098483407877555428073         1.66346082792116116116698338491949848E-0020
  -9.72497536642341955859021256560637032         1.55718136080053634252773283167861838E-0020
  -9.72898215729107291910098121018769022         1.45988822710542447173457147680646871E-0020
  -9.73289292703258280954079594084429205         1.37074065741841239140290697700334826E-0020
  -9.73670763705023072282325488557882199         1.28898455368134714178655378420672206E-0020
  -9.74042624969436884550027866372394739         1.21394295317980783871406009766292292E-0020
  -9.74404872826379164458625139369796140         1.14500760577644865960975270513987567E-0020
  -9.74757503700609809363975517504056225         1.08163152817420006866112608276358002E-0020
  -9.75100514111804453452787285459460432         1.02332241638606735905900502039388089E-0020
  -9.75433900674588817139045591922281846         9.69636812680333277095289266993760889E-0021
  -9.75757660098572119341421076185877236         9.20174936373745718597041908872827478E-0021
  -9.76071789188379552311894643148149203         8.74576099231680519463369072309470384E-0021
  -9.76376284843683818695084938793548878         8.32514636136218858614785912883867952E-0021
  -9.76671144059235730507020482623355830         7.93696290300936032626131991982064381E-0021
  -9.76956363924893869731356889860767082         7.57854999817465840757328939048165841E-0021
  -9.77231941625653310240301073233929386         7.24750038862205799832870304088754767E-0021
  -9.77497874441673400756768660323615183         6.94163472600008096770032423310022768E-0021
  -9.77754159748304608583568006417407913         6.65897889805931242911425809789692618E-0021
  -9.78000795016114423834674033076085875         6.39774381581588048965631525141135900E-0021
  -9.78237777810912323912927587700651840         6.15630738351828239984079134451149657E-0021
  -9.78465105793773797987771007774704890         5.93319840661797971823051497647387688E-0021
  -9.78682776721063431235907993606169589         5.72708222215586313317328851526486932E-0021
  -9.78890788444457048617055653740410351         5.53674786159199714181511199470923675E-0021
  -9.79089138910962917966238596175969170         5.36109657858879019646446856800744347E-0021
  -9.79277826162942012193359104474903089         5.19913159401030728994704611535243261E-0021
  -9.79456848338127330390063669190971265         5.04994892777230532686156311130850426E-0021
  -9.79626203669642277653214350089410584         4.91272920247247602940085886964203611E-0021
  -9.79785890486018103443563531730868516         4.78673031721260355039286634561913934E-0021
  -9.79935907211210398307522512449863321         4.67128090192405846716216986791977344E-0021
  -9.80076252364614648799207942867803508         4.56577447302595521983838580166430278E-0021
  -9.80206924561080850449245313118293523         4.46966422055661261754481269691577593E-0021
  -9.80327922510927178636105386188477804         4.38245836517685917843478188006229626E-0021
  -9.80439245019952717225047596439857994         4.30371603078234776627885873349135701E-0021
  -9.80540890989449244849043885696668985         4.23304358499904960579101154557865354E-0021
  -9.80632859416212078715357142497658421         4.17009140567492047901691113290085865E-0021
  -9.80715149392549975830750251403889953         4.11455103671252479439369450106506877E-0021
  -9.80787760106294091547604656835583769         4.06615270129273422734999344737221966E-0021
  -9.80850690840805995342531207959146039         4.02466314478995089986084792209664555E-0021
  -9.80903940974984743748360785836092974         3.98988378353829904683385201154659751E-0021
  -9.80947509983273010369707729544537610         3.96164913913287876645137263090397805E-0021
  -9.80981397435662272921605282449625126         3.93982554119182226677671813064663385E-0021
  -9.81005602997697057240019081383274653         3.92431008451012367796431843334624787E-0021
  -9.81020126430478238222352018341447562         3.91502982934766536940165945992786888E-0021
  -9.81024967590665397665361524559550042         3.91194123625095345371503542353953776E-0021
