   9.81024967590665397665361524559557438         3.03370389332702654074560006428056602E-0023
   9.81020126430478238599785193480758503         3.03616957787525962563205961565119135E-0023
   9.81005602997697057994881706548826813         3.04357853788343590089750576903916605E-0023
   9.80981397435662274053889907452058163         3.05596658729721573292201142976623923E-0023
   9.80947509983273011879403179191724706         3.07339373325706702816073057422645822E-0023
   9.80903940974984745635452160043434837         3.09594465562378986066578490092024488E-0023
   9.80850690840805997606999881896628908         3.12372938572535579016062366359186449E-0023
   9.80787760106294094189428281111598639         3.15688419186112002231019003669148075E-0023
   9.80715149392549978849902752285812723         3.19557268143351091860430569596422929E-0023
   9.80632859416212082111808722169186334         3.23998713205123285502519540835253591E-0023
   9.80540890989449248622761022551913984         3.29035006659771314278625972966875186E-0023
   9.80439245019952721375993045414190364         3.34691609012288308133520957571436340E-0023
   9.80327922510927183164238179126120869         3.40997400953802061326793027442427294E-0023
   9.80206924561080855354520759176662008         3.47984926051938644931391218232632903E-0023
   9.80076252364614654081577628958584481         3.55690666980917588427013491686672136E-0023
   9.79935907211210403966934303716834176         3.64155358530059712518357931694458658E-0023
   9.79785890486018109479961572064446291         3.73424341097377223741600021778052963E-0023
   9.79626203669642284066539062677929835         3.83547958898536922837033005671573114E-0023
   9.79456848338127337180251757108682500         3.94582007709220192468695345496395397E-0023
   9.79277826162942019360343551306688357         4.06588237620396278873058053884696803E-0023
   9.79089138910962925509948666678767112         4.19634917032284954253605814068194683E-0023
   9.78890788444457056537416894541343767         4.33797464956393560848875987159239433E-0023
   9.78682776721063439532842233937371380         4.49159159650381996160961971986977820E-0023
   9.78465105793773806661196360244830489         4.65811932694166984233378545809998598E-0023
   9.78237777810912332962758449103075997         4.83857258846611071430754569494298079E-0023
   9.78000795016114433260821085233771140         5.03407153422189551789069285574415492E-0023
   9.77754159748304618385938217064438832         5.24585290521334279012358864222101268E-0023
   9.77497874441673410935265284023389705         5.47528257265699795323727848297965141E-0023
   9.77231941625653320794823652333996881         5.72386961263824694179006113981741027E-0023
   9.76956363924893880661801255484304927         5.99328210902189380176908637550521252E-0023
   9.76671144059235741813278755697274420         6.28536490766142032289381573165939223E-0023
   9.76376284843683830377045531113213956         6.60215957596225062972690085798925853E-0023
   9.76071789188379564369442258478712724         6.94592685737888037102449075758639081E-0023
   9.75757660098572131774436711400205063         7.31917195115724472400009873973068252E-0023
   9.75433900674588829947406538175465795         7.72467299437600069876218009139833908E-0023
   9.75100514111804466636367129399905575         8.16551317702651166709364440944752075E-0023
   9.74757503700609822922644142521129279         8.64511698258512129906080240590170408E-0023
   9.74404872826379178392248726878023995         9.16729111753290312597417479242502368E-0023
   9.74042624969436898858468897132200193         9.73627077503363012980483707911373763E-0023
   9.73670763705023086965442744032843184         1.03567719721974605156253981196456065E-0022
   9.73289292703258296011728157835048243         1.10340508090252831640185241170886107E-0022
   9.72898215729107307342129380132740605         1.17739706225670555259231532132093580E-0022
   9.72497536642341971665282903119596579         1.25830781547448796374677679977464108E-0022
   9.72087259397503114663743910138170138         1.34686900198512011066774540725591444E-0022
   9.71667388043861507272549506636677912         1.44389909516320633613269825101288462E-0022
   9.71237926725377901011466335178369324         1.55031455344306329188186648522540258E-0022
   9.70798879680662128765357710830438706         1.66714253831618392996014512814730436E-0022
   9.70350251242931271416329063025908907         1.79553540388491072350444513904815248E-0022
   9.69892045839966890740530135809145061         1.93678721970372036579121816677895469E-0022
   9.69424267994071328991707989249233898         2.09235262937669387968344265632263668E-0022
   9.68946922322023075602816269781265416         2.26386839475478863418737277252962506E-0022
   9.68460013535031201446193385400492693         2.45317803071658872899520154228045642E-0022
   9.67963546438688861102025042117427276         2.66235999974708400965007279229166396E-0022
   9.67457525932925863594004980055001655         2.89376001041138009897187611644146206E-0022
   9.66941957011960312060301600247694060         3.15002805119263433741297702163954222E-0022
   9.66416844764249312837127405847347487         3.43416089319356408132229204222636173E-0022
   9.65882194372438754441392703357303276         3.74955091444612814465600752486324489E-0022
   9.65338011113312156948104730057895525         4.10004223805438111349341351836230926E-0022
   9.64784300357738592267348202352173167         4.48999533967973604782435425152372902E-0022
   9.64221067570619675834853125799071001         4.92436147118635011427856960405868270E-0022
   9.63648318310835630239320480609490728         5.40876847159204958015949288197547283E-0022
   9.63066058231190421318836005906220967         5.94961979973339200963396742840065788E-0022
   9.62474293078355967267856661689720648         6.55420893226496013246479380017549861E-0022
   9.61873028692815421305403358858686697         7.23085163409183308743415830799941602E-0022
   9.61262271008805528464237124509991015         7.98903903595647577333981094265187984E-0022
   9.60642026054258057069933921843580633         8.83961495740055185237529360123860799E-0022
   9.60012299950740305487905781135421531         9.79498150664933024616501536454645217E-0022
   9.59373098913394684725542630282034435         1.08693376887214213653211800713387466E-0021
   9.58724429250877377485770150286492049         1.20789565790166421586426661600282534E-0021
   9.58066297365296074277434032727929679         1.34425075953361326636834220665086513E-0021
   9.57398709752146787197030092772802866         1.49814315548344296284406900876467474E-0021
   9.56721673000249742005402702743390215         1.67203775673217680745727871363243030E-0021
   9.56035193791684349132130867814338925         1.86877124326727179632106835617658856E-0021
   9.55339278901723254249411877279089352         2.09161151257210086344382673504968963E-0021
   9.54633935198765469066336742294117358         2.34432712241869693140129100383010694E-0021
   9.53919169644268583003529484411946675         2.63126848324337865944853366906533666E-0021
   9.53194989292680056417193678959076235         2.95746287582900671462713069488494587E-0021
   9.52461401291367596050674393871848136         3.32872575102438842896540999333016471E-0021
   9.51718412880548613400701708506593812         3.75179122161024278860652286472685863E-0021
   9.50966031393218766694533258790877601         4.23446519635070056947296154730149091E-0021
   9.50204264255079587183257645548022500         4.78580524978484755742992684259449541E-0021
   9.49433118984465190465557972642859086         5.41633208889688183481381575985893092E-0021
   9.48652603192268073565265161567012468         6.13827839410131375853268346841599566E-0021
   9.47862724581863998495053930080824248         6.96588190666666307127189158820967334E-0021
   9.47063490949035963047650335500442284         7.91573094353511085624116376053537594E-0021
   9.46254910181897259564928479178312969         9.00717208659429737698634915560057352E-0021
   9.45436990260813622444275258761065433         1.02627916688504965236725105565438971E-0020
   9.44609739258324465150595850081495672         1.17089849274675404352892155302162619E-0020
   9.43773165339063207511318812285920230         1.33766293891936212721716087149744489E-0020
   9.42927276759676694080738249324267873         1.53018822891043238742672799909972221E-0020
   9.42072081868743704369001239623388178         1.75271257099372640707445295291276536E-0020
   9.41207589106692555740011675086174619         2.01020878011050326149286007251015086E-0020
   9.40333807005717799791476642049769599         2.30851740567575688562171381238159155E-0020
   9.39450744189696013039268442113162441         2.65450493986834801295664879666075310E-0020
   9.38558409374100682737214201504985105         3.05625199622341916915576132236700459E-0020
   9.37656811365916188672355665683407854         3.52327733130461802561035028673139381E-0020
   9.36745959063550881784644132999838568         4.06680476829682967985905363396583456E-0020
   9.35825861456749260468949459456582940         4.70008151354910044527036264144341954E-0020
   9.34896527626503245426167577868351938         5.43875808775444330951103856912647636E-0020
   9.33957966744962553939107931204717133         6.30134218630188088370172669566999896E-0020
   9.33010188075344174457730533735934465         7.30974131600669830633459195406658456E-0020
   9.32053200971840942387181957103919651         8.48991212255030496564528268242424128E-0020
   9.31087014879529217980950303955666597         9.87263803997445401328479129447828704E-0020
   9.30111639334275667250321091757155768         1.14944614013703978822056175837958187E-0019
   9.29127083962643146810168836388854159         1.33988016205620817314819278270156573E-0019
   9.28133358481795693589962911735012448         1.56372976984031432379378598620553288E-0019
   9.27130472699402620347700880433528611         1.82714213814561314901713637529314015E-0019
   9.26118436513541717933307855057044794         2.13744171199678546873224675550811180E-0019
   9.25097259912601565256856471146395005         2.50336369214599042772269785017109606E-0019
   9.24066952975182947925768646703943446         2.93533527478947446028911758713543414E-0019
   9.23027525869999386523957380059235673         3.44581468368056741589506947872579603E-0019
   9.21978988855776775514654312619107568         4.04970019495982304148983517477603521E-0019
   9.20921352281152133757446568180165333         4.76482399342918474966446260481072537E-0019
   9.19854626584571467638814389580125976         5.61254892046234140904514186616403444E-0019
   9.18778822294186747824219239959223628         6.61849010965166919376246653077008103E-0019
   9.17693950027752000648540233354339178         7.81338831815610123695983176105531514E-0019
   9.16600020492518515170394921415545040         9.23416764819461748388130578677342139E-0019
   9.15497044485129166924608503475227846         1.09252175587127795467199049341141967E-0018
   9.14385032891511859415813359871626833         1.29399478929787080982808526927816266E-0018
   9.13263996686772084404868347290026915         1.53426764646225074083496757246883446E-0018
   9.12133946935084602048484453996054650         1.82109220095813187896324084560845936E-0018
   9.10994894789584241961130106359126186         2.16381915883547697709635266526136404E-0018
   9.09846851492255826276965560265900440         2.57373715075881924595976749743010489E-0018
   9.08689828373823215798221316273593715         3.06448553811051654411779484161625848E-0018
   9.07523836853637480325090280126179360         3.65255731288567267520424330910062913E-0018
   9.06348888439564194270847365133594911         4.35791218286336252058590391510197066E-0018
   9.05164994727869858674543314582593048         5.20472450103455693287803362679437407E-0018
   9.03972167403107450732241625602753109         6.22229632206429863958526031029225593E-0018
   9.02770418238001101976378495655742376         7.44617279670474902756676273815466405E-0018
   9.01559759093329906241425604062704222         8.91950565463504877909072612537388678E-0018
   9.00340201917810858562624198856178248         1.06947210575199906024340791086106506E-0017
   8.99111758747980926163136298972671075         1.28355610984281582174913668089585656E-0017
   8.97874441708078252693524758734978894         1.54195842653387567442540583956842618E-0017
   8.96628263009922496896028391167305077         1.85412299997965751970683341240860769E-0017
   8.95373234952794306874641224512138324         2.23155769656991086950226562906523203E-0017
   8.94109369923313931160536188061006160         2.68829549133234488991470424449680184E-0017
   8.92836680395318967770893004871886407         3.24146074651853532720378640039149871E-0017
   8.91555178929741252467697726040393368         3.91196494836718239164345792932281897E-0017
   8.90264878174482887431577089952723555         4.72536200434180290669296116533455127E-0017
   8.88965790864291411574214646526137911         5.71290030814145738444500457204428201E-0017
   8.87657929820634113721367267106204833         6.91281758390150977967601863960092241E-0017
   8.86341307951571489906960181827094753         8.37193543522941071611750456041660451E-0017
   8.85015938251629846027185964359807512         1.01476240604419819392050858133505638E-0016
   8.83681833801673047111967835702130167         1.23102243890856561480453271727025622E-0016
   8.82339007768773414479570200753788749         1.49460357390011029635906791355975920E-0016
   8.80987473406081772048549380743576489         1.81610029747956155076727003768859434E-0016
   8.79627244052696643089634978128430199         2.20852692971357302701575479795210572E-0016
   8.78258333133532598708517125487812674         2.68788007399022273790558376920661879E-0016
   8.76880754159187759358886943435589900         3.27383381086852726325150178022384997E-0016
   8.75494520725810450693436782036906671         3.99059938403181467726733838228707308E-0016
   8.74099646514965015068873163146916106         4.86798880683965660036362034567593306E-0016
   8.72696145293496780029328695106603083         5.94273137477115823254213716820237765E-0016
   8.71284030913396185100879514091489248         7.26010396420935351897854921930913089E-0016
   8.69863317311662068238181935993909596         8.87595080816453542823345337396095932E-0016
   8.68434018510164113272535897040776967         1.08591868843888638545932880464003753E-0015
   8.66996148615504459718963338548919800         1.32949020293634476448490880042536560E-0015
   8.65549721818878476308156869573233942         1.62882115246520196706516993314420481E-0015
   8.64094752395934699617407739115316469         1.99690345910063559963128107553197082E-0015
   8.62631254706633939182862285571289449         2.44980267200448495510258308812735671E-0015
   8.61159243195107550483682523880347161         3.00739472588743082918943823479815380E-0015
   8.59678732389514877196899299198021349         3.69428128700839932100914423494079940E-0015
   8.58189736901899864129945398803535277         4.54092738295299352642066700057482581E-0015
   8.56692271428046842246041090438465734         5.58507578599603438664627209975853360E-0015
   8.55186350747335487205775664580850141         6.87350606566927661284661267322816439E-0015
   8.53671989722594952856385619639296847         8.46422300994223407611598401021394497E-0015
   8.52149203299957181108373062198714260         1.04291800681983474194093576690818775E-0014
   8.50618006508709389647236618895458736         1.28576696328511399383279260109685753E-0014
   8.49078414461145738936201592017824912         1.58605446497582632073525266760271035E-0014
   8.47530442352418179973936157431637472         1.95754768551406217714374061271133080E-0014
   8.45974105460386484279326020975870670         2.41735079090828226514537959943766760E-0014
   8.44409419145467457583451038257949529         2.98672133708883644663828495870600808E-0014
   8.42836398850483338716963783144268664         3.69208790117298366156419368506923528E-0014
   8.41255060100509385189111842674308494         4.56631883497128699890140707237661332E-0014
   8.39665418502720646962672641257285565         5.65030444762545306269055655733082478E-0014
   8.38067489746237929937081775615034355         6.99493044119865395224622946106544690E-0014
   8.36461289601972950660033094936838521         8.66353981215499745454553316401708747E-0014
   8.34846833922472683795811009181522087         1.07350046595332633148387047002247804E-0013
   8.33224138641762903886582673617733634         1.33075596147160936752494329773997929E-0013
   8.31593219775190922950829700902283977         1.65035864362376123969197341728434242E-0013
   8.29954093419267525471035814775580360         2.04755865796381195383964560270826653E-0013
   8.28306775751508102330668303469991917         2.54136376089212505467677374307876318E-0013
   8.26651283030272985268397177999926163         3.15547030989545609750062465816600861E-0013
   8.24987631594606983425386512601994783         3.91942578521501967732724858354482353E-0013
   8.23315837864078123569367463843160398         4.87008053914940510404788445315925135E-0013
   8.21635918338615595587061853590888487         6.05340085014139770895127509107385252E-0013
   8.19947889598346904844368881573123359         7.52673331850472130287560902286533914E-0013
   8.18251768303434233021555428233378770         9.36163306656347456792816888582963904E-0013
   8.16547571193910009038502440749228233         1.16473962043752127999790810427957093E-0012
   8.14835315089511691692855987329393537         1.44954719717165210557734871883727716E-0012
   8.13115016889515765641711640291181940         1.80449735850990753885383045184799296E-0012
   8.11386693572570952365224830160000313         2.24695612441057171222395332166923560E-0012
   8.09650362196530637758287624498726669         2.79860386469258063197080992055091791E-0012
   8.07906039898284518004143949899059034         3.48650890440328630262314812707090799E-0012
   8.06153743893589465391530517242185818         4.34446824430336206925797617116895702E-0012
   8.04393491476899615744629552815883259         5.41468171914291750476399902879399956E-0012
   8.02625300021195679142801805175008137         6.74984231762757717378813585327338114E-0012
   8.00849186977813475614734113930428505         8.41574582021424791153361468751776325E-0012
   7.99065169876271697499285016289221362         1.04945483564537761396853485318001494E-0011
   7.97273266324098900172944354652050546         1.30888321615499538856528617077206443E-0011
   7.95473494006659722851438558572448382         1.63266792341213421061604449879503856E-0011
   7.93665870686980341180612131733273027         2.03680016381290081783115874194032655E-0011
   7.91850414205573153339297804300257664         2.54124381736340409584940972986172014E-0011
   7.90027142480260701384452738240712114         3.17092029385390796701790663912907479E-0011
   7.88196073505998829576386023284301877         3.95693654742717351956946256260336292E-0011
   7.86357225354699081429433399658200363         4.93811591315838802035162400316050927E-0011
   7.84510616175050337240948616225802919         6.16290594443347199879659345960222651E-0011
   7.82656264192339693858977005041699658         7.69175543720302988096004980682131744E-0011
   7.80794187708272588456455651621500343         9.60007515491747287251503473644295681E-0011
   7.78924405100792168087245890600700496         1.19819244374402741757720440259959854E-0010
   7.77046934823897906806747685281525068         1.49546001468091791235320698333909388E-0010
   7.75161795407463472147271683373035482         1.86643468214117838938997776641658050E-0010
   7.73269005457053842745753306723766892         2.32934593832907461448818766979513045E-0010
   7.71368583653741678928784056908264919         2.90691146124122985461081321018932126E-0010
   7.69460548753922948067308228214635011         3.62743477417844238222374012609876652E-0010
   7.67544919589131806520688342120991639         4.52616894649426105770636280867438158E-0010
   7.65621715065854739997179780152396325         5.64701007043934243733210669627178595E-0010
   7.63690954165343964165174222661682360         7.04459929572154672945024152001486424E-0010
   7.61752655943430087356872527340600885         8.78693073831602921295799391059643622E-0010
   7.59806839530334037213330531083814154         1.09585853936822460005795227122350653E-0009
   7.57853524130478253127085860318622662         1.36647392416209272989693216194314193E-0009
   7.55892729022297146345820116379247359         1.70361282065038681684110780683184287E-0009
   7.53924473558046829607738692428137854         2.12351949642800803033870465913645521E-0009
   7.51948777163614118186559905471778491         2.64636945075291294595743439325530718E-0009
   7.49965659338324804231196020030684222         3.29720990063327074012653835250487355E-0009
   7.47975139654751206292381028031504011         4.10712204004459285797454853902115142E-0009
   7.45977237758518995935653661705800333         5.11465644335110412892195001354134445E-0009
   7.43971973368113303347238982101877309         6.36760462501519824622861041035957258E-0009
   7.41959366274684103846487934824747605         7.92518397597683354995188900052571083E-0009
   7.39939436341850887225631426582421195         9.86073061995495617011040885218735858E-0009
   7.37912203505506611844683680988057754         1.22650158293582106435720024260376643E-0008
   7.35877687773620945416388809988105243         1.52503273027180382222253326121038803E-0008
   7.33835909226042794423144618585134805         1.89554877843796383869343151657369682E-0008
   7.31786888014302124114858575717894103         2.35520213417588617216324146577497236E-0008
   7.29730644361411071043692563956563537         2.92517234681556815021211165723289783E-0008
   7.27667198561664350098635395964536203         3.63159466761681623855723288695072698E-0008
   7.25596570980438958009805087556044863         4.50669803256913707250879336555190173E-0008
   7.23518782053993175299326436919598907         5.59019843950011566135678425839745510E-0008
   7.21433852289264868662553508650349862         6.93100344868207843982517732060055245E-0008
   7.19341802263669095770311091302595990         8.58929527994963717446065413511529803E-0008
   7.17242652624895014489714020092340907         1.06390740908731412426094453480203291E-0007
   7.15136424090702098527988364198712846         1.31712599501793005743036648438419008E-0007
   7.13023137448715661510563803076283016         1.62974722977869906131350297982307653E-0007
   7.10902813556221691511531990737309131         2.01546299281945756310096587418889929E-0007
   7.08775473339960998061371263728985906         2.49105434731465965880433299483491590E-0007
   7.06641137795922673663623620347816541         3.07707068384255939738890419203353661E-0007
   7.04499827989136871858975418530368872         3.79865350513640572878501891455139717E-0007
   7.02351565053466903881938641064002800         4.68653446391334876122771812853751087E-0007
   7.00196370191400655962054792698259835         5.77824302978834989168902919240705258E-0007
   6.98034264673841329328248458032326758         7.11956597418585929412028669504476970E-0007
   6.95865269839897504981642195531032119         8.76630889728275631277449755291209223E-0007
   6.93689407096672535308808705706450192         1.07864194761232558078171432297622969E-0006
   6.91506697919053264614080024620775966         1.32625432128199261196352001029517226E-0006
   6.89317163849498080656156791846963383         1.62950954602184134022136615578590133E-0006
   6.87120826497824299280863359497390101         2.00059486852593356595848396152942548E-0006
   6.84917707540994884248476580731383995         2.45428516170191113552159862398189933E-0006
   6.82707828722904504360617477317421368         3.00847174721057648622244719413032591E-0006
   6.80491211854164929998235571597203322         3.68479422465402591765547820292342296E-0006
   6.78267878811889771188735414023683206         4.50939415394716327932987839350930997E-0006
   6.76037851539478559326793678976213355         5.51381259956138822676724680396059995E-0006
   6.73801152046400174679893074652342472         6.73605717202342683268556392356999242E-0006
   6.71557802407975621816056153563446126         8.22186834636266944178385667016470033E-0006
   6.69307824765160155097697854793898116         1.00262195546583839507235002696529031E-0005
   6.67051241324324756391930194202681746         1.22150908975337888483611958728582253E-0005
   6.64788074357036967154045880842843787         1.48675623547810838911446586923564520E-0005
   6.62518346199841077047279713948101562         1.80782791543326945153285752773506136E-0005
   6.60242079254037671268297341997401355         2.19603495340536840803710210555615673E-0005
   6.57959295985462538754190280938195428         2.66487435485775426331999675590897253E-0005
   6.55670018924264943453063930159849782         3.23042708701812728689381969655343288E-0005
   6.53374270664685260846591630004077464         3.91182257310805459876562602665074647E-0005
   6.51072073864831981919172511436317170         4.73177982580229336453622992637346434E-0005
   6.48763451246458086774573935150405401         5.71723634369545709407212520270373850E-0005
   6.46448425594736790107160642222392745         6.90007717616751246744509587440966080E-0005
   6.44127019758036660741012280065946450         8.31797791707488587241899211055572076E-0005
   6.41799256647696117456408664684501688         1.00153768015915228881852423648656487E-0004
   6.39465159237797303329317932092790438         1.20445925325685561475543973153413026E-0004
   6.37124750564939340815656557537410434         1.44671059248681919807853656772654336E-0004
   6.34778053728010969818202020244309138         1.73550248914048760885294540571531622E-0004
   6.32425091887962570980128603539472459         2.07927536560190797542922209424413232E-0004
   6.30065888267577576455204385224699210         2.48788883069454358124227364549757356E-0004
   6.27700466151243270410732831158729157         2.97283618282146242108370999394755996E-0004
   6.25328848884720981525345496429893193         3.54748624774533578801924817674676698E-0004
   6.22951059874915669749753103864416143         4.22735497131114289428715114349225554E-0004
   6.20567122589644909604540649669383593         5.03040916898183743253571848133915393E-0004
   6.18177060557407272295048121756981975         5.97740474955012688276964250073020940E-0004
   6.15780897367150108929311848954263915         7.09226156357313158252579592323616120E-0004
   6.13378656668036737130952370309789050         8.40247675961677784292046650792290905E-0004
   6.10970362169213033344782964727133153         9.93957814287373508264272860893821367E-0004
   6.08556037639573433138778554070783714         1.17396184987252797093703788327575100E-0003
   6.06135706907526341811887529811519158         1.38437111441622263239609223514974144E-0003
   6.03709393860758957622989096539549056         1.62986060770211798255955819919473438E-0003
   6.01277122446001509962095917833005125         1.91573049801282782347245451393725528E-0003
   5.98838916668790914790676133810867489         2.24797119777876139231780342059195370E-0003
   5.96394800593233849683720138233239691         2.63333154093248079685224910300105528E-0003
   5.93944798341769250811905799474851096         3.07938939540521722741773035410028613E-0003
   5.91488934094930234207921027553805970         3.59462381926475792667620417825951719E-0003
   5.89027232091105443666684672338699022         4.18848761049402659046359360462382485E-0003
   5.86559716626299827634865630003433558         4.87147880736872466550863672431421371E-0003
   5.84086412053894847450735679899413629         5.65520936874247497416697526012662009E-0003
   5.81607342784408119301003916647707522         6.55246890239191972127756600584849951E-0003
   5.79122533285252492266869627027727786         7.57728091747391303818933673113629004E-0003
   5.76632008080494564837096032992936672         8.74494865843448740342644268499816148E-0003
   5.74135791750612642271449425948094798         1.00720871388156847128218121065735881E-0002
   5.71633908932254137203366798578326223         1.15766375431971149916426782693033315E-0002
   5.69126384317992415876210084561582984         1.32778597156141651810971314077984195E-0002
   5.66613242656083092412936489189494023         1.51962980179163654788387620952365844E-0002
   5.64094508750219773524462081266848906         1.73537154397075545340760001506317285E-0002
   5.61570207459289256067419764890593887         1.97729904943207458371085708442329862E-0002
   5.59040363697126179867412905293062608         2.24779711679419259669016965511066114E-0002
   5.56505002432267138229242192573830139         2.54932800303425957323032975368360096E-0002
   5.53964148687704248560935737778107941         2.88440645979769788587726970168938816E-0002
   5.51417827540638185543740854580808460         3.25556871987603020068474301180178295E-0002
   5.48866064122230679285540434214603156         3.66533489604085020032263125365420188E-0002
   5.46308883617356480900437218884633041         4.11616431700539538468577480366610340E-0002
   5.43746311264354797962505567626615535         4.61040341715434187967291515918513184E-0002
   5.41178372354780202286942436511487769         5.15022592167345837344320728713710992E-0002
   5.38605092233153012497057210639431591         5.73756523034668273221730293650848888E-0002
   5.36026496296709153840723677099125036         6.37403910455193417490626961719839231E-0002
   5.33442609995149497725076764833802054         7.06086700505859298339964982746265325E-0002
   5.30853458830388683443371648233612631         7.79878071419089826378241555991135724E-0002
   5.28259068356303424573033365583765186         8.58792920443373639941899317839504565E-0002
   5.25659464178480302529011190800891107         9.42777908452004303117827223484266274E-0002
   5.23054671953963049761613566988381263        0.103170123592426894587272632787945745      
   5.20444717390999325093036413279436855        0.112534236740204050152747542906132647      
   5.17829626248786983691810002501082500        0.122338196701997669705281196672364342      
   5.15209424337219844189377326913166147        0.132539235397565401420259478526965418      
   5.12584137516632955447979873426650324        0.143082883228294254935796467933978428      
   5.09953791697547365493964969302428918        0.153902229194569138842025388372399725      
   5.07318412840414395135542285637052327        0.164917351658525956230849136373941200      
   5.04678026955359418788905650461578775        0.176034966304146760850474780080951467      
   5.02032660101925155041499977766133356        0.187148339877303536200355479816091884      
   4.99382338388814469486051815213340297        0.198137519005134774637835698017501168      
   4.96727087973632692363795703962617769        0.208869922491242114960590407950516411      
   4.94066935062629453560117181385209756        0.219201342656723726554456579191988558      
   4.91401905910440037500596794244847803        0.228977396259526190651067591175019280      
   4.88732026819826260500177879136919338        0.238035458022032741240485919468733964      
   4.86057324141416873122894061853956351        0.246207099628232456243513762492961879      
   4.83377824273447490114280381359841322        0.253321044090560489665335253910920467      
   4.80693553661500050473254610941129966        0.259206629602693224911945480246835516      
   4.78004538798241810234892682842671239        0.263697758477878614025333035364428608      
   4.75310806223163870540134077517661726        0.266637285753732679639862797007535533      
   4.72612382522319243573039569011265571        0.267881778915494273346991792517178481      
   4.69909294328060458950784778684755828        0.267306555518282821887992296504060702      
   4.67201568318776713156108535457973835        0.264810880028510826839338413858476209      
   4.64489231218630564606445027237733086        0.260323175896637563388934103003910699      
   4.61772309797294176958453110696888805        0.253806084839640810125849233929573883      
   4.59050830869685113251114880814089035        0.245261183835342393095961024528234043      
   4.56324821295701683495008643571825789        0.234733152825798480910127809102895873      
   4.53594307979957848319768741187973687        0.222313174092364469250768830736661459      
   4.50859317871517681296126205725206072        0.208141339225777126922464989837038405      
   4.48119877963629392553279920639624811        0.192407843048534614549898129631644651      
   4.45376015293458916316677807805585799        0.175352757098916382836923452582164948      
   4.42627756941823064995591487054300233        0.157264199471911227477466214395402800      
   4.39875130032922252454145833811284976        0.138474753715451444448918898471943618      
   4.37118161734072789103716845790222772        0.119356037445989116337022155306419278      
   4.34356879255438751458837179932869749        0.100311381180590285861016810848837047      
   4.31591309849763428802948594167915652         8.17666487559208473323689790524239191E-0002
   4.28821480812100349614514283645084752         6.41593110835350313904571513562941191E-0002
   4.26047419479543890408151696691005994         4.79259725863440730749592356759170656E-0002
   4.23269153230959469649567810895365513         3.34886414141714088341002818021848747E-0002
   4.20486709486713329407174003793094170         2.12401266462079770305098427215983320E-0002
   4.17700115708401907407326525143305078         1.15290336887099817440103809787612209E-0002
   4.14909399398580802164181128660264578         4.64490796537297245762039353312843142E-0003
   4.12114588100493333859166610327501553         8.04141423365798913231845804897293564E-0004
   4.09315709397798703649071788485070980         1.37300878898134396622700694643048630E-0004
   4.06512790914299754085703808344388947         2.67855652411283947183986384894233775E-0003
   4.03705860313670333334012521338312781         8.35787825038527607574686546394877801E-0003
   4.00894945299182265879486038900949329         1.69966229293883144161803217030650463E-0002
   3.98080073613431932419506352298474973         2.83070548029699726461192831389363056E-0002
   3.95261273038066461637211106667583610         4.18962226516952775355179969692668930E-0002
   3.92438571393509536560238180393060676         5.72744623666780790794635621554026263E-0002
   3.89611996538686818210533612564319410         7.38686050694437917333122299181429922E-0002
   3.86781576370750989255180603949639901         9.10397545100114705674390431772302204E-0002
   3.83947338824806420371957753437062304        0.108105261041856057710790640074455074      
   3.81109311873633462047058345197104958        0.124364273260835089798239968175903020      
   3.78267523527412364526099335173756044        0.139126004696758115379445804762784143      
   3.75422001833446828643218662420259410        0.151739625672278676632314912954238456      
   3.72572774875887190256702595043913893        0.161624494509346711700035059852928730      
   3.69719870775453241023200976153624485        0.168299292809547792907155711703361474      
   3.66863317689156688246177426525329903        0.171408541011612035212684045657797885      
   3.64003143810023256537803752289774584        0.170744955582039837065137073534854030      
   3.61139377366814434037042962647031760        0.166266178003225510001203375740274540      
   3.58272046623748865930173389532128729        0.158104564365688820300815597706437460      
   3.55401179880223398023487383672685805        0.146568974283923338895016891923391906      
   3.52526805470533773121351905236756704        0.132137834975424193449751715651760445      
   3.49648951763594982966244998179018260        0.115443170608495421845000178074295475      
   3.46767647162661278500781601636220225         9.72457622185819907894043359699635598E-0002
   3.43882920105045841215114375747065148         7.84021174832286429890266686895822040E-0002
   3.40994799061840118346440169794921634         5.98244550745854537779438320993992949E-0002
   3.38103312537632824700660404580689772         4.24354137429306308152186707414284717E-0002
   3.35208489070228613869533945683925090         2.71196478158795238900444612859148423E-0002
   3.32310357230366421619923977289000791         1.46748340354022263434156722255540337E-0002
   3.29408945621437484234975915335823859         5.76485702879130506457488768086431067E-0003
   3.26504282879203034590271491968047583         8.78033953639101047328700403345698570E-0004
   3.23596397671511678751184768933260919         2.93161510044004913028948906849916804E-0004
   3.20685318698016455880818964347784099         4.05590825967112906569885928113867852E-0003
   3.17771074689891584251028573953384387         1.19676308345054581792416263788177809E-0002
   3.14853694409548896152129303816057238         2.35880754925096802795273206592859505E-0002
   3.11933206650353964499968775771637993         3.82526611114499738309174101678131668E-0002
   3.09009640236341923942073789505371921         5.51041635929318889719705888826951895E-0002
   3.06083024021932989267605095931244113         7.31376839864458981149248347650532812E-0002
   3.03153386891647673928838125753336618         9.12568421017383671927379234631502277E-0002
   3.00220757759821711484847895260431462        0.108338258814307873579911273889255620      
   2.97285165570320682781008349314683631        0.123300640613399370606717529026718149      
   2.94346639296254351680820670207443958        0.135174223434032501390904674842573529      
   2.91405207939690712169461551906226477        0.143166025895422261759701252912610126      
   2.88460900531369749651291083816810936        0.146716348294161230484779965657720627      
   2.85513746130416919266380678418555852        0.145542259090731637188139085937172441      
   2.82563773824056344053914385159122835        0.139664439871646114229117384910336298      
   2.79611012727323735793081931252096932        0.129414693704874701924505755748222130      
   2.76655491982779041354818891218016781        0.115422616522875603904787704550723883      
   2.73697240760218817400458484132416826         9.85813189942430208539503820445243448E-0002
   2.70736288256388336266040603855924589         7.99935788536531997280627025881167920E-0002
   2.67772663694693425873676776559830603         6.09012966623535867434615507939973717E-0002
   2.64806396324912046513994785440922326         4.26025083118713390191050680377982234E-0002
   2.61837515422905607346283678733617320         2.63613613505682721425243741388787621E-0002
   2.58866050290330025465528758344429662         1.33172838322655440884190569771836591E-0002
   2.55892030254346530388066907299747397         4.39997591702037581786776557611596300E-0003
   2.52915484667332216810105229636490341         2.56774313430627091148529366427250292E-0004
   2.49936442906590348495830421577971798         1.19834996630379903059750077617131639E-0003
   2.46954934374060416154292543303715144         7.16761120300896207220314796623942160E-0003
   2.43970988496027952166674892099899098         1.77351502005024829485852616772196130E-0002
   2.40984634722834105027961466202809068         3.21226828652500443193945779811541930E-0002
   2.37995902528584976369385030536234540         4.92538197264119790105838601782630675E-0002
   2.35004821410860723430382027389190759         6.78293249488008668423274274696134123E-0002
   2.32011420890424429851095493755922641         8.64219457753622799710854419931551089E-0002
   2.29015730510930747658753729718540466        0.103584102818801695011777095159229523      
   2.26017779838634313323510686326210522        0.117960388444722706033960835207756801      
   2.23017598462097940761563884625796253        0.128396065273655899074097398835813260      
   2.20015215991900594165567117819593872        0.134032688217790584691035440809838421      
   2.17010662060345143544528204238974931        0.134382637909787967644063449497998534      
   2.14003966321165905857526628481568910        0.129375737282809456239752267638874725      
   2.10995158449235974627702010498045900        0.119373149699587446599645604294114900      
   2.07984268140274340925051956747517620        0.105146288905668942332533789642416310      
   2.04971325110552808608636953164156849         8.78213179515486957396907706999332334E-0002
   2.01956359096602706720820536269291253         6.87927465099841082602229267608791881E-0002
   1.98939399854921401928175006282002402         4.96124027769125152014031873117785917E-0002
   1.95920477161678613905656404767925985         3.18624063359880588270477609127904330E-0002
   1.92899620812422536562597349743295782         1.70224735588823442107260421353736492E-0002
   1.89876860621785768010982584024186134         6.34276372772167939653300079419162169E-0003
   1.86852226423191052178359729066666753         7.33402953538336960446272729962322973E-0004
   1.83825748068556834969596727951966874         6.80764287941065274977855044149326423E-0004
   1.80797455428002637883527789184265930         6.19858409105669442779276764049000340E-0003
   1.77767378389554251992331289522779387         1.68191931033405926143038132576957439E-0002
   1.74735546858848755193256041382878970         3.16267530342857354580993151085470828E-0002
   1.71701990758839355644056560914781424         4.93306982500995932062140722409940230E-0002
   1.68666740029500064295213469488034514         6.83739120082673996218369920971285213E-0002
   1.65629824627530199433701907044339671         8.70668563100672669241658738069311213E-0002
   1.62591274526058726154728813982692853        0.103736245141118625914670547983732134      
   1.59551119714348433679489132545817237        0.116875175174703101824421997838530948      
   1.56509390197499953438591373005916341        0.125281101152240198665826075205447789      
   1.53466115996155620842374568505644874        0.128168760463267518319718832811237623      
   1.50421327146203183660881389686033121        0.125247094261066899381731997301555845      
   1.47375053698479359937766091000620000        0.116752244396164604536051487869269896      
   1.44327325718473248363900999932647039        0.103432580072829045797540105636463650      
   1.41278173286029594037901423543123873         8.64860877412673735327800598370795520E-0002
   1.38227626495051912542216119510130574         6.74549421918693205155860133526939094E-0002
   1.35175715453205475264828846987280847         4.80862399126312970809534388566077040E-0002
   1.32122470281620158897985962410500116         3.01713059448404967408267589486313678E-0002
   1.29067921114593162046705543301255476         1.53783269612480859220706899000597376E-0002
   1.26012098099291591881135095920740349         5.09405359126523060461408611093806697E-0003
   1.22955031395454923768107517378577922         2.89814675226608237462559452244091444E-0004
   1.19896751175097336818498626832455954         1.42509746474033470486734792573670726E-0003
   1.16837287622209928288214241358808948         8.39862012739098724220394534304005370E-0003
   1.13776670932462809771830437842284650         2.05524431958992921435576872211104488E-0002
   1.10714931312907088129077301022551195         3.67296356385961926445853334369596236E-0002
   1.07652098981676734085494098136558509         5.53808074843659996972004109850952517E-0002
   1.04588204167690341449692431174616161         7.47099549958093102572798333327266340E-0002
   1.01523277110352779890743487688047461         9.28460284407931195528345992287522041E-0002
  0.984573480592567442202560296898146963        0.108023849892178906067444058930237645      
  0.953904472738842031247332171091716906        0.118756788456304673722012847534121206      
  0.923226050233077502947887474157456631        0.123984103075179219828833581204167129      
  0.892538515858918608987660966230129025        0.123178078823733043789658145390975324      
  0.861842172489940563492388594085137271        0.116399827793250889941569071056136569      
  0.831137323086659803117752983280417765        0.104297556569169625736142715683428812      
  0.800424270693543889062262151203514006         8.80467462172930802371516461554051795E-0002
  0.769703318436020580516421422518582383         6.92374909275764203713461309108017450E-0002
  0.738974769517486109067436117789462198         4.97196126944014239340677279273456603E-0002
  0.708238927216312683586568832378943834         3.14205573600913880714423068474514049E-0002
  0.677496094882855255133869948256780109         1.61540168718698873892034700921013300E-0002
  0.646746575936457571422303351132169339         5.43838793635461956469757698014866935E-0003
  0.615990673862457550390301087279248110         3.43418898862079886691249376814690541E-0004
  0.585228692209192002438500819343461475         1.38076066825686380906303561939979772E-0003
  0.554460934585000730892848361977544973         8.44986462005619857786717619840360939E-0003
  0.523687704655230040262384232912342996         2.08451748327527226473102707970981311E-0002
  0.492909306139235681865877982453487361         3.73243913596891129892879724825784835E-0002
  0.462126042807385266407027006724038665         5.62313616955945514712373791275480095E-0002
  0.431338218478060173083197552440103387         7.56615297385641785691454228861628977E-0002
  0.400546137014656984817654631687443786         9.36534234917019290274275859110825426E-0002
  0.369750102322588479209904535019827946        0.108386867709924355585653592300042408      
  0.338950418346284204803158514064682378        0.118367772701090810502576507475168992      
  0.308147389066190672272018957421413690        0.122580581897429627764660338124653805      
  0.277341318495771190137289965578760073        0.120592650617823844699445957847459695      
  0.246532510678505374618322604349513850        0.112599663114342472060789432803912132      
  0.215721269684888363236521247297664868         9.94071862359332136188654968526354091E-0002
  0.184907899609429761786561274072611900         8.23499924269035861924417981650976839E-0002
  0.154092704567652354294499944610130752         6.31571872240918783509701344787869249E-0002
  0.123275988693090605584301492838145843         4.37767807939074978801838477019565865E-0002
   9.24580561342889860763443547495950053E-0002   2.61775624568494421970303986869106108E-0002
   6.16392110518001484432329442731732841E-0002   1.21485263103785792252642008915180911E-0002
   3.08197576151829857496984989692256334E-0002   3.11639911332231743209871443179197759E-0003
   6.00704543221772133721764985001508439E-0016   1.19407682104566486378605455496079638E-0030
  -3.08197576151817843465407667523240301E-0002   3.11639911332207654826293693832366346E-0003
  -6.16392110517989470578612875243762410E-0002   1.21485263103781219648280812350514630E-0002
  -9.24580561342877847206159620682588071E-0002   2.61775624568488150710078792502508935E-0002
 -0.123275988693089404270073260256577903         4.37767807939067646539933590432120732E-0002
 -0.154092704567651153033628358570812600         6.31571872240911135374565968489941872E-0002
 -0.184907899609428560590902294409464588         8.23499924269028674556667489512196086E-0002
 -0.215721269684887162117930190222511937         9.94071862359326138677705388924763590E-0002
 -0.246532510678504173588654025444894610        0.112599663114342052041916725385003973      
 -0.277341318495769989208397542798259369        0.120592650617823646844447604089836759      
 -0.308147389066189471455755374098634816        0.122580581897429671917193810975565152      
 -0.338950418346283004111375341932055055        0.118367772701091091954282988551406474      
 -0.369750102322587278654452117238378322        0.108386867709924845612734106578327207      
 -0.400546137014655784410381965888691542         9.36534234917025778627312810805720155E-0002
 -0.431338218478058972835952173781238655         7.56615297385649204962743613734876747E-0002
 -0.462126042807384066331654870957533072         5.62313616955953115125117954772009045E-0002
 -0.492909306139234481974223349012293308         3.73243913596898145003538675809517263E-0002
 -0.523687704655228840566289548011832783         2.08451748327532950436024177322196733E-0002
 -0.554460934584999531404154141735355149         8.44986462005658441041221236448899509E-0003
 -0.585228692209190803169045532918367835         1.38076066825702447923480810625804347E-0003
 -0.615990673862456351351921040030261700         3.43418898861999433296417997253780279E-0004
 -0.646746575936456372626832567798979711         5.43838793635430615668109588273846344E-0003
 -0.677496094882854056593140056162708080         1.61540168718693723922569548676192673E-0002
 -0.708238927216311485312408944657556981         3.14205573600907228024959822271303713E-0002
 -0.738974769517484911071672716636003462         4.97196126944006744489236336165908535E-0002
 -0.769703318436019382810878242467363678         6.92374909275756608242934201923298142E-0002
 -0.800424270693542691658760062432437315         8.80467462172923854882333545420644191E-0002
 -0.831137323086658606028109874943747227        0.104297556569169063948848693871561391      
 -0.861842172489939366728419257675711898        0.116399827793250515905448945902978950      
 -0.892538515858917412561176978972139151        0.123178078823732893620759630818144779      
 -0.923226050233076306870697082430944676        0.123984103075179307555425501003208128      
 -0.953904472738840835531240173889952788        0.118756788456304990069453873085295574      
 -0.984573480592566246859367929319027964        0.108023849892179419534536416730169815      
  -1.01523277110352660394893969365309743         9.28460284407937796451597709884830625E-0002
  -1.04588204167690221993492007079372585         7.47099549958100525334901971389917936E-0002
  -1.07652098981676614670121752740575990         5.53808074843667521124338752446015701E-0002
  -1.10714931312906968755711615840942474         3.67296356385968825572435833771520361E-0002
  -1.13776670932462690441649579801385083         2.05524431958998532980677489646655632E-0002
  -1.16837287622209809002395951168144471         8.39862012739136605486862168915250716E-0003
  -1.19896751175097217578220207360917706         1.42509746474049525948741087109235188E-0003
  -1.22955031395454804574545822034918227         2.89814675226535532746465056997538730E-0004
  -1.26012098099291472735466517038504679         5.09405359126493177193396464844008875E-0003
  -1.29067921114593042950106000528264914         1.53783269612475893317147051132776772E-0002
  -1.32122470281620039851630891102999879         3.01713059448398491176577940584843925E-0002
  -1.35175715453205356269893186608866683         4.80862399126305589367168374351370954E-0002
  -1.38227626495051793599874302035571458         6.74549421918685603576063004909422482E-0002
  -1.41278173286029475149327361867192309         8.64860877412666614138453003373411193E-0002
  -1.44327325718473129530268076284072666        0.103432580072828446820780664460493824      
  -1.47375053698479241160247145361280821        0.116752244396164172918608705132675913      
  -1.50421327146203064940648708215498295        0.125247094261066673614734748486593201      
  -1.53466115996155502180599871971183450        0.128168760463267517847538097691159971      
  -1.56509390197499834836445805218087009        0.125281101152240422357033433464883434      
  -1.59551119714348315138143248799750671        0.116875175174703528335554026160877636      
  -1.62591274526058607675352569505184250        0.103736245141119215872397467018572094      
  -1.65629824627530081017464645446862795         8.70668563100679666881407867618687372E-0002
  -1.68666740029499945943283911225792378         6.83739120082681462539580427709072597E-0002
  -1.71701990758839237357602791751907138         4.93306982501003201738084999479535344E-0002
  -1.74735546858848636973445500863900946         3.16267530342863785461842743126147403E-0002
  -1.77767378389554133840330759450464182         1.68191931033410955186278851564831389E-0002
  -1.80797455428002519800503382103952883         6.19858409105701354426015965663474463E-0003
  -1.83825748068556716956713875642508757         6.80764287941173286518863007963211056E-0004
  -1.86852226423190934236783171038087427         7.33402953538224940135923872190668027E-0004
  -1.89876860621785650141876356022172668         6.34276372772135728400149596061108788E-0003
  -1.92899620812422418767124772260635285         1.70224735588818396645783137126456676E-0002
  -1.95920477161678496184980071563002083         3.18624063359874145959886846214175227E-0002
  -1.98939399854921284283456772904464103         4.96124027769117852790474742663507473E-0002
  -2.01956359096602589153221508593007915         6.87927465099833531832879526595254867E-0002
  -2.04971325110552691119317475927571528         8.78213179515479774494573953263509700E-0002
  -2.07984268140274223515171602101513918        0.105146288905668319041500776485181049      
  -2.10995158449235857298419566561437661        0.119373149699586968089071288182210367      
  -2.14003966321165788610000087904330283        0.129375737282809159962449160945849221      
  -2.17010662060345026379914752773319991        0.134382637909787875926402410696831731      
  -2.20015215991900477085023122899020610        0.134032688217790703226794817399823984      
  -2.23017598462097823766244883952206725        0.128396065273656216790053517398587183      
  -2.26017779838634196414571376465220322        0.117960388444723196292888748945545328      
  -2.29015730510930630837347954703089532        0.103584102818802318012309604607728972      
  -2.32011420890424313118376233698301069         8.64219457753629861139502564356809642E-0002
  -2.35004821410860606787501387101590284         6.78293249488016007653053268129187163E-0002
  -2.37995902528584859817494228159938620         4.92538197264126839543139632705154107E-0002
  -2.40984634722833988568210821846135357         3.21226828652506664746536712618963813E-0002
  -2.43970988496027835800213816485003933         1.77351502005029754522095075391639416E-0002
  -2.46954934374060299882269526422374060         7.16761120300928836050977065584671726E-0003
  -2.49936442906590232319393021356446695         1.19834996630393532127952951652173442E-0003
  -2.52915484667332100730400060609596200         2.56774313430563841114902136521054412E-0004
  -2.55892030254346414406239629294229561         4.39997591702011808859903419429073832E-0003
  -2.58866050290329909582724065171764421         1.33172838322651108351724344963703500E-0002
  -2.61837515422905491563645286892345273         2.63613613505676945226300468496839649E-0002
  -2.64806396324911930832665422828628876         4.26025083118706578820232109312026713E-0002
  -2.67772663694693310294798171194882603         6.09012966623528495168598367044900862E-0002
  -2.70736288256388220790753472609076216         7.99935788536524569470821731992765973E-0002
  -2.73697240760218702029902521468394015         9.85813189942423225938232563181072908E-0002
  -2.76655491982778926090132757947193293        0.115422616522874996370407572547283324      
  -2.79611012727323620635403243292371691        0.129414693704874224426213957217599390      
  -2.82563773824056229004379702308110736        0.139664439871645796734826829489488621      
  -2.85513746130416804326125493136200199        0.145542259090731498591799697674906725      
  -2.88460900531369634821449810018532258        0.146716348294161277674436972766646727      
  -2.91405207939690597451167513766714838        0.143166025895422489509491450377284619      
  -2.94346639296254237075206090975206821        0.135174223434032893044562128573546904      
  -2.97285165570320568289204340137459740        0.123300640613399899469311888127405767      
  -3.00220757759821597107984444021580133        0.108338258814308504892687553854097663      
  -3.03153386891647559668044085919313883         9.12568421017390605352540289058935501E-0002
  -3.06083024021932875124008175410274134         7.31376839864466100604215671639972655E-0002
  -3.09009640236341809916800539517426352         5.51041635929325758163290003530384848E-0002
  -3.11933206650353850594144579729828943         3.82526611114505942220405697131443674E-0002
  -3.14853694409548782366878366219558074         2.35880754925101975911437798010026157E-0002
  -3.17771074689891470587473909291985012         1.19676308345058424989848760362703604E-0002
  -3.20685318698016342340082386018191390         4.05590825967135869948506435561632721E-0003
  -3.23596397671511565334386878167253189         2.93161510044067343645118816689123469E-0004
  -3.26504282879202921298531666772593040         8.78033953638993322157356818810190978E-0004
  -3.29408945621437371069412299445271366         5.76485702879103362308749261219938085E-0003
  -3.32310357230366308581653469129453252         1.46748340354018063273449478710134150E-0002
  -3.35208489070228500959672187349901886         2.71196478158789780062940736763228697E-0002
  -3.38103312537632711920321770824190339         4.24354137429299878423741391237747094E-0002
  -3.40994799061840005696737757026996568         5.98244550745847468210135248490590803E-0002
  -3.43882920105045728697159991052003730         7.84021174832279075935757197367118268E-0002
  -3.46767647162661166115685751798463567         9.72457622185812630258218863284563465E-0002
  -3.49648951763594870715116878722905578        0.115443170608494736466934127187407562      
  -3.52526805470533661005299389479213145        0.132137834975423582218740366384444710      
  -3.55401179880223286043617011788960530        0.146568974283922829147245665154484871      
  -3.58272046623748754087590357634689912        0.158104564365688433813050216558985984      
  -3.61139377366814322332851111877726541        0.166266178003225262192643891059279260      
  -3.64003143810023144973105557925363451        0.170744955582039736551485154609411876      
  -3.66863317689156576822073987096500544        0.171408541011612083709273944227006114      
  -3.69719870775453129740792002577593653        0.168299292809547985460537789920598210      
  -3.72572774875887079117086399770724789        0.161624494509347037212670206559734960      
  -3.75422001833446717647492148592881205        0.151739625672279118633550958603065959      
  -3.78267523527412253675357985802092425        0.139126004696758652987976261091988443      
  -3.81109311873633351342396212346019870        0.124364273260835698816838073308612192      
  -3.83947338824806309814467447428526526        0.108105261041856711793113737020218344      
  -3.86781576370750878845953282579109399         9.10397545100121423987883007005406810E-0002
  -3.89611996538686707950658970331447770         7.38686050694444541719607974055675122E-0002
  -3.92438571393509426450804437746854550         5.72744623666787062119955604558357647E-0002
  -3.95261273038066351679304999266106173         4.18962226516958456079681899600069686E-0002
  -3.98080073613431822614213120283203703         2.83070548029704608419774830618413878E-0002
  -4.00894945299182156227889416185893885         1.69966229293887054619591575508202176E-0002
  -4.03705860313670223837194724913999206         8.35787825038555666429231497277515184E-0003
  -4.06512790914299644744745527596814059         2.67855652411300050244951418601375007E-0003
  -4.09315709397798594465052174529735355         1.37300878898171038972057597158932906E-0004
  -4.12114588100493224833163265358622738         8.04141423365710508832495533896077877E-0004
  -4.14909399398580693297270095315279173         4.64490796537276227787797648672520920E-0003
  -4.17700115708401798700582275882762477         1.15290336887096566278375332861038103E-0002
  -4.20486709486713220861669430296046171         2.12401266462075469268831518622768046E-0002
  -4.23269153230959361266374213470359889         3.34886414141708862760041775223671408E-0002
  -4.26047419479543782188338773702783641         4.79259725863434726109629439850150278E-0002
  -4.28821480812100241559150120957090029         6.41593110835343689988942743876464310E-0002
  -4.31591309849763320913099654600718597         8.17666487559201398409308973305238608E-0002
  -4.34356879255438643735568292738610032        0.100311381180589550391742304509809742      
  -4.37118161734072681548091196143173682        0.119356037445988369793378905505667685      
  -4.39875130032922145067224952314645908        0.138474753715450703058131060757085756      
  -4.42627756941822957778435239263317981        0.157264199471910506397631621495894327      
  -4.45376015293458809270344383767108654        0.175352757098915695834945998877413149      
  -4.48119877963629285678825824448195310        0.192407843048533973752969541775931531      
  -4.50859317871517574594606245095790781        0.208141339225776542642869774024583154      
  -4.53594307979957741792236017045437941        0.222313174092363949881231018522706302      
  -4.56324821295701577142514539657251691        0.234733152825798032884813821865471379      
  -4.59050830869685007074709053308043412        0.245261183835342020910618918883742335      
  -4.61772309797294070959183477859740495        0.253806084839640516409397206296726238      
  -4.64489231218630458785357759067121249        0.260323175896637349018087739221169790      
  -4.67201568318776607514248043363534523        0.264810880028510691087549069388323336      
  -4.69909294328060353489193705180201334        0.267306555518282762600009570822852058      
  -4.72612382522319138292758777423924958        0.267881778915494287130705704189548086      
  -4.75310806223163765442202641715578900        0.266637285753732762067666926354729292      
  -4.78004538798241705320347876979366341        0.263697758477878759838019207818873978      
  -4.80693553661499945743131899218121305        0.259206629602693428219036404568956911      
  -4.83377824273447385569613407807032549        0.253321044090560744136731088212309054      
  -4.86057324141416768764714640127987388        0.246207099628232755288324818386984277      
  -4.88732026819826156329515982337580841        0.238035458022033078169906336287868185      
  -4.91401905910439933518480544749663844        0.228977396259526558823080767028952548      
  -4.94066935062629349767572840702284102        0.219201342656724119499026719968318263      
  -4.96727087973632588761847662601847904        0.208869922491242526484767132778023612      
  -4.99382338388814366075722582576095570        0.198137519005135198910868200420307699      
  -5.02032660101925051823810172053501558        0.187148339877303967819473174651764617      
  -5.04678026955359315764873988601274665        0.176034966304147194888441648375230625      
  -5.07318412840414292306185573229094353        0.164917351658526388266742312744677332      
  -5.09953791697547262860298090583678023        0.153902229194569564976931448499148237      
  -5.12584137516632853011015781254311625        0.143082883228294671795270366983206194      
  -5.15209424337219741950127032767354304        0.132539235397565806145461838308424189      
  -5.17829626248786881651282566506545399        0.122338196701998059934711269233945266      
  -5.20444717390999223252238934246540427        0.112534236740204423996433660340877188      
  -5.23054671953962948121551172473450147        0.103170123592427250595181083046001746      
  -5.25659464178480201090687027186005965         9.42777908452007674380709845331098877E-0002
  -5.28259068356303323337448588176112839         8.58792920443376815587713923933372844E-0002
  -5.30853458830388582411525411384486916         7.79878071419092802865380442473760064E-0002
  -5.33442609995149396897966212077354635         7.06086700505862074984968398357069309E-0002
  -5.36026496296709053219343931310960146         6.37403910455195996073603112846327731E-0002
  -5.38605092233152912082401364215145859         5.73756523034670657605904904623257792E-0002
  -5.41178372354780102080001541565248653         5.15022592167348033115672831518157619E-0002
  -5.43746311264354697964268626209877825         4.61040341715436202098719739221871788E-0002
  -5.46308883617356381111891173225086785         4.11616431700541379011679664402995951E-0002
  -5.48866064122230579707670156975453171         3.66533489604086695838613680268629322E-0002
  -5.51417827540638086177529139140478790         3.25556871987604540541252880450837318E-0002
  -5.53964148687704149407363288530467257         2.88440645979771163463687083098307260E-0002
  -5.56505002432267039289287615249036063         2.54932800303427196484093553144362615E-0002
  -5.59040363697126081142052697299117566         2.24779711679420372982203380515701755E-0002
  -5.61570207459289157557628305675710868         1.97729904943208455555126484869448754E-0002
  -5.64094508750219675231211622702718103         1.73537154397076435857346968583919654E-0002
  -5.66613242656082994337197145975551437         1.51962980179164447755915243038553558E-0002
  -5.69126384317992318018949824650367953         1.32778597156142355938469926290224753E-0002
  -5.71633908932254039565551433622029968         1.15766375431971773455379389450105736E-0002
  -5.74135791750612544854042601766388789         1.00720871388157397839986990429432393E-0002
  -5.76632008080494467641059220062177364         8.74494865843453591709387316962673947E-0003
  -5.79122533285252395293162110991631612         7.57728091747395566784906581224750539E-0003
  -5.81607342784408022550582788849587758         6.55246890239195708888774621880396850E-0003
  -5.84086412053894750924555827936076956         5.65520936874250765107359458239234930E-0003
  -5.86559716626299731333879728300823148         4.87147880736875317398665158642911433E-0003
  -5.89027232091105347591843172749384216         4.18848761049405140572720274900198918E-0003
  -5.91488934094930138360172149976404680         3.59462381926477947923510469480246195E-0003
  -5.93944798341769155192195522495483460         3.07938939540523590567296195417983725E-0003
  -5.96394800593233754292992189789101024         2.63333154093249694984107066039737887E-0003
  -5.98838916668790819629871981876014078         2.24797119777877533253174939710237592E-0003
  -6.01277122446001415032154761126445822         1.91573049801283982968615581989407243E-0003
  -6.03709393860758862924847855255732673         1.62986060770212830262001284284377186E-0003
  -6.06135706907526247346480836373311092         1.38437111441623148593281740145062824E-0003
  -6.08556037639573338907038743905020410         1.17396184987253555196294884320207112E-0003
  -6.10970362169212939347640067062848609         9.93957814287379987645268157429389519E-0004
  -6.13378656668036643369334098999201813         8.40247675961683312070208609516077912E-0004
  -6.15780897367150015404143593316614845         7.09226156357317865813714939089758524E-0004
  -6.18177060557407179007252937445316617         5.97740474955016690358011368915801722E-0004
  -6.20567122589644816555039249560364281         5.03040916898187139789293257765878968E-0004
  -6.22951059874915576939463848971258742         4.22735497131117167240180837272230021E-0004
  -6.25328848884720888955184386838513766         3.54748624774536013131676663981095960E-0004
  -6.27700466151243178081613496987193762         2.97283618282148298008936781362976480E-0004
  -6.30065888267577484368038077606062274         2.48788883069456091707918694163104307E-0004
  -6.32425091887962479135824185628097240         2.07927536560192257101683376975920864E-0004
  -6.34778053728010878217665958245755024         1.73550248914049987889848596750503779E-0004
  -6.37124750564939249459792911761976441         1.44671059248682949795582587106826930E-0004
  -6.39465159237797212219028348032806731         1.20445925325686424836502004119055955E-0004
  -6.41799256647696026592592364115450478         1.00153768015915951552096450465841364E-0004
  -6.44127019758036570124566052171508031         8.31797791707494627952628403204106129E-0005
  -6.46448425594736699738978834743496932         6.90007717616756289274095466223392826E-0005
  -6.48763451246457996655548445558381364         5.71723634369549913125911713563392604E-0005
  -6.51072073864831892050192778130224468         4.73177982580232836353543015080267613E-0005
  -6.53374270664685171228544623532308964         3.91182257310808370099102222898962423E-0005
  -6.55670018924264854086834144466090349         3.23042708701815145579915506945139801E-0005
  -6.57959295985462449640659724631823127         2.66487435485777431078169152211789821E-0005
  -6.60242079254037582408345529648419381         2.19603495340538501708281091002663211E-0005
  -6.62518346199840988441783657406683708         1.80782791543328319587375262845692877E-0005
  -6.64788074357036878803880080583582658         1.48675623547811974989094551982541798E-0005
  -6.67051241324324668297966630693620612         1.22150908975338826494161221010004852E-0005
  -6.69307824765160067260805979890437074         1.00262195546584613137836052676785430E-0005
  -6.71557802407975534237102881927202766         8.22186834636273317945941698785542443E-0006
  -6.73801152046400087359742775195053797         6.73605717202347928996705085008097555E-0006
  -6.76037851539478472266308166328764684         5.51381259956143135607585966269658228E-0006
  -6.78267878811889684388773940030343889         4.50939415394719870404925286174293615E-0006
  -6.80491211854164843459654816835160000         3.68479422465405498581077149172643093E-0006
  -6.82707828722904418084271542641684901         3.00847174721060031575150786282071196E-0006
  -6.84917707540994798235216978845160034         2.45428516170193065238712411156373883E-0006
  -6.87120826497824213531539006547991265         2.00059486852594953617771265806310907E-0006
  -6.89317163849497995171613999047350402         1.62950954602185439673874105359274769E-0006
  -6.91506697919053179395162489896808065         1.32625432128200327715977599121709757E-0006
  -6.93689407096672450356357505369925984         1.07864194761233428529796858629091111E-0006
  -6.95865269839897420296495775978607297         8.76630889728282729733230806763062192E-0007
  -6.98034264673841244911242627470385154         7.11956597418591713510019279612244627E-0007
  -7.00196370191400571814022712893825518         5.77824302978839698604896648169924697E-0007
  -7.02351565053466820003710819121768169         4.68653446391338707655495946157175270E-0007
  -7.04499827989136788251379698695926414         3.79865350513643687859228159938173500E-0007
  -7.06641137795922590327485175837168898         3.07707068384258470353960378280857038E-0007
  -7.08775473339960914997512588584420077         2.49105434731468020319917207888231713E-0007
  -7.10902813556221608720772891709712691         2.01546299281947423041851580979955896E-0007
  -7.13023137448715578993721391533981700         1.62974722977871257430923804396488617E-0007
  -7.15136424090702016285877048062911768         1.31712599501794100605452642905640397E-0007
  -7.17242652624894932523145495799246466         1.06390740908732298964932248009758436E-0007
  -7.19341802263669014080094335792300801         8.58929527994970891663847166928413734E-0008
  -7.21433852289264787249494771382556060         6.93100344868213646254867120633108435E-0008
  -7.23518782053993094164229231916261640         5.59019843950016256175747725789735188E-0008
  -7.25596570980438877153470185471014009         4.50669803256917496192771025035726364E-0008
  -7.27667198561664269521860816180272039         3.63159466761684683213586532721611475E-0008
  -7.29730644361410990747273566708008946         2.92517234681559284023509084817084876E-0008
  -7.31786888014302044099587654243576040         2.35520213417590608804122758261359273E-0008
  -7.33835909226042714689811491305576682         1.89554877843797989597347757324928583E-0008
  -7.35877687773620865965780412711624191         1.52503273027181676259636656217955999E-0008
  -7.37912203505506532677584159144026796         1.22650158293583148829178834218182223E-0008
  -7.39939436341850808342822127482069993         9.86073061995504010338886973247023923E-0009
  -7.41959366274684025248747399949579645         7.92518397597690110564260472770731852E-0009
  -7.43971973368113225035342939419780500         6.36760462501525259909667439623818673E-0009
  -7.45977237758518917910375018014924125         5.11465644335114784319380899988082436E-0009
  -7.47975139654751128554489861331982837         4.10712204004462800363571466973206780E-0009
  -7.49965659338324726781459571924276681         3.29720990063329898731656266285401481E-0009
  -7.51948777163614041025742573589504156         2.64636945075293564153188603067043144E-0009
  -7.53924473558046752736602022885979972         2.12351949642802625992375883304564682E-0009
  -7.55892729022297069765122796262001308         1.70361282065040145509566877649146879E-0009
  -7.57853524130478176837583710191959453         1.36647392416210448119662264150542625E-0009
  -7.59806839530333961215776497534637447         1.09585853936823403140538406779027778E-0009
  -7.61752655943430011652016675545768496         8.78693073831610488926225287855396762E-0010
  -7.63690954165343888753763728985164421         7.04459929572160743822457421042367220E-0010
  -7.65621715065854664879958924770947542         5.64701007043939112908397898246824002E-0010
  -7.67544919589131731698398501678405495         4.52616894649430010389815992642145390E-0010
  -7.69460548753922873540687868504656509         3.62743477417847368827078712002790082E-0010
  -7.71368583653741604698568725586230333         2.90691146124125495098198062458778338E-0010
  -7.73269005457053768812675626047046271         2.32934593832909473011662128878977256E-0010
  -7.75161795407463398512061342970346227         1.86643468214119451080123103079744461E-0010
  -7.77046934823897833470131434951189613         1.49546001468093083126815294655562299E-0010
  -7.78924405100792095049947533137920134         1.19819244374403776921972094839675023E-0010
  -7.80794187708272515719196035674713054         9.60007515491755581163285794019430570E-0011
  -7.82656264192339621422474017998095055         7.69175543720309632914350615022501153E-0011
  -7.84510616175050265105917177126063795         6.16290594443352523253498421281434477E-0011
  -7.86357225354699009596585452140540409         4.93811591315843066627576223532567136E-0011
  -7.88196073505998758046430528557869128         3.95693654742720768298833209436461402E-0011
  -7.90027142480260630158095668088428082         3.17092029385393533512979097363867338E-0011
  -7.91850414205573082417242134111161408         2.54124381736342602059228510759779362E-0011
  -7.93665870686980270563557833564436873         2.03680016381291838236999910749252603E-0011
  -7.95473494006659652540082594240537406         1.63266792341214828268447901074057950E-0011
  -7.97273266324098830167980668854589679         1.30888321615500666324998849236637518E-0011
  -7.99065169876271627801404529755642379         1.04945483564538664801779011120241662E-0011
  -8.00849186977813406224624716602960764         8.41574582021432030482944313367942468E-0012
  -8.02625300021195610061148349419483015         6.74984231762763519119589836105027841E-0012
  -8.04393491476899546972113846662516918         5.41468171914296400643540900276606565E-0012
  -8.06153743893589396928831317656410335         4.34446824430339934576725912241989892E-0012
  -8.07906039898284449851936956082464591         3.48650890440331618839428168489752890E-0012
  -8.09650362196530569917245471220183073         2.79860386469260459613811195471012732E-0012
  -8.11386693572570884836017081117024088         2.24695612441059093140698733721280235E-0012
  -8.13115016889515698425004781501611539         1.80449735850992295544048486005640426E-0012
  -8.14835315089511624789313420553443265         1.44954719717166447439673874969247022E-0012
  -8.16547571193909942448784476941979087         1.16473962043753120569314478909535940E-0012
  -8.18251768303434166746319281027776948         9.36163306656355423745067566185059102E-0013
  -8.19947889598346838884268660793546349         7.52673331850478526574962000198944380E-0013
  -8.21635918338615529942748558797345927         6.05340085014144907475121802576506470E-0013
  -8.23315837864078058241488977906190406         4.87008053914944636471967648990984436E-0013
  -8.24987631594606918414587595308321859         3.91942578521505283014707978124545246E-0013
  -8.26651283030272920575319459688942900         3.15547030989548274352046160858029826E-0013
  -8.28306775751508037955950278701126011         2.54136376089214647754599876332370876E-0013
  -8.29954093419267461415312836026611306         2.04755865796382918291742868526010782E-0013
  -8.31593219775190859214733972298670330         1.65035864362377510058423801977814275E-0013
  -8.33224138641762840470743244693013824         1.33075596147162052255458479400797266E-0013
  -8.34846833922472620700853768668849680         1.07350046595333531210229917419893577E-0013
  -8.36461289601972887886580764591712604         8.66353981215506978201870625034542850E-0014
  -8.38067489746237867485753904069287766         6.99493044119871222524925411054107677E-0014
  -8.39665418502720584834085597904388902         5.65030444762550003090570070193815619E-0014
  -8.41255060100509323383878811586054759         4.56631883497132487094361529282718416E-0014
  -8.42836398850483277235694757018892323         3.69208790117301421195924598974243717E-0014
  -8.44409419145467396426752812399746542         2.98672133708886110156803272931119746E-0014
  -8.45974105460386423447802187306371882         2.41735079090830217118679662327012357E-0014
  -8.47530442352418119468187098532401607         1.95754768551407825638538763759692311E-0014
  -8.49078414461145678756824475204904496         1.58605446497583931498000251384881156E-0014
  -8.50618006508709329794825390325599019         1.28576696328512450005565955722910702E-0014
  -8.52149203299957121583518441007345551         1.04291800681984324073867419789557495E-0014
  -8.53671989722594893659675092110374022         8.46422300994230286034835152075588984E-0015
  -8.55186350747335428337793478348601421         6.87350606566933231166463359700686788E-0015
  -8.56692271428046783707368248721103119         5.58507578599607951337784976817536067E-0015
  -8.58189736901899805921159654668988269         4.54092738295303010759954994415654915E-0015
  -8.59678732389514819318575149861747103         3.69428128700842899134749650760030045E-0015
  -8.61159243195107492936391205035274714         3.00739472588745490790516803006514186E-0015
  -8.62631254706633881967171765749954548         2.44980267200450450728139554171079167E-0015
  -8.64094752395934642733882714084241096         1.99690345910065148557390439251850836E-0015
  -8.65549721818878419757358756759607223         1.62882115246521488198582028454742697E-0015
  -8.66996148615504403501450271499634075         1.32949020293635527045885742636156824E-0015
  -8.68434018510164057388862719913876030         1.08591868843889493714224906748294096E-0015
  -8.69863317311662012688900198082499951         8.87595080816460508164411203070285916E-0016
  -8.71284030913396129886537464380171840         7.26010396420941028827501197721788656E-0016
  -8.72696145293496725150471276860476981         5.94273137477120453134179976875672264E-0016
  -8.74099646514964960526042008533208201         4.86798880683969438504623719420961943E-0016
  -8.75494520725810396487170206779281639         3.99059938403184553445568469910882590E-0016
  -8.76880754159187705489719941501190031         3.27383381086855248040803709405550318E-0016
  -8.78258333133532545176981363807084735         2.68788007399024336032889768512977411E-0016
  -8.79627244052696589896258791347786626         2.20852692971358990387761243992545525E-0016
  -8.80987473406081719193857766010946226         1.81610029747957537231473510945729711E-0016
  -8.82339007768773361964084812537106726         1.49460357390012162399140551838801504E-0016
  -8.83681833801672994936206980640818887         1.23102243890857490540130163708933055E-0016
  -8.85015938251629794191664596149299886         1.01476240604420581952935054843457049E-0016
  -8.86341307951571438412189896136448417         8.37193543522947335388971689510997892E-0017
  -8.87657929820634062567856296528859728         6.91281758390156127091376404139051257E-0017
  -8.88965790864291360762467855563865784         5.71290030814149974581110423381953005E-0017
  -8.90264878174482836962095970032819179         4.72536200434183778460606701443714157E-0017
  -8.91555178929741202340980390566156305         3.91196494836721113114353312472745143E-0017
  -8.92836680395318917987434184306443695         3.24146074651855902785882941868857755E-0017
  -8.94109369923313881720827225044521076         2.68829549133236445123268020153063182E-0017
  -8.95373234952794257779170069012458073         2.23155769656992702783935110452458173E-0017
  -8.96628263009922448145279595664090836         1.85412299997967087828172121547188696E-0017
  -8.97874441708078204287979473437368777         1.54195842653388672774171924045418952E-0017
  -8.99111758747980878103272267070521907         1.28355610984282497547963274787598725E-0017
  -9.00340201917810810848915751804932539         1.06947210575200664742907936606757254E-0017
  -9.01559759093329858874343656901931333         8.91950565463511172164214797593468397E-0018
  -9.02770418238001054956390542361395939         7.44617279670480129040009441928859933E-0018
  -9.03972167403107404059811734473195084         6.22229632206434207364547581285706540E-0018
  -9.05164994727869812350132123658426936         5.20472450103459306226853746821186441E-0018
  -9.06348888439564148294912077651353432         4.35791218286339260124754532830331350E-0018
  -9.07523836853637434698084660005914198         3.65255731288569774290218040187251843E-0018
  -9.08689828373823170520595683640407999         3.06448553811053745371056513275012552E-0018
  -9.09846851492255781349166787005471437         2.57373715075883670355595442014446992E-0018
  -9.10994894789584197383601611707259779         2.16381915883549156640497143294045587E-0018
  -9.12133946935084557821666200162316765         1.82109220095814408290110584151358411E-0018
  -9.13263996686772040529196835115493951         1.53426764646226095925710998035913742E-0018
  -9.14385032891511815891721624520798702         1.29399478929787937408708911006759483E-0018
  -9.15497044485129123752526110162145985         1.09252175587128513958189566185598189E-0018
  -9.16600020492518472350747961164156702         9.23416764819467782062642528476603998E-0019
  -9.17693950027751958181751318793151121         7.81338831815615195644542942540930755E-0019
  -9.18778822294186705710707501150286216         6.61849010965171187171338484252813435E-0019
  -9.19854626584571425878995469882388948         5.61254892046237735676413875423978722E-0019
  -9.20921352281152092351732620147245024         4.76482399342921505935004681295604253E-0019
  -9.21978988855776734463453993931508238         4.04970019495984862364021598319152469E-0019
  -9.23027525869999345827675849491062704         3.44581468368058903020368266481710871E-0019
  -9.24066952975182907584807560124150005         2.93533527478949274118377064402873854E-0019
  -9.25097259912601525271613977554600686         2.50336369214600590549328462319991772E-0019
  -9.26118436513541678304178592653966149         2.13744171199679858702263997730381997E-0019
  -9.27130472699402581075075972726058555         1.82714213814562427931830651751546474E-0019
  -9.28133358481795654674229963675990120         1.56372976984032377746174847632192080E-0019
  -9.29127083962643108251711930551559921         1.33988016205621621137744101251027415E-0019
  -9.30111639334275629049520784544571397         1.14944614013704663032744562002119388E-0019
  -9.31087014879529180138183621844537496         9.87263803997451231636479325735388427E-0020
  -9.32053200971840904902822392923655120         8.48991212255035470132062235257371763E-0020
  -9.33010188075344137332148042982384572         7.30974131600674078022701856374120553E-0020
  -9.33957966744962517172668928388862065         6.30134218630191719620725162490356247E-0020
  -9.34896527626503209019234932899937123         5.43875808775447438893841023670817850E-0020
  -9.35825861456749224421882494062741381         4.70008151354912707550002141707991513E-0020
  -9.36745959063550846097798617178728742         4.06680476829685252344800258716683388E-0020
  -9.37656811365916153346083814192908772         3.52327733130463764310907746898814875E-0020
  -9.38558409374100647771864670386477814         3.05625199622343603527194657429951162E-0020
  -9.39450744189695978435186325250436326         2.65450493986836253009192018427422832E-0020
  -9.40333807005717765549003467763085223         2.30851740567576939521811860612863432E-0020
  -9.41207589106692521859485402761516390         2.01020878011051405355164733788438024E-0020
  -9.42072081868743670850756256376942425         1.75271257099373572814849231968567993E-0020
  -9.42927276759676660925105366702155920         1.53018822891044044733716456906109593E-0020
  -9.43773165339063174718625262999223287         1.33766293891936910470288284716431436E-0020
  -9.44609739258324432721165284776599124         1.17089849274676009100257667260404547E-0020
  -9.45436990260813590378427742825358119         1.02627916688505489992264106982742604E-0020
  -9.46254910181897227862980489581270878         9.00717208659434296490315638048061386E-0021
  -9.47063490949035931709914757670128408         7.91573094353515050720086941707769100E-0021
  -9.47862724581863967521840054815836486         6.96588190666669759918969466871057841E-0021
  -9.48652603192268042956878681983907005         6.13827839410134386093861953220309039E-0021
  -9.49433118984465160222300981159084068         5.41633208889690811010126765161941215E-0021
  -9.50204264255079557305428630900386965         4.78580524978487051946724063747574953E-0021
  -9.50966031393218737182427103089588641         4.23446519635072065999247957490230058E-0021
  -9.51718412880548584254609684324888768         3.75179122161026038771863845039622385E-0021
  -9.52461401291367567270884161371252647         3.32872575102440386408952051459643921E-0021
  -9.53194989292680028003989283050313563         2.95746287582902026808477326322279406E-0021
  -9.53919169644268554957191351951529581         2.63126848324339057492500298088109906E-0021
  -9.54633935198765441387141679316648718         2.34432712241870741944939382136710339E-0021
  -9.55339278901723226937633066265297562         2.09161151257211010617606949100463140E-0021
  -9.56035193791684322188037864994877512         1.86877124326727995141362904832991634E-0021
  -9.56721673000249715429261435438426622         1.67203775673218401156985452306356296E-0021
  -9.57398709752146760989102856767423370         1.49814315548344933454351202911587196E-0021
  -9.58066297365296048437979489683384940         1.34425075953361890863039365573419458E-0021
  -9.58724429250877352015043325187312256         1.20789565790166921821625525443769605E-0021
  -9.59373098913394659623794908919035010         1.08693376887214657688985128204174903E-0021
  -9.60012299950740280755384907624626645         9.79498150664936970860456200716313177E-0022
  -9.60642026054258032706883996181089518         8.83961495740058696566598146988984275E-0022
  -9.61262271008805504470898600162808619         7.98903903595650705429249675320433862E-0022
  -9.61873028692815397682013040391545661         7.23085163409186098769559329204599890E-0022
  -9.62474293078355944014647702427915706         6.55420893226498504714237515696617414E-0022
  -9.63066058231190398436037905634479963         5.94961979973341428473091784938816400E-0022
  -9.63648318310835607727159083306903968         5.40876847159206951899051244882537552E-0022
  -9.64221067570619653693550617410102520         4.92436147118636798301091847967470562E-0022
  -9.64784300357738570497123108593775476         4.48999533967975208026804512563326122E-0022
  -9.65338011113312135549171914262748492         4.10004223805439551524612733474740043E-0022
  -9.65882194372438733413963364353199934         3.74955091444614109669299654865382435E-0022
  -9.66416844764249292181409075872747574         3.43416089319357574310848176369416842E-0022
  -9.66941957011960291776498142903463474         3.15002805119264484960336987778144248E-0022
  -9.67457525932925843682316588292361392         2.89376001041138958575689819791353782E-0022
  -9.67963546438688841562648236262130502         2.66235999974709258079443883412918992E-0022
  -9.68460013535031182279321011213247657         2.45317803071659648161199194220921490E-0022
  -9.68946922322023056808637496554425785         2.26386839475479565428314039480380160E-0022
  -9.69424267994071310570408307939774535         2.09235262937670024350514567461233845E-0022
  -9.69892045839966872692291357207940812         1.93678721970372614100148036964251056E-0022
  -9.70350251242931253741329315963336122         1.79553540388491597020796876868464691E-0022
  -9.70798879680662111463771440418314430         1.66714253831618870160095178043063074E-0022
  -9.71237926725377884083464301088250046         1.55031455344306763602834114423924041E-0022
  -9.71667388043861490718298781414528809         1.44389909516321029516509421469864293E-0022
  -9.72087259397503098483407877555428073         1.34686900198512372238081767861281094E-0022
  -9.72497536642341955859021256560637032         1.25830781547449126187850087581129804E-0022
  -9.72898215729107291910098121018769022         1.17739706225670856728817673032863841E-0022
  -9.73289292703258280954079594084429205         1.10340508090253107462292537393146603E-0022
  -9.73670763705023072282325488557882199         1.03567719721974857744448168026245801E-0022
  -9.74042624969436884550027866372394739         9.73627077503365328149630363935852456E-0023
  -9.74404872826379164458625139369796140         9.16729111753292436449352271602149026E-0023
  -9.74757503700609809363975517504056225         8.64511698258514079851347129705804020E-0023
  -9.75100514111804453452787285459460432         8.16551317702652958390389188237433512E-0023
  -9.75433900674588817139045591922281846         7.72467299437601717358976199312024211E-0023
  -9.75757660098572119341421076185877236         7.31917195115725988343525892161680556E-0023
  -9.76071789188379552311894643148149203         6.94592685737889432908816115796896251E-0023
  -9.76376284843683818695084938793548878         6.60215957596226348919959475757427155E-0023
  -9.76671144059235730507020482623355830         6.28536490766143217649372993465277095E-0023
  -9.76956363924893869731356889860767082         5.99328210902190473319735014659234433E-0023
  -9.77231941625653310240301073233929386         5.72386961263825702665882806244063298E-0023
  -9.77497874441673400756768660323615183         5.47528257265700725989440648976430630E-0023
  -9.77754159748304608583568006417407913         5.24585290521335138038595414474049054E-0023
  -9.78000795016114423834674033076085875         5.03407153422190344769670344525504108E-0023
  -9.78237777810912323912927587700651840         4.83857258846611803429812323381928734E-0023
  -9.78465105793773797987771007774704890         4.65811932694167659836996246358522860E-0023
  -9.78682776721063431235907993606169589         4.49159159650382619523390511538113654E-0023
  -9.78890788444457048617055653740410351         4.33797464956394135733656674756612555E-0023
  -9.79089138910962917966238596175969170         4.19634917032285484070272995751118298E-0023
  -9.79277826162942012193359104474903089         4.06588237620396766709888922427772180E-0023
  -9.79456848338127330390063669190971265         3.94582007709220641121936097396168659E-0023
  -9.79626203669642277653214350089410584         3.83547958898537334836979375064192958E-0023
  -9.79785890486018103443563531730868516         3.73424341097377601375865239656050544E-0023
  -9.79935907211210398307522512449863321         3.64155358530060057852621531317963612E-0023
  -9.80076252364614648799207942867803508         3.55690666980917903323509417567918136E-0023
  -9.80206924561080850449245313118293523         3.47984926051938931065362795504791248E-0023
  -9.80327922510927178636105386188477804         3.40997400953802320201114986445125625E-0023
  -9.80439245019952717225047596439857994         3.34691609012288541091664426839132920E-0023
  -9.80540890989449244849043885696668985         3.29035006659771522516120751219147827E-0023
  -9.80632859416212078715357142497658421         3.23998713205123470077048682862773603E-0023
  -9.80715149392549975830750251403889953         3.19557268143351253700675062188303484E-0023
  -9.80787760106294091547604656835583769         3.15688419186112142144354792311363919E-0023
  -9.80850690840805995342531207959146039         3.12372938572535697695197978841865561E-0023
  -9.80903940974984743748360785836092974         3.09594465562379084095208773453780473E-0023
  -9.80947509983273010369707729544537610         3.07339373325706780673612906473487484E-0023
  -9.80981397435662272921605282449625126         3.05596658729721631357652377661569198E-0023
  -9.81005602997697057240019081383274653         3.04357853788343628644745163588655619E-0023
  -9.81020126430478238222352018341447562         3.03616957787525981794259424616691199E-0023
  -9.81024967590665397665361524559550042         3.03370389332702654074560006428433948E-0023
