   5.91606518576985583899700172687373373                                            Infinity
   5.91600679659488442851969030038932053         26.9021397152623058725395945342289608      
   5.91589001882121919186932778845973315         13.4511362362732572520144585951039489      
   5.91571485360140961002733046279236610         8.96749791224168844178351025288184608      
   5.91548130266426568545419628835319675         6.72570087771383245138284345468435592      
   5.91518936831484087943272947155817295         5.38064035984355232732704158421547819      
   5.91483905343440936212096532796609096         4.48394810121933839637776960784493405      
   5.91443036148043757553932826257930121         3.84346627741102761416977628163688326      
   5.91396329648655010977268469901646797         3.36311597635648817822265724696493323      
   5.91343786306248989272407906696041660         2.98952002482385197880416432020714575      
   5.91285406639407269381306390646027184         2.69065211899641140255469708800054033      
   5.91221191224313594206765421896970651         2.44613188382939408404524662188967206      
   5.91151140694748185911505083455968051         2.24237240272835347050684161959052027      
   5.91075255742081490763238721872560281         2.06996734891445899422068440934866661      
   5.90993537115267355587485825683591859         1.92219791763323605036227443000170543      
   5.90905985620835635895468757581657103         1.79413698547981253941459774832519041      
   5.90812602122884235760048133746893925         1.68208920997720035384388095338024438      
   5.90713387543070579518260061227839963         1.58322874106812683370963158874297517      
   5.90608342860602515384626086315846195         1.49535769544292453836994608215915397      
   5.90497469112228651065013518183986395         1.41674090213229995643756242547045232      
   5.90380767392228121466429717318542950         1.34599022442227352738925979711435980      
   5.90258238852399788603738922130770232         1.28198193265056720608686147260699370      
   5.90129884702050873809894174279808040         1.22379661169488808111023103841176278      
   5.89995706207985022361879838355252489         1.17067474476861794541106528947609198      
   5.89855704694489800640162039361276340         1.12198340126758208505170536696932725      
   5.89709881543323625945045006625552051         1.07719091953359510683681676594186878      
   5.89558238193702129098930760049260478         1.03584743205718998855909388269018508      
   5.89400776142283949969077748754885983        0.997569718413075444189179174143365222      
   5.89237496943155966051050897924580749        0.962029303995139527181997492075438920      
   5.89068402207817954258650981715024792        0.928943021082143485307742446311319107      
   5.88893493605166686071705263359959422        0.898065457690278143581145249610657984      
   5.88712772861479456198693872718175401        0.869182867938129988302782589541573474      
   5.88526241760397044916777371396700812        0.842108224218217332042691147634282615      
   5.88333902142906114257380330995526110        0.816677168973702907990554124230050759      
   5.88135755907321038211073465816558213        0.792744680867452454298366570213408088      
   5.87931805009265167131082862407114275        0.770182312464970092391450610705034731      
   5.87722051461651526520339079435560166        0.748875888303512235736339304690891087      
   5.87506497334662950392561297509578402        0.728723576247292200969199856783918649      
   5.87285144755731649403452224549910678        0.709634263365548288737048609150669051      
   5.87057995909518213953658053146723880        0.691526181675525482718480996399874241      
   5.86825053037890052470724366893559330        0.674325740024010885654532461864648193      
   5.86586318439899265082853447976344768        0.657966526913035671016674173349453237      
   5.86341794471759952902840893273567383        0.642388455779049133064860307589196176      
   5.86091483546824963146139745900540367        0.627537029535464728287818048154441879      
   5.85835388135562070312568438529146583        0.613362705404859838908284549493272979      
   5.85573510765529593666744668979696174        0.599820344440216459288487601657101682      
   5.85305854021351451257890832581179032        0.586868732847740058150608663115643382      
   5.85032420544691650725217764720666152        0.574470164417404549931805629990428161      
   5.84753213034228217140652245965832016        0.562590075149679986422488426691030331      
   5.84468234245626558146229936284415284        0.551196722621845439289064880180749956      
   5.84177486991512266649029079363316909        0.540260903830345148833630085262073964      
   5.83880974141443361342071398035425031        0.529755706228162394726646042950721730      
   5.83578698621881965325165032567242991        0.519656287488651012842954492897476270      
   5.83270663416165423105210100284203240        0.509939680201764116470314755756274558      
   5.82956871564476856261030422979092428        0.500584618270702608608887822579583413      
   5.82637326163815158063335123055440230        0.491571382247111877692360116870517423      
   5.82312030367964427345951075722940580        0.482881661237508155914747493971764342      
   5.81980987387462841930001568135207167        0.474498429345871250381508480473086945      
   5.81644200489570971908237902519471225        0.466405834898038742143353421666322839      
   5.81301672998239533102259034500669732        0.458589100931416735323665505658329114      
   5.80953408294076581010879605406114189        0.451034435635720227630292560603051296      
   5.80599409814314145573428853819423457        0.443728951602821672430397226971219887      
   5.80239681052774307077281822532476415        0.436660592891131003229509223221517412      
   5.79874225559834713544439957852188932        0.429818069036225849106795308958861030      
   5.79503046942393539937490574517382553        0.423190795247985828629039027473672199      
   5.79126148863833889530783676864979160        0.416768838127992023648275658478468041      
   5.78743535043987637798170230982435951        0.410542866321708964559434957446949561      
   5.78355209259098719174148119056643640        0.404504105589874836951879970454870527      
   5.77961175341785857050760621674585803        0.398644297844181418457967488618449617      
   5.77561437181004737378087312178784239        0.392955663745069427531726944163632293      
   5.77155998722009626241658655097131086        0.387430868505427745158501372051155575      
   5.76744863966314431795613323954155035        0.382062990584121481969838990758670081      
   5.76328036971653210935901238267463266        0.376845492988393310777390269806587819      
   5.75905521851940121103315511114343340        0.371772196934972137177108462756873900      
   5.75477322777228817611612843232010570        0.366837257646768146029853831098509644      
   5.75043443973671296901454343141439943        0.362035142085832830960932123002932849      
   5.74603889723476186126367241248324084        0.357360608444243813304735041780193769      
   5.74158664364866479482392445303667761        0.352808687233103108236276247346671442      
   5.73707772292036721698543301068664625        0.348374663826228402764676817877033182      
   5.73251217955109639110657221631698994        0.344054062329640498685737994667622967      
   5.72789005860092218746673977718093145        0.339842630660839758315546927230426888      
   5.72321140568831235856822345705275779        0.335736326733321888360432982532825124      
   5.71847626698968230327640436138758304        0.331731305651983364595096752042043512      
   5.71368468923893932424194319611280137        0.327823907834160746785057373478802171      
   5.70883671972702138310294475235090997        0.324010647979167728615064446979893799      
   5.70393240630143035801940055965218991        0.320288204816453640852840010774814794      
   5.69897179736575980814646941123198783        0.316653411569007245245338670950348207      
   5.69395494187921724970736976073899161        0.313103247074457349781597025698836018      
   5.68888188935614094838082628615490519        0.309634827511553455022524366948916975      
   5.68375268986551123277213467792287675        0.306245398684412274066769981601952923      
   5.67856739403045633379098340116215453        0.302932328821148338303924588552046235      
   5.67332605302775275481319827215427078        0.299693101847320684686026327041167244      
   5.66802871858732017755755464395599708        0.296525311098068316304171320137374904      
   5.66267544299171090866273228225597856        0.293426653435914853527030443382341762      
   5.65726627907559387200336909817504212        0.290394923744032970244998492684927384      
   5.65180128022523315183800125783029500        0.287428009767303159728929294108202094      
   5.64628050037796109193545827784639537        0.284523887275806829268620517217286926      
   5.64070399402164595588001201080625945        0.281680615527485269248667830845199054      
   5.63507181619415415380925739459162822        0.278896333008595508011661265306733460      
   5.62938402248280704089232995488153591        0.276169253432320850851970974038621691      
   5.62364066902383229290963978147590888        0.273497661977465277647476194726955399      
   5.61784181250180986434882351783121334        0.270879911750592226182342064644190895      
   5.61198751014911253448508428099663321        0.268314420456273344947068483360936791      
   5.60607781974534104696750383831126300        0.265799667261303821851908403818088795      
   5.60011279961675384848627128058669738        0.263334189839828848672079819742750058      
   5.59409250863569143214907732241434982        0.260916581587320481278698285602270631      
   5.58801700621999529124817270260503830        0.258545488992254400264719882830944996      
   5.58188635233242148915278242604041662        0.256219609155169758504630067898245518      
   5.57570060748004885111470425739555054        0.253937687445559510622174501040837442      
   5.56945983271368178382799942284186329        0.251698515287739727997142364407018226      
   5.56316408962724772863670537408621083        0.249500928067490148163615613433185475      
   5.55681344035718925433746419664010812        0.247343803151849757115247458432479930      
   5.55040794758185079557686527831267258        0.245226058014995217455734622447037410      
   5.54394767452086004289614667243022795        0.243146648463630641173159509988691538      
   5.53743268493450399052868567163787803        0.241104566955778363828118552336168994      
   5.53086304312309964810843493135640766        0.239098841007285444330070339162540164      
   5.52423881392635942250012552666899567        0.237128531680752702495059414501347188      
   5.51756006272275117601466207281368612        0.235192732151955033980115401502641071      
   5.51082685542885296732567696838166712        0.233290566349156064959651575626097602      
   5.50403925849870248145569041320047852        0.231421187661029246764080302314012555      
   5.49719733892314115525273959176290594        0.229583777709183350716889185484664760      
   5.49030116422915300483069378061458026        0.227777545181554921107458003428195679      
   5.48335080247919816149876161762938595        0.226001724723175322435650033885618575      
   5.47634632227054112275792184650582952        0.224255575881047162712090677810830261      
   5.46928779273457372499416900566904137        0.222538382100075533868512379076519337      
   5.46217528353613284455056025226235237        0.220849449767195002135794172268927976      
   5.45500886487281283391207828490560994        0.219188107301014809350599617588237398      
   5.44778860747427269978928763988159228        0.217553704284473410058756785099032102      
   5.44051458260153802993865697153989118        0.215945610638150274010047047770776270      
   5.43318686204629767560924777679368107        0.214363215832028748501213824107629482      
   5.42580551813019519655722987410859038        0.212805928133639541549800674884755492      
   5.41837062370411507562137528849604232        0.211273173890640825936253715967717342      
   5.41088225214746370990430451555278878        0.209764396846008782362168493439469105      
   5.40334047736744518565581193004290349        0.208279057484122245522417781262664198      
   5.39574537379833184400607985909262904        0.206816632406127584752838535366033817      
   5.38809701640072964474800304864838150        0.205376613733065587588439933067593774      
   5.38039548066083833541918640701612970        0.203958508535331422343154331493503564      
   5.37264084258970643298544850433972332        0.202561838287122196664293661874935004      
   5.36483317872248102547886083577645126        0.201186138344604628063237889769539076      
   5.35697256611765240099447781359119471        0.199830957446608291174428456389310429      
   5.34905908235629351150096433483320526        0.198495857236718165683030098772684218      
   5.34109280554129427897130607282055549        0.197180411805704111080730539543438039      
   5.33307381429659075139069185920114917        0.195884207253284746487888684985906453      
   5.32500218776638911624948715648196491        0.194606841268279298945220780026352643      
   5.31687800561438457917997216695189297        0.193347922726253563420667613463406146      
   5.30870134802297511544619708194123299        0.192107071303815434043399087645840157      
   5.30047229569247010204690984518179924        0.190883917108761742299701335315185437      
   5.29219092984029383824203808622577962        0.189678100325321580910441743822124373      
   5.28385733220018396236365607577490740        0.188489270873782093291911585928882758      
   5.27547158502138477282273916645105913        0.187317088083821045183312647026613342      
   5.26703377106783546127330171285750627        0.186161220380906531505029582149252019      
   5.25854397361735326594572941735996272        0.185021344985158060123282534377230093      
   5.25000227646081155321125292725690178        0.183897147622095136245987483442328297      
   5.24140876390131283548956582008858593        0.182788322244729477809526230737676063      
   5.23276352075335673366156636271810700        0.181694570766485245216800889402323253      
   5.22406663234200289219909812326031596        0.180615602804458281291113551039664712      
   5.21531818450202885527337916048518150        0.179551135432550434478106874256713215      
   5.20651826357708291215354262133072317        0.178500892944038677951361521130679508      
   5.19766695641883192025636265278127620        0.177464606623161030340094286291182877      
   5.18876435038610411425780808956357543        0.176442014525322314989080803409936812      
   5.17981053334402690972655192466425889        0.175432861265542642848390882071952010      
   5.17080559366315970978896661717557850        0.174436897814790242752299587956983070      
   5.16174962021862172338445335385309151        0.173453881303857960472067263133683485      
   5.15264270238921480371918697027053834        0.172483574834459468383437443189764735      
   5.14348493005654131557550686866729430        0.171525747297237030460173418210268411      
   5.13427639360411704018324745742567098        0.170580173196387608200999720562226281      
   5.12501718391647912640827889735492667        0.169646632480628223945108528465386343      
   5.11570739237828909706241978921051062        0.168724910380234867336820388873255637      
   5.10634711087343091918768739260771515        0.167814797249901883792960645649296407      
   5.09693643178410414721656754702330521        0.166916088417180763086467111516758800      
   5.08747544798991214795861519010383150        0.166028584036268591223921467401357240      
   5.07796425286694541641223675706926795        0.165152088946927176750573270586244280      
   5.06840294028685999144895731854143098        0.164286412538324048179604510791623856      
   5.05879160461595098046583759444074384        0.163431368617596174921117140207420184      
   5.04913034071422120214997849136619213        0.162586775282946420333749316576531567      
   5.03941924393444495654723307367158122        0.161752454801091420876874734254628573      
   5.02965841012122693167533741873696972        0.160928233488887826559266398899820933      
   5.01984793561005625596967215006330667        0.160113941598971660053408768771901753      
   5.00998791722635570589777511404686089        0.159309413209252978515157696968614885      
   5.00007845228452607812654219477875753        0.158514486116115075411308390876985686      
   4.99011963858698573567377717403393555        0.157729001731174160257711956336109608      
   4.98011157442320533752338236974746690        0.156952804981461821592017155373205780      
   4.97005435856873776123101905562724156        0.156185744212898631054429354687585947      
   4.95994809028424322809450990794708563        0.155427671096933001333204786938700155      
   4.94979286931450964051060447475757307        0.154678440540224884126439331723790987      
   4.93958879588746814118698245043019865        0.153937910597259101393665601065609554      
   4.92933597071320390392552789823837856        0.153205942385778058335591574305147164      
   4.91903449498296216573997003014192660        0.152482400004928303221646798396001508      
   4.90868447036814951011795226159267321        0.151767150456019890068144974183731719      
   4.89828599901933041128446054648131330        0.151060063565801777201823680903622861      
   4.88783918356521904937031400071829028        0.150361011912160569179613839432812802      
   4.87734412711166640643609508076386626        0.149669870752153791982841366609780878      
   4.86680093324064265334847263503842054        0.148986517952292591862090007145370423      
   4.85620970600921483755234853186654107        0.148310833920992276107161237525850271      
   4.84557054994851988182863682872466115        0.147642701543112478249795595822985369      
   4.83488357006273290417376312633715488        0.146982006116511939168150776715331941      
   4.82414887182803086898315039084799129        0.146328635290545957173506126287459238      
   4.81336656119155157976703567211975013        0.145682479006437481900974174571706401      
   4.80253674457034802367293934140643978        0.145043429439455615761302501372077118      
   4.79165952885033807813498426343454430        0.144411380942837949513817632650230484      
   4.78073502138524959001603625353279267        0.143786229993395701497818897027382984      
   4.76976332999556083765430879810482409        0.143167875138743059172757871048026089      
   4.75874456296743638627164388567973398        0.142556216946094442503186669319281012      
   4.74767882905165834724614645625720785        0.141951157952575626714129436054050737      
   4.73656623746255305179721197995864705        0.141352602616996782080151944667007727      
   4.72540689787691314967624457439893813        0.140760457273037515470250577169407701      
   4.71420092043291514350151641702796513        0.140174630083795936869146886890387439      
   4.70294841572903236942066755831137399        0.139595030997655628311942447478986134      
   4.69164949482294343482928814941743185        0.139021571705426166655390379829843273      
   4.68030426923043612391886212048276201        0.138454165598714549204039809467736039      
   4.66891285092430678187208204002087797        0.137892727729486496050894436265773146      
   4.65747535233325518856816881114000828        0.137337174770778158528040927486870745      
   4.64599188634077493270534657553047813        0.136787424978520252662083615150194311      
   4.63446256628403929729203226230491363        0.136243398154438063092477059547077976      
   4.62288750595278266750260019742727656        0.135705015609992129478923955007563572      
   4.61126681958817747193777464341627684        0.135172200131325736787382176377018108      
   4.59960062188170666837378663209359378        0.134644875945186585651273397887854123      
   4.58788902797403178512840555028106118        0.134122968685791221769329381211147130      
   4.57613215345385652921582020552716292        0.133606405362601956411414130206067010      
   4.56433011435678597250609810323900367        0.133095114328987115825975929557785598      
   4.55248302716418132714859497617726081        0.132589025251736517831500430239203223      
   4.54059100880201032156221879139641561        0.132088069081405091176230059791599032      
   4.52865417663969318833887308873586707        0.131592178023458529310845041817090793      
   4.51667264848894427544971315034522269        0.131101285510195806887166811047408891      
   4.50464654260260929218704473502025776        0.130615326173424286330826573497465890      
   4.49257597767349820131777850800543640        0.130134235817864004909846174645480309      
   4.48046107283321376896732343116863318        0.129657951395258561425401359384234238      
   4.46830194765097578379565882597606493        0.129186410979170817499768670909543002      
   4.45609872213244095707006715951440419        0.128719553740442392870638284116598168      
   4.44385151671851851528163741007320232        0.128257319923296668492427401104124351      
   4.43156045228418149699516172279466958        0.127799650822065716900165099454379641      
   4.41922565013727376566444554803496961        0.127346488758522257453951862604867979      
   4.40684723201731275018733314691534667        0.126897777059798385936954346469472484      
   4.39442532009428792501691583276952227        0.126453460036873454656461688886789920      
   4.38196003696745504168743917765940699        0.126013482963614081771710820643773487      
   4.36945150566412612365535723482913507        0.125577792056349848069625581108623224      
   4.35689984963845523639779619704749298        0.125146334453968796808143584296548800      
   4.34430519277022004475238641456012068        0.124719058198517388478876660299741307      
   4.33166765936359916952399992330767207        0.124295912216290078295819885973955795      
   4.31898737414594535542539017380418434        0.123876846299394180743112762734321946      
   4.30626446226655446246007109442227800        0.123461811087776163422000143169461029      
   4.29349904929543029289699356178498489        0.123050758051695972497726525725826285      
   4.28069126122204526602767837868400430        0.122643639474636434998594347488750851      
   4.26784122445409695293744557078039395        0.122240408436635209765910671453672452      
   4.25494906581626048356323980283316086        0.121841018798027169667381493162138782      
   4.24201491254893683835129058007213005        0.121445425183585493409846318242118935      
   4.22903889230699703686846323850795290        0.121053582967050126533520980105882157      
   4.21602113315852223576165213857717555        0.120665448256032638525257951326950100      
   4.20296176358353974849994055988074545        0.120280977877286857012867410709565324      
   4.18986091247275499937450215242410993        0.119900129362335001231651385333568235      
   4.17671870912627942427134603445131628        0.119522860933439365899813019091918019      
   4.16353528325235433077201134264475276        0.119149131489909923790708572898621030      
   4.15031076496607073017719684231577282        0.118778900594738521115043923660737055      
   4.13704528478808515408806669964188302        0.118412128461550634772763762964084855      
   4.12373897364333146821960431264283736        0.118048775941865945030836320720914631      
   4.11039196285972869615989180129082233        0.117688804512659251639219793662575692      
   4.09700438416688486582857298001368735        0.117332176264213526205219940309407024      
   4.08357636969479689142701198920787326        0.116978853888257149181635594865079531      
   4.07010805197254650371178785880482484        0.116628800666377626445957917705882835      
   4.05659956392699224146216673025257574        0.116281980458704318500593096112455487      
   4.04305103888145751705106788855442652        0.115938357692852945137209810240613830      
   4.02946261055441476906778676957415010        0.115597897353124850297574214853080929      
   4.01583441305816571497935732725473582        0.115260564969954226131074059690837982      
   4.00216658089751771685592718954908054        0.114926326609596702185347728645749970      
   3.98845924896845627322388152083528320        0.114595148864052905548746504846143932      
   3.97471255255681365014868506376397314        0.114266998841220790857964370906261327      
   3.96092662733693366468751607751062949        0.113941844155270725646256318865593120      
   3.94710160937033263388974044620870923        0.113619652917237496781907483459156795      
   3.93323763510435650256111872612593492        0.113300393725823577967643000554635046      
   3.91933484137083416304535295940650816        0.112984035658408166664519461862355260      
   3.90539336538472698031416333371373015        0.112670548262256661584382298389178602      
   3.89141334474277453569453683993898557        0.112359901545925409270316435245484368      
   3.87739491742213660259911060465753484        0.112052065970856700453391685524668024      
   3.86333822177903136766284118187040481        0.111747012443159144027133822884065267      
   3.84924339654736991072616741273846751        0.111444712305568688801604677514314936      
   3.83511058083738695714179813675850935        0.111145137329585700862494990184605482      
   3.82093991413426791591904669872996443        0.110848259707783637535963025094901491      
   3.80673153629677221725629147980608598        0.110554052046284987809130246940322838      
   3.79248558755585296304866522612198799        0.110262487357400273734801387926283848      
   3.77820220851327290399446539447168437        0.109973539052426028006602923673137406      
   3.76388154014021675696003272211768613        0.109687180934597779670951542781581111      
   3.74952372377589987629896539923791793        0.109403387192194192983070872532765323      
   3.73512890112617329285752122125417675        0.109122132391788613848286026887888801      
   3.72069721426212513443390956918652986        0.108843391471644384244502507479878684      
   3.70622880561867844149488865541930968        0.108567139735250387619642967267190397      
   3.69172381799318539198866082736789886        0.108293352844993387616667875765985444      
   3.67718239454401794912849949136719017        0.108022006815963818711909337479600033      
   3.66260467878915494605684505387636488        0.107753078009891780568725369633644198      
   3.64799081460476562133477382837590616        0.107486543129210078212698902348779665      
   3.63334094622378961923677277704180508        0.107222379211241237627538328092850873      
   3.61865521823451346886564390069752884        0.106960563622505511149438942692302821      
   3.60393377557914355613711471430681962        0.106701074053146969195226699811153929      
   3.58917676355237560271834520538559303        0.106443888511474854485902833476121281      
   3.57438432779996066603899662755313822        0.106188985318617452108645380908153358      
   3.55955661431726767452786309075768400        0.105936343103285803580074118385894621      
   3.54469376944784251226226283462056463        0.105685940796644665611720430358458861      
   3.52979593988196366725144197434672901        0.105437757627288184612259282625291362      
   3.51486327265519445760915905362914996        0.105191773116317826164397694337404386      
   3.49989591514693184990439359119810388        0.104947967072520164858873622999305953      
   3.48489401507895188401275563378912472        0.104706319587642204022671484458410275      
   3.46985772051395171882466579637340525        0.104466811031761957109651102834192161      
   3.45478717985408831319972604995440959        0.104229422048752082893236853244712369      
   3.43968254183951375658991027892570614        0.103994133551834425174216241581856986      
   3.42454395554690726378727004615050039        0.103760926719223364551409470402598672      
   3.40937157038800384828477474821081115        0.103529782989855944956203429382126538      
   3.39416553610811968877168609073970173        0.103300684059206791178841733068158396      
   3.37892600278467420331750424086063107        0.103073611875185885568091475749464050      
   3.36365312082570884583101679839564077        0.102848548634117322517727190781719126      
   3.34834704096840263941333154896820165        0.102625476776797208312612549210922191      
   3.33300791427758446125597950113742045        0.102404378984628921441690711263017968      
   3.31763589214424209376723564840230886        0.102185238175833994640893806060357617      
   3.30223112628402805664172091887936400        0.101968037501736924750203624090589942      
   3.28679376873576223462011956568563688        0.101752760343122259998628683029319753      
   3.27132397185993131571747149598782424        0.101539390306662356609993290489567732      
   3.25582188833718505472997842417734034        0.101327911221414237691001961073300407      
   3.24028767116682937686159595401298145        0.101118307135384027259496489702489338      
   3.22472147366531633634287043659041261        0.100910562312157471032273960347144498      
   3.20912344946473094494551940785077340        0.100704661227595093254105341926626153      
   3.19349375251127488532714727467737184        0.100500588566590575447270584150582713      
   3.17783253706374712417123338754957590        0.100298329219890978527399506619058435      
   3.16213995769202144011812740678125589        0.100097868280977464298922959485220823      
   3.14641616927552088151323663657991578         9.98991910430052059431357663244064661E-0002
   3.13066132700168916902889146599496107         9.97022829958012097738284128948074694E-0002
   3.11487558636445905824652791921626335         9.95071298229188022887109383587433175E-0002
   3.09905910316271767731583028204061682         9.93137173987475674174966131866733586E-0002
   3.08321203349876885483733154051691763         9.91220317856775488866517340057748404E-0002
   3.06733453377679245314467464715634592         9.89320592313165618126535633537949461E-0002
   3.05142676070130072219229312647236291         9.87437861657594860254523457812409099E-0002
   3.03548887127559168928367495329625223         9.85571991989084412361778567330555101E-0002
   3.01952102280019959990462869407742532         9.83722851178427710216206313696560644E-0002
   3.00352337287134242495507530448832867         9.81890308842377887255192968308241131E-0002
   2.98749607937936644970184243886271263         9.80074236318312637953051678513603771E-0002
   2.97143930050718795980374036254435999         9.78274506639366518040682511281911777E-0002
   2.95535319472873203978884928284459891         9.76490994510020954717841301338910777E-0002
   2.93923792080736849939244684523004135         9.74723576282142474172676247523794890E-0002
   2.92309363779434494319235139731396711         9.72972129931459881622294357552112009E-0002
   2.90692050502721699900665112443367932         9.71236535034471350899064644180784265E-0002
   2.89071868212827572054683102879355164         9.69516672745772596511054195293132854E-0002
   2.87448832900297217984719868257755092         9.67812425775797511276446339000078099E-0002
   2.85822960583833926501924545883289263         9.66123678368962857240351589070193056E-0002
   2.84194267310141069890716225855736243         9.64450316282208796791961764685554980E-0002
   2.82562769153763729424815733606036970         9.62792226763927244869103633569205364E-0002
   2.80928482216930046096849840660294607         9.61149298533270212019412160199089253E-0002
   2.79291422629392298127332153136553009         9.59521421759830492031138392481667668E-0002
   2.77651606548267706821521504727803382         9.57908488043687226995860183562964268E-0002
   2.76009050157878972345339777703299178         9.56310390395809057159321039466890037E-0002
   2.74363769669594540994196665307618246         9.54727023218807732890106824161404264E-0002
   2.72715781321668605531218945544701611         9.53158282288035231679435971472752212E-0002
   2.71065101379080840174016333547329040         9.51604064733017584405418394045674906E-0002
   2.69411746133375871811734891549741911         9.50064269019218772274183422389003212E-0002
   2.67755731902502489036752276054788325         9.48538794930128209006896215376568453E-0002
   2.66097075030652590577956765423524822         9.47027543549665472090771400710550513E-0002
   2.64435791888099874725124012275453021         9.45530417244896092365062994009730706E-0002
   2.62771898871038271336461778386908414         9.44047319649052352977508172464229714E-0002
   2.61105412401420118023933509983747406         9.42578155644853186927330508813096264E-0002
   2.59436348926794082113496473367717259         9.41122831348117397108934270914836815E-0002
   2.57764724920142829979899269774363585         9.39681254091664554083990098966926570E-0002
   2.56090556879720445358176859470240128         9.38253332409498054833849893416695057E-0002
   2.54413861328889598236458723750563210         9.36838976021264950571343842590208169E-0002
   2.52734654815958465937167455243384990         9.35438095816987273410394223594571405E-0002
   2.51052953914017407996130867467236583         9.34050603842059710390192325260745730E-0002
   2.49368775220775396451560629786955110         9.32676413282508589111955047996808499E-0002
   2.47682135358396203157264439784771146         9.31315438450507252151987444818710481E-0002
   2.45993050973334345736856817785434047         9.29967594770143007543944549485069796E-0002
   2.44301538736170793798115724177179077         9.28632798763430950052446332156231475E-0002
   2.42607615341448437028998335744178133         9.27310968036570052763886163684846534E-0002
   2.40911297507507316799179449117949336         9.26002021266437030770490620744988830E-0002
   2.39212601976319622893310084470191136         9.24705878187313578490386881780241444E-0002
   2.37511545513324457004511917670968866         9.23422459577842679517478982681895542E-0002
   2.35808144907262364618925151445851014         9.22151687248209782896174942833559717E-0002
   2.34102416970009636924413322863837726         9.20893484027544732431341370938388031E-0002
   2.32394378536412384378798313213956999         9.19647773751540426135300994769541249E-0002
   2.30684046464120383575252454580529001         9.18414481250284271241415278085983838E-0002
   2.28971437633420699044712092962916825         9.17193532336298586436224710128823521E-0002
   2.27256568947071081637398248522202325         9.15984853792786187135958323414273359E-0002
   2.25539457330133145127735087551515526         9.14788373362077471813520273259677321E-0002
   2.23820119729805322689145766295509655         9.13604019734275407622260564141541763E-0002
   2.22098573115255604887377802184682662         9.12431722536094891914832975890135757E-0002
   2.20374834477454060843166451959278784         9.11271412319893042769627156689901658E-0002
   2.18648920829005144217184607253292339         9.10123020552887046362570147097066487E-0002
   2.16920849203979785672351435370411681         9.08986479606556262006053014864099599E-0002
   2.15190636657747273470679375250350500         9.07861722746225356965514368105808395E-0002
   2.13458300266806923863930125196898699         9.06748684120825312802646655874955951E-0002
   2.11723857128619542939424909180604617         9.05647298752829213025846122390072928E-0002
   2.09987324361438681584412561963312323         9.04557502528359788295726345106163962E-0002
   2.08248719104141685234440809604685502         9.03479232187465760377381074705135461E-0002
   2.06508058516060540073201520950264509         9.02412425314564089491574043695672050E-0002
   2.04765359776812517353329647476643935         9.01357020329045291732984013711050836E-0002
   2.03020640086130617509628033554585720         9.00312956476039053832783168208732547E-0002
   2.01273916663693815738166247120475059         8.99280173817337431781858550115282986E-0002
   1.99525206748957110716661032418474508         8.98258613222472977735556795890921944E-0002
   1.97774527600981378143488902551043742         8.97248216359949196225605461958847297E-0002
   1.96021896498263030774607750878364687         8.96248925688620786043540245473708658E-0002
   1.94267330738563486639574147825243608         8.95260684449221178265313370171450775E-0002
   1.92510847638738447119736184538412082         8.94283436656034933790636497013425129E-0002
   1.90752464534566986573558308402758340         8.93317127088712615504006728471451310E-0002
   1.88992198780580455195894549150759613         8.92361701284225800757411228610611016E-0002
   1.87230067749891196799869839828265163         8.91417105528959949356714835580825868E-0002
   1.85466088834021083211855776019117903         8.90483286850942890633216555692614376E-0002
   1.83700279442729866971837111452708403         8.89560193012206740526550610717164421E-0002
   1.81932657003843354033258540558904599         8.88647772501281105921989700172687700E-0002
   1.80163238963081398158217850995220856         8.87745974525815478800537316785974273E-0002
   1.78392042783885718705631324117914577         8.86854749005328767099520320743401000E-0002
   1.76619085947247543511740301433472870         8.85974046564083952569574848354207406E-0002
   1.74844385951535078564054103046563005         8.85103818524085908375155222877447850E-0002
   1.73067960312320806171533962977408847         8.84244016898200450743538921891717437E-0002
   1.71289826562208613335515319083849271         8.83394594383392739644677073401498843E-0002
   1.69510002250660752027541645485040846         8.82555504354083183303468502826731610E-0002
   1.67728504943824633081942026304916159         8.81726700855619040328846109877241550E-0002
   1.65945352224359455412626824860337011         8.80908138597859951411615906132653042E-0002
   1.64160561691262672265201085903979521         8.80099772948875669915885481305308179E-0002
   1.62374150959696296217103704154454190         8.79301559928754297287226038775394379E-0002
   1.60586137660813044640071884231800043         8.78513456203519365043974402960852259E-0002
   1.58796539441582327340804989557898271         8.77735419079154140225335858323808395E-0002
   1.57005373964616078097259515238143493         8.76967406495731565559740959499774162E-0002
   1.55212658907994431809547607039634814         8.76209377021648279307308009273808369E-0002
   1.53418411965091248985935270116241449         8.75461289847961192738873078703471403E-0002
   1.51622650844399489285943152063647107         8.74723104782825135558027100062224336E-0002
   1.49825393269356435844042530346956982         8.73994782246030111268664283456084221E-0002
   1.48026656978168772098911869426469692         8.73276283263636735554994011344490017E-0002
   1.46226459723637512854675023478483640         8.72567569462708461189684523961851281E-0002
   1.44424819272982791301980832100232435         8.71868603066139222834277189868379064E-0002
   1.42621753407668503728205474602132802         8.71179346887575164359333699968507151E-0002
   1.40817279923226813647463499395673945         8.70499764326429140004677871063846542E-0002
   1.39011416629082517082500914719136667         8.69829819362986708836926624768543090E-0002
   1.37204181348377270731914101812130221         8.69169476553602369556274494552346976E-0002
   1.35395591917793684757491578128637204         8.68518701025984809770862071420127723E-0002
   1.33585666187379281927811782910654615         8.67877458474569970408346514448530097E-0002
   1.31774422020370324855549067243421448         8.67245715155980751983502775349069738E-0002
   1.29961877293015513067241932560516885         8.66623437884572215000503879762181840E-0002
   1.28148049894399551645562262613962329         8.66010594028061151851338224459751409E-0002
   1.26332957726266593185391821491374509         8.65407151503238932189705437472879682E-0002
   1.24516618702843554806262631839217464         8.64813078771766547924485900003688118E-0002
   1.22699050750663311964950990697915791         8.64228344836050807700018879452336102E-0002
   1.20880271808387770813230813100398518         8.63652919235200654023195204350820842E-0002
   1.19060299826630820846990703829776604         8.63086772041062599070753776252276351E-0002
   1.17239152767781169594100633643525581         8.62529873854334297674892327395536621E-0002
   1.15416848605825061089578326190068287         8.61982195800755298051838654564282884E-0002
   1.13593405326168879887752434278541565         8.61443709527374032516614904066095322E-0002
   1.11768840925461642362249287793636135         8.60914387198890131727866082657301423E-0002
   1.09943173411417377045742419225000686         8.60394201494071166939089337333299518E-0002
   1.08116420802637395762499205525626080         8.59883125602242945306446648002992373E-0002
   1.06288601128432457307836796017354717         8.59381133219852503527910314834953032E-0002
   1.04459732428644825429660014686442520         8.58888198547102964972910147123060980E-0002
   1.02629832753470222868297120991033341         8.58404296284659445014854105742968024E-0002
   1.00798920163279683211875175939583150         8.57929401630425208509615200004183644E-0002
  0.989670127284413023254852795698300376         8.57463490276387302279861732467115325E-0002
  0.971341285291418911133791121081744002         8.57006538405530904076316370339343893E-0002
  0.953002856552085313744120142368996548         8.56558522688821647800844154974143772E-0002
  0.934655022059300365119042724304839187         8.56119420282255202800699258380598295E-0002
  0.916297962898783188600313238027436207         8.55689208823973402786145747826862143E-0002
  0.897931860247296653897752520656813522         8.55267866431446237392686466935469827E-0002
  0.879556895370859235583742029423020459         8.54855371698719036611805919169003047E-0002
  0.861173249622955990670931947746545574         8.54451703693724195257823994332469404E-0002
  0.842781104442748672930092293721407139         8.54056841955656801330385164068453600E-0002
  0.824380641353285001613556107727767835         8.53670766492413548579346023540671007E-0002
  0.805972041959707102258049471326843896         8.53293457778094329788306851416486598E-0002
  0.787555487947459137248874351797778692         8.52924896750565923271559069126213605E-0002
  0.769131161080494143835406995017183096         8.52565064809087200833458008673845411E-0002
  0.750699243199480097295696724932737561         8.52213943811995300975720326109762778E-0002
  0.732259916220005216955597473441283954         8.51871516074452226463306019508909631E-0002
  0.713813362130782532775337084571768430         8.51537764366251340479675777830625669E-0002
  0.695359762991853730223727337741593864         8.51212671909683250523499760168473061E-0002
  0.676899300932792291167340644473957952         8.50896222377460583927407112013593861E-0002
  0.658432158150905948508927421032432020         8.50588399890701173421072237429136744E-0002
  0.639958516909438472316121157372931240         8.50289189016969185521695768259712239E-0002
  0.621478559535770805188076123785370026         8.49998574768373738720516552544905561E-0002
  0.602992468419621564614105415478883211         8.49716542599724572450050050120190661E-0002
  0.584500426011246930084634568765512066         8.49443078406744341668858835425261567E-0002
  0.566002614819639932720858228756985184         8.49178168524337125594302649352080317E-0002
  0.547499217410729165195384247677187680         8.48921799724912752654281636683117879E-0002
  0.528990416405576929721871086808951068         8.48673959216766557121786066987979149E-0002
  0.510476394478576841897210427269174202         8.48434634642514196146327056078851262E-0002
  0.491957334355650908185177410503855874         8.48203814077581169009195776836529488E-0002
  0.473433418812446094835665875609580762         8.47981486028746693410058636857425755E-0002
  0.454904830672530406038645286048320978         8.47767639432741606445646150287737983E-0002
  0.436371752805588489116819693489376217         8.47562263654899970672167822376494175E-0002
  0.417834368125616784565637023580991554         8.47365348487864078256452016981410392E-0002
  0.399292859589118238753789141353916853         8.47176884150342558721472601977306637E-0002
  0.380747410193296597101659518354112759         8.46996861285921308184626377137961917E-0002
  0.362198202974250295559315836891054090         8.46825270961926970276551855587052965E-0002
  0.343645421005165968209609488106521871         8.46662104668342711119060242678127543E-0002
  0.325089247394511588825732610787170697         8.46507354316776042837459737641035439E-0002
  0.306529865284229264216196039569667538         8.46361012239478462089720365492207884E-0002
  0.287967457847927697193628248763709732         8.46223071188416682017026209879623847E-0002
  0.269402208289074337007056057526766016         8.46093524334395247861727393700025639E-0002
  0.250834299839187235080412471383266510         8.45972365266230338263924556701438632E-0002
  0.232263915756026623902925543646478559         8.45859587989974565941242300051427016E-0002
  0.213691239321786236919774519467511050         8.45755186928192603082085145853054549E-0002
  0.195116453841284387273955748035395349         8.45659156919287468345094019763782111E-0002
  0.176539742640154823252680889656071205         8.45571493216877323860873431188687014E-0002
  0.157961289063037378293833780556331033         8.45492191489222642080548309155756024E-0002
  0.139381276471768433410039927540364311         8.45421247818703613713514616435362159E-0002
  0.120799888243571209889753967059805376         8.45358658701347679348022269298547034E-0002
  0.102217307769245910136445520570964626         8.45304421046407078657100715175931536E-0002
   8.36337184513597245084626937125809214E-0002   8.45258532175986322362912471105942643E-0002
   6.50493037024367220234749860514135100E-0002   8.45220989824719503368983423579339727E-0002
   4.64642469431476427925435878584201598E-0002   8.45191792139497374675978046852287855E-0002
   2.78787316004996100498369292826111753E-0002   8.45170937679244132876814275485828828E-0002
   9.29294110602577964480290581047547009E-0003   8.45158425414743857184984132922887986E-0002
  -9.29294110602505513577357579594603886E-0003   8.45154254728516565089988277949174841E-0002
  -2.78787316004988855479582108914409974E-0002   8.45158425414743856859821764276390005E-0002
  -4.64642469431469183049660221403185943E-0002   8.45170937679244132226473491722051601E-0002
  -6.50493037024359975573489729094866345E-0002   8.45191792139497373700426753097440039E-0002
  -8.36337184513590000709384213317712594E-0002   8.45220989824719502068173472691730245E-0002
 -0.102217307769245185734672894848580340         8.45258532175986320736779657877562824E-0002
 -0.120799888243570485530882541038835606         8.45304421046407076705564768599210829E-0002
 -0.139381276471767709101218830846277139         8.45358658701347677070986842896546081E-0002
 -0.157961289063036654042211648838050173         8.45421247818703611110867276653238001E-0002
 -0.176539742640154099065405794031828191         8.45492191489222639152160521810894254E-0002
 -0.195116453841283663158175124544153457         8.45571493216877320606600545976460440E-0002
 -0.213691239321785512882635098526657097         8.45659156919287464764775252815460104E-0002
 -0.232263915756025899951573279516478874         8.45755186928192599175543560341945974E-0002
 -0.250834299839186511221992471639983517         8.45859587989974561708284784842901020E-0002
 -0.269402208289073613248712512542130722         8.45972365266230333704341803042026755E-0002
 -0.287967457847926973542504361195447206         8.46093524334395242975293869940361665E-0002
 -0.306529865284228540679433953860770676         8.46223071188416676803500134225537981E-0002
 -0.325089247394510865410473342675817520         8.46361012239478456548843676777839347E-0002
 -0.343645421005165244922992854147133502         8.46507354316776036968958064117381759E-0002
 -0.362198202974249572408480383987187667         8.46662104668342704922642868809994734E-0002
 -0.380747410193295874093742453303885558         8.46825270961926963751911686850917396E-0002
 -0.399292859589117515895926260408656446         8.46996861285921301331439902812796868E-0002
 -0.417834368125616061864962642017807838         8.47176884150342551539399855919966503E-0002
 -0.436371752805587766580466575198349522         8.47365348487864070745136536377703386E-0002
 -0.454904830672529683673744573135002518         8.47562263654899962831236604458605657E-0002
 -0.473433418812445372649347018013498911         8.47767639432741598274709607008199630E-0002
 -0.491957334355650186184568095633723150         8.47981486028746684908710547509350910E-0002
 -0.510476394478576120089436509655490351         8.48203814077581160177013238609357186E-0002
 -0.528990416405576208114056517774695977         8.48434634642514186982870432538361471E-0002
 -0.547499217410728443794651005027297550         8.48673959216766547626598934468858151E-0002
 -0.566002614819639211534326246487307071         8.48921799724912742826890728581858451E-0002
 -0.584500426011246209119421666791929178         8.49178168524337115434217798307513045E-0002
 -0.602992468419620843877327229387306679         8.49443078406744331175572913373511309E-0002
 -0.621478559535770084686846034603286851         8.49716542599724561623038906210349990E-0002
 -0.639958516909437752057550221363210014         8.49998574768373727559238948901208328E-0002
 -0.658432158150905228500124299510061466         8.50289189016969174025593313575476081E-0002
 -0.676899300932791571415411533646434245         8.50588399890701161589569318377225594E-0002
 -0.695359762991853010735775898573631970         8.50896222377460571759910822457624474E-0002
 -0.713813362130781813558464372675036086         8.51212671909683238019399828158460613E-0002
 -0.732259916220004498016901868989849800         8.51537764366251327638344490366225460E-0002
 -0.750699243199479378642273862604924058         8.51871516074452213284098145052869403E-0002
 -0.769131161080493425474349693964517572         8.52213943811995287457973034833650657E-0002
 -0.787555487947458419187272545641731024         8.52565064809087186976490790417560942E-0002
 -0.805972041959706384502990138184045139         8.52924896750565909074673649052227931E-0002
 -0.824380641353284284172123200264395711         8.53293457778094315250787103339185234E-0002
 -0.842781104442747955809366669237434608         8.53670766492413533700457880910597402E-0002
 -0.861173249622955273877991298290537062         8.54056841955656786109376528590662959E-0002
 -0.879556895370858519125660811938169079         8.54451703693724179693924642197612904E-0002
 -0.897931860247295937781601887158907324         8.54855371698719020704227404875155298E-0002
 -0.916297962898782472833160965815441684         8.55267866431446221140622024678110711E-0002
 -0.934655022059299649707953146204793942         8.55689208823973386188770190433796557E-0002
 -0.953002856552084598696154077011895191         8.56119420282255185857168873767978473E-0002
 -0.971341285291418196456005803216109477         8.56558522688821630510296600099114667E-0002
 -0.989670127284412308954301806538125656         8.57006538405530886437870562624194716E-0002
  -1.00798920163279611820248495700458115         8.57463490276387284292617738669154216E-0002
  -1.02629832753470151515803465962169036         8.57929401630425190172654122504898963E-0002
  -1.04459732428644754117003605174047035         8.58404296284659426327237966229353744E-0002
  -1.06288601128432386035721459150105846         8.58888198547102945933681767633302252E-0002
  -1.08116420802637324531628368308181747         8.59381133219852484136093196139972387E-0002
  -1.09943173411417305856819101595458276         8.59883125602242925561044845294644158E-0002
  -1.11768840925461571215976095685009624         8.60394201494071146839087333189284224E-0002
  -1.13593405326168808784831552684324626         8.60914387198890111272228657252138501E-0002
  -1.15416848605824990030711512233951821         8.61443709527374011704287002596750631E-0002
  -1.17239152767781098579989209653338251         8.61982195800755276881745251858290149E-0002
  -1.19060299826630749878335550415716575         8.62529873854334276145938289668683593E-0002
  -1.20880271808387699890732362237624843         8.63086772041062577181823719982145749E-0002
  -1.22699050750663241089309218813567554         8.63652919235200631773153352231679688E-0002
  -1.24516618702843483978177052903929004         8.64228344836050785087708913396059696E-0002
  -1.26332957726266522405561480115355000         8.64813078771766524948730811150579800E-0002
  -1.28148049894399480914685727147707630         8.65407151503238908849307373175411166E-0002
  -1.29961877293015442386017288200222021         8.66010594028061128145078332201396857E-0002
  -1.31774422020370254224673909141161468         8.66623437884572190927142147972647372E-0002
  -1.33585666187379211347983209289402149         8.67245715155980727541777871076342679E-0002
  -1.35395591917793614229406183402184327         8.67877458474569945596975617847264913E-0002
  -1.37204181348377200256267969709982989         8.68518701025984784588540707014974516E-0002
  -1.39011416629082446659989611416449407         8.69169476553602344001676359233895052E-0002
  -1.40817279923226743278782066648292519         8.69829819362986682908703412478598290E-0002
  -1.42621753407668433414048422886812343         8.70499764326429113701459094125794471E-0002
  -1.44424819272982721043042133760099793         8.71179346887575137679726507017527848E-0002
  -1.46226459723637442651648105873810391         8.71868603066139195776866180335271195E-0002
  -1.48026656978168701952489608090824072         8.72567569462708433753031559063200626E-0002
  -1.49825393269356365754917242148802031         8.73276283263636707737638021530869351E-0002
  -1.51622650844399419254806588373452777         8.73994782246030083069121072268911561E-0002
  -1.53418411965091179013478609979177760         8.74723104782825106974789144348812846E-0002
  -1.55212658907994361896461450353913759         8.75461289847961163770409325138703106E-0002
  -1.57005373964616008244233875939076812         8.76209377021648249952063667135732438E-0002
  -1.58796539441582257548529288807738543         8.76967406495731535816137289645276580E-0002
  -1.60586137660812974909234943615432140         8.77735419079154110091769958309326396E-0002
  -1.62374150959696226548393738881004263         8.78513456203519334518818988251909274E-0002
  -1.64160561691262602659305698014408755         8.79301559928754266368829219987503674E-0002
  -1.65945352224359385870232996441087079         8.80099772948875638602570537417552589E-0002
  -1.67728504943824563603736112707673373         8.80908138597859919701681053613965301E-0002
  -1.69510002250660682614209368552685988         8.81726700855619008220564267664118127E-0002
  -1.71289826562208543987741760382659728         8.82555504354083150795087053089781315E-0002
  -1.73067960312320736890003557035580205         8.83394594383392706734417618036874979E-0002
  -1.74844385951535009349450630599116575         8.84244016898200417429597034672097523E-0002
  -1.76619085947247474364746882673615845         8.85103818524085874655700197195817209E-0002
  -1.78392042783885649626930411954919560         8.85974046564083918442749440492256074E-0002
  -1.80163238963081329148491224318891121         8.86854749005328732563440488594874131E-0002
  -1.81932657003843285093187297510691737         8.87745974525815443853291953963814031E-0002
  -1.83700279442729798102101662703548593         8.88647772501281070561640365427264334E-0002
  -1.85466088834021014413135838054053258         8.89560193012206704751131252591330149E-0002
  -1.87230067749891128072844428237916589         8.90483286850942854440733232337708779E-0002
  -1.88992198780580386541241971929716857         8.91417105528959912745145429656122423E-0002
  -1.90752464534566917991956159254954037         8.92361701284225763724705157187025819E-0002
  -1.92510847638738378611861336189545419         8.93317127088712578048084647858620353E-0002
  -1.94267330738563418206102745342319878         8.94283436656034895909390002427511972E-0002
  -1.96021896498262962416215204996416266         8.95260684449221139956604690159261830E-0002
  -1.97774527600981309860849883007099053         8.96248925688620747305201931006862956E-0002
  -1.99525206748957042510449461292839800         8.97248216359949157055440070109887992E-0002
  -2.01273916663693747609055292185395815         8.98258613222472938131336568001344258E-0002
  -2.03020640086130549458290101630352332         8.99280173817337391741325084363505554E-0002
  -2.04765359776812449380436377795207918         9.00312956476039013353647086484043407E-0002
  -2.06508058516060472179423778526430494         9.01357020329045250812924622697522247E-0002
  -2.08248719104141617420448678614944236         9.02412425314564048128238990067949080E-0002
  -2.09987324361438613850875339132380549         9.03479232187465718568385994335874617E-0002
  -2.11723857128619475287011097175736393         9.04557502528359746038654506182713805E-0002
  -2.13458300266806856293307426030034133         9.05647298752829170318248062335755468E-0002
  -2.15190636657747205982514683688166572         9.06748684120825269642039811968032035E-0002
  -2.16920849203979718267310832352339677         9.07861722746225313349382701686862817E-0002
  -2.18648920829005076895933353317568265         9.08986479606556217931846629020202426E-0002
  -2.20374834477453993606368980677090384         9.10123020552887001827704897708617782E-0002
  -2.22098573115255537735697713602478184         9.11271412319892997771484256723559957E-0002
  -2.23820119729805255623245820385533493         9.12431722536094846450758592818680111E-0002
  -2.25539457330133078148277197670634610         9.13604019734275361689565410368883936E-0002
  -2.27256568947071014745043474879088692         9.14788373362077425409479189426566097E-0002
  -2.28971437633420632240120636093650284         9.15984853792786140257809854457483163E-0002
  -2.30684046464120316859083648832684132         9.17193532336298539081170673963809027E-0002
  -2.32394378536412317751710620239239548         9.18414481250284223406620326780100933E-0002
  -2.34102416970009570387064325119333992         9.19647773751540377817892168069991520E-0002
  -2.35808144907262298171971545703954124         9.20893484027544683628407642016021938E-0002
  -2.37511545513324390648609508538047199         9.22151687248209733604766756100585502E-0002
  -2.39212601976319556629113777914061245         9.23422459577842629734607783538373112E-0002
  -2.40911297507507250627343246004218629         9.24705878187313528213024638141000963E-0002
  -2.42607615341448370950175325381520360         9.26002021266436979995569336195290659E-0002
  -2.44301538736170727812958077871606420         9.27310968036570001488297382109700253E-0002
  -2.45993050973334279846015782403629661         9.28632798763430898273040633684802684E-0002
  -2.47682135358396137361390331326545801         9.29967594770142955257531037588036528E-0002
  -2.49368775220775330751302826966890055         9.31315438450507199355333224392771720E-0002
  -2.51052953914017342392137805305578574         9.32676413282508535801784694266798424E-0002
  -2.52734654815958400430086618666254233         9.34050603842059656563187343325963685E-0002
  -2.54413861328889532826936641199538154         9.35438095816987219063192498442004665E-0002
  -2.56090556879720380046859096521383477         9.36838976021264895700539079393287281E-0002
  -2.57764724920142764767430422766749804         9.38253332409497999435991047934082432E-0002
  -2.59436348926794017000520163041527759         9.39681254091664498155580797851606897E-0002
  -2.61105412401420053011092375127992795         9.41122831348117340646432221739420827E-0002
  -2.62771898871038206424397469496844220         9.42578155644853129927146899612803603E-0002
  -2.64435791888099809914477185219747291         9.44047319649052295436007060594438237E-0002
  -2.66097075030652525869367075121243913         9.45530417244896034278560684110301108E-0002
  -2.67755731902502424430858370162261297         9.47027543549665413455535811564325049E-0002
  -2.69411746133375807309174404157365174         9.48538794930128149819146235444519099E-0002
  -2.71065101379080775775425878886376335         9.50064269019218712530088253799447987E-0002
  -2.72715781321668541237234111704197348         9.51604064733017524101096884809796705E-0002
  -2.74363769669594476805452007961340893         9.53158282288035170810955935693338808E-0002
  -2.76009050157878908262468813846972015         9.54727023218807671453484349996268731E-0002
  -2.77651606548267642845156706426538009         9.56310390395808995150519784602839633E-0002
  -2.79291422629392234258104941282605526         9.57908488043687164410790657950433904E-0002
  -2.80928482216929982335390578741195691         9.59521421759830428865657228074247604E-0002
  -2.82562769153763665771753721483159461         9.61149298533270148269321367436126479E-0002
  -2.84194267310141006346679693553358891         9.62792226763927180530149844333451806E-0002
  -2.85822960583833863067540647388220764         9.64450316282208731859835461461461807E-0002
  -2.87448832900297154660614675329576602         9.66123678368962791710686320021914620E-0002
  -2.89071868212827508841481598871345469         9.67812425775797445144817918681534363E-0002
  -2.90692050502721636798991186134169650         9.69516672745772529772979890695588118E-0002
  -2.92309363779434431329711579167486116         9.71236535034471283550002345816320720E-0002
  -2.93923792080736787062493170872024687         9.72972129931459813657641735264117359E-0002
  -2.95535319472873141215526029699479717         9.74723576282142405587769890708112477E-0002
  -2.97143930050718733331027201749191267         9.76490994510020885507955843251651080E-0002
  -2.98749607937936582435467797221453875         9.78274506639366448201029737102039542E-0002
  -3.00352337287134180076038664029485221         9.80074236318312567478779616820347884E-0002
  -3.01952102280019897686857638191816903         9.81890308842377816141384965625052657E-0002
  -3.03548887127559106741240810747770926         9.83722851178427638457880091744834856E-0002
  -3.05142676070130010149194936533871259         9.85571991989084339953885262627547953E-0002
  -3.06733453377679183362138003251364486         9.87437861657594787191946643238793153E-0002
  -3.08321203349876823649720051717134140         9.89320592313165544404090321491184929E-0002
  -3.09905910316271706016496561745135412         9.91220317856775414478948966797946125E-0002
  -3.11487558636445844229102064326367320         9.93137173987475599116949522651910892E-0002
  -3.13066132700168855427482081086455668         9.95071298229187947153247698185012857E-0002
  -3.14641616927552026796666997676280546         9.97022829958012021323107787099161680E-0002
  -3.16213995769202082778512019919160234         9.98991910430051982329323249646408169E-0002
  -3.17783253706374651305782911175968052        0.100097868280977456519471874321685475      
  -3.19349375251127427543937737327097726        0.100298329219890970678131332191599373      
  -3.20912344946473033628940322689515077        0.100500588566590567527608150250169498      
  -3.22472147366531572892441516622785584        0.100704661227595085263463635444741909      
  -3.24028767116682877068679656917225600        0.100910562312157462970060004843000372      
  -3.25582188833718444980481762540570878        0.101118307135384019125109222637625044      
  -3.27132397185993071204791965040420157        0.101327911221414229483832108661840861      
  -3.28679376873576163221213464805548469        0.101539390306662348329423240111077680      
  -3.30223112628402745550124845281187424        0.101752760343122251644032353149831103      
  -3.31763589214424149390020864767049544        0.101968037501736916320946331635970803      
  -3.33300791427758386266831841112166605        0.102185238175833986136332131184744046      
  -3.34834704096840204211094418822384826        0.102404378984628912861172359453540958      
  -3.36365312082570824981979830034521181        0.102625476776797199655476210668428967      
  -3.37892600278467360860333699561123700        0.102848548634117313783302397015610140      
  -3.39416553610811909536043968702623240        0.103073611875185876755698453323143005      
  -3.40937157038800325618230591546545837        0.103300684059206782287791254429919910      
  -3.42454395554690667299942259669920736        0.103529782989855935985796660714585114      
  -3.43968254183951316712251505031209459        0.103760926719223355500937816421988607      
  -3.45478717985408772505860084739177045        0.103994133551834416042961187216708374      
  -3.46985772051395113201561533532531293        0.104229422048752073680469802121526421      
  -3.48489401507895129854157148267923011        0.104466811031761947814633212495803561      
  -3.49989591514693126577685411424970069        0.104706319587642194644653498238727989      
  -3.51486327265519387483102935383504529        0.104947967072520155397095698476068893      
  -3.52979593988196308582847383657001470        0.105191773116317816618089228282470538      
  -3.54469376944784193220019466882680914        0.105437757627288174980638732369795664      
  -3.55955661431726709583241987537915518        0.105685940796644655893995131487927580      
  -3.57438432779996008871588985298556786        0.105936343103285793775440098678084557      
  -3.58917676355237502677327281761807938        0.106188985318617442216287170423996196      
  -3.60393377557914298157576105868539911        0.106443888511474844504993270711689475      
  -3.61865521823451289569367966582297891        0.106701074053146959124926733816025913      
  -3.63334094622378904745985493880224289        0.106960563622505500988897431057087348      
  -3.64799081460476505095854559411471236        0.107222379211241227375891830705929602      
  -3.66260467878915437708693580669601526        0.107486543129210067869071470819544498      
  -3.67718239454401738157052473456950703        0.107753078009891770132228332276632462      
  -3.69172381799318482584822212903130854        0.108022006815963808181641079750970017      
  -3.70622880561867787677757359311362446        0.108293352844993376991713616040718071      
  -3.72069721426212457114529167482581103        0.108567139735250376899074527842250393      
  -3.73512890112617273100315992608822721        0.108843391471644373427378080685315789      
  -3.74952372377589931588440597898293754        0.109122132391788602933649936184501527      
  -3.76388154014021619799080624222664401        0.109403387192194181969953328471486610      
  -3.77820220851327234647608865554493044        0.109687180934597768558368393696166700      
  -3.79248558755585240698664070945866124        0.109973539052426016793555400974048306      
  -3.80673153629677166265610729309684434        0.110262487357400262420275845859840642      
  -3.82093991413426736278617652189157866        0.110554052046284976392097896673275621      
  -3.83511058083738640548170116791085211        0.110848259707783626015379662980494127      
  -3.84924339654736936054428831432442912        0.111145137329585689237300720062015923      
  -3.86333822177903081896461002691927812        0.111444712305568677070723626889018159      
  -3.87739491742213605538994282319237954        0.111747012443159132189473852832186274      
  -3.89141334474277398997983316552852851        0.112052065970856688507844094159766332      
  -3.90539336538472643609930975016929744        0.112359901545925397215755654581429421      
  -3.91933484137083362033572064762454756        0.112670548262256649419665584427836028      
  -3.93323763510435596136206401107661811        0.112984035658408154388486577729697102      
  -3.94710160937033209420660474407117818        0.113300393725823565579115892503610141      
  -3.96092662733693312652562584295536892        0.113619652917237484279689949552200366      
  -3.97471255255681311351335173738285171        0.113941844155270713029133670144014630      
  -3.98845924896845573812040147671978499        0.114266998841220778124703084847916461      
  -4.00216658089751718328958168301722562        0.114595148864052892698093870906764656      
  -4.01583441305816518295541244272722809        0.114926326609596689216031485673067521      
  -4.02946261055441423859149336860024106        0.115260564969954213041802024994180634      
  -4.04305103888145698812766155798804099        0.115597897353124837087033904704451557      
  -4.05659956392699171409686773057917999        0.115938357692852931804068051576344875      
  -4.07010805197254597790980107261956041        0.116281980458704305043495629197389496      
  -4.08357636969479636719352686984547174        0.116628800666377612863528989514630236      
  -4.09700438416688434316876350033065464        0.116978853888257135472477542927245369      
  -4.11039196285972817507891640260042379        0.117332176264213512367912766757753447      
  -4.12373897364333094872260585380335698        0.117688804512659237672320729214876372      
  -4.13704528478808463618017240629868891        0.118048775941865930932879378317760881      
  -4.15031076496607021386351825629766120        0.118412128461550620542259280776098906      
  -4.16353528325235381605764427151510363        0.118778900594738506750478097169532524      
  -4.17671870912627891116137050121452602        0.119149131489909909290542975746405163      
  -4.18986091247275448787398234538781470        0.119522860933439351262484112384845317      
  -4.20296176358353923861392478267432761        0.119900129362334986455570015073816057      
  -4.21602113315852172749517276032704158        0.120280977877286842096418293020592677      
  -4.22903889230699653022653664417008966        0.120665448256032623466799145125510464      
  -4.24201491254893633333891712092240169        0.121053582967050111331383346863068341      
  -4.25494906581625998018540374711586780        0.121445425183585478062332968464013359      
  -4.26784122445409645119911505451555088        0.121841018798027154172767219208500651      
  -4.28069126122204476593380535663384635        0.122240408436635194122441366300506162      
  -4.29349904929542979445251375858017881        0.122643639474636419204486409027538568      
  -4.30626446226655396566990395584830299        0.123050758051695956551166246178661106      
  -4.31898737414594486029443881824839546        0.123461811087776147321143083185260959      
  -4.33166765936359867605715109336749467        0.123876846299394164486083109716715940      
  -4.34430519277021955295451042881288198        0.124295912216290061880709796176295114      
  -4.35689984963845474627374690198233455        0.124719058198517371903745584206972066      
  -4.36945150566412563520997195694151763        0.125146334453968780071017574797365912      
  -4.38196003696745455492553867570864447        0.125577792056349831168496583944382430      
  -4.39442532009428743994330425019983888        0.126013482963614064704535946603042559      
  -4.40684723201731226680679796444092454        0.126453460036873437421162467196144042      
  -4.41922565013727328398175753638944164        0.126897777059798368531415958812149583      
  -4.43156045228418101701507489564554351        0.127346488758522239876022357179173163      
  -4.44385151671851803700888897710165974        0.127799650822065699147654584463223891      
  -4.45609872213244048050937747966096225        0.128257319923296650563107217045773954      
  -4.46830194765097530895173136085252820        0.128719553740442374762240154224556757      
  -4.48046107283321329584484469863683257        0.129186410979170799209983829066457554      
  -4.49257597767349772992141803592319121        0.129657951395258542951879654810761675      
  -4.50464654260260882252145501515501764        0.130134235817863986250195152640139640      
  -4.51667264848894380751952959245585410        0.130615326173424267482610531477586172      
  -4.52865417663969272214871397482302716        0.131101285510195787847905829114317523      
  -4.54059100880200985711668523012197957        0.131592178023458510078013987040628953      
  -4.55248302716418086445227085745323114        0.132088069081405071747257563379844932      
  -4.56433011435678551156355005298636803        0.132589025251736498203767836728883108      
  -4.57613215345385607003159754060514217        0.133095114328987095996816217129196368      
  -4.58788902797403132770704023358718814        0.133606405362601936378110801193372294      
  -4.59960062188170621271979322783506953        0.134122968685791201529115321844572497      
  -4.61126681958817701805565027255304223        0.134644875945186565201329706268539214      
  -4.62288750595278221539682449328724487        0.135172200131325716124836957648015438      
  -4.63446256628403884696706732637179812        0.135705015609992108600851082645632369      
  -4.64599188634077448416563693340465444        0.136243398154438041995894901659437441      
  -4.65747535233325474181814136867283834        0.136787424978520231343953724618192295      
  -4.66891285092430633691614603962293463        0.137337174770778136985266694754512250      
  -4.68030426923043568076140909760639273        0.137892727729486474280319703525149932      
  -4.69164949482294299347469188921406966        0.138454165598714527202447444945513688      
  -4.70294841572903192987328405246404880        0.139021571705426144419500810829002492      
  -4.71420092043291470576568382075942205        0.139595030997655605838412150777874306      
  -4.72540689787691271375628316365579821        0.140174630083795914154566835046717118      
  -4.73656623746255261769742410877202548        0.140760457273037492511144639220019235      
  -4.74767882905165791497081651428022036        0.141352602616996758872975239654885644      
  -4.75874456296743595582503825590229441        0.141951157952575603255266637752115457      
  -4.76976332999556040904067581474617440        0.142556216946094418788950260455744438      
  -4.78073502138524916323960616011215683        0.143167875138743035199386345270459057      
  -4.79165952885033765319996917102032749        0.143786229993395677261474906771951768      
  -4.80253674457034760058353318704440036        0.144411380942837925010586081008663493      
  -4.81336656119155115852741417744052581        0.145043429439455590987188575971658275      
  -4.82414887182803044959747102085442155        0.145682479006437456851901321402791580      
  -4.83488357006273248664616504837177271        0.146328635290545931845313961328487400      
  -4.84557054994851946616324087161778534        0.146982006116511913556592933116872401      
  -4.85620970600921442375325714526535817        0.147642701543112452350537504319814165      
  -4.86680093324064224141976984891746552        0.148310833920992249915777837649178962      
  -4.87734412711166599638184646511729402        0.148986517952292565374063386705921752      
  -4.88783918356521864119456662543433940        0.149669870752153765193558326816191560      
  -4.89828599901933000499124294139936250        0.150361011912160542084363382898582016      
  -4.90868447036814910571127437674327589        0.151060063565801749795794419679249051      
  -4.91903449498296176322382319617022773        0.151767150456019862346422454828515712      
  -4.92933597071320350330388478701128533        0.152482400004928275179210740975925152      
  -4.93958879588746774246379703582771863        0.153205942385778029967313022068963179      
  -4.94979286931450924368981199364868640        0.153937910597259072694303977410447462      
  -4.95994809028424283318002682135054506        0.154678440540224855090639400913853106      
  -4.97005435856873736822674301005768621        0.155427671096932971955493514885599190      
  -4.98011157442320494643319215874722193        0.156185744212898601329212665938170317      
  -4.99011963858698534650153269989088581        0.156952804981461791513576582279901489      
  -5.00007845228452569087608443043067140        0.157729001731174129820201176205421120      
  -5.00998791722635532057292606517254077        0.158514486116115044608749646703373390      
  -5.01984793561005587257423481736092761        0.159309413209252947341438097162983217      
  -5.02965841012122655021309576039000509        0.160113941598971628502276461085857037      
  -5.03941924393444457702195196800266302        0.160928233488887794624326613528109740      
  -5.04913034071422082456540369967927867        0.161752454801091388551585690868139226      
  -5.05879160461595060482569572405196998        0.162586775282946387611417989796281846      
  -5.06840294028685961775695578599899540        0.163431368617596141794894877775367666      
  -5.07796425286694504467206375156273479        0.164286412538324014642482498426194197      
  -5.08747544798991177817393963706318466        0.165152088946927142795377837228382309      
  -5.09693643178410377939103907190814127        0.166028584036268556843309224259843987      
  -5.10634711087343055332493628488690840        0.166916088417180728272919918008602975      
  -5.11570739237828873316605696653272773        0.167814797249901848538780395001266528      
  -5.12501718391647876448189586991032233        0.168724910380234831634123605803048479      
  -5.13427639360411668023041629249913339        0.169646632480628187785820770994458050      
  -5.14348493005654095759978015538358647        0.170580173196387571576849777625796674      
  -5.15264270238921444772409778453167035        0.171525747297236993362687294322210065      
  -5.16174962021862136937351522346829726        0.172483574834459430803932120989715404      
  -5.17080559366315935776567348718420524        0.173453881303857922401644234189352769      
  -5.17981053334402655969437812285194915        0.174436897814790204181838141714788948      
  -5.18876435038610376622020829217204580        0.175432861265542603768541142342205223      
  -5.19766695641883157421677185041206346        0.176442014525322275390256501237097438      
  -5.20651826357708256811537608504321507        0.177464606623160990212465257493402884      
  -5.21531818450202851324003240808926210        0.178500892944038637284845916193972849      
  -5.22406663234200255217394688580398431        0.179551135432550393262363067635562952      
  -5.23276352075335639564796655117036903        0.180615602804458239515531736245435809      
  -5.24140876390131249949085349221797066        0.181694570766485202870494345551108218      
  -5.25000227646081121923074425470591865        0.182788322244729434881322245477567459      
  -5.25854397361735293398672065291582112        0.183897147622095092724417916383834810      
  -5.26703377106783513133906915791944174        0.185021344985158015996574004306654485      
  -5.27547158502138444491653913869454817        0.186161220380906486761093260410153176      
  -5.28385733220018363648872487701313673        0.187317088083820999809733638505554829      
  -5.29219092984029351440159197046864735        0.188489270873782047275937878074851696      
  -5.30047229569246978024414498689279221        0.189678100325321534238972703060339332      
  -5.30870134802297479568428954449246925        0.190883917108761694959275729081239912      
  -5.31687800561438426146207787127766593        0.192107071303815386020182609060690540      
  -5.32500218776638880057874184993106664        0.193347922726253514700439884388664386      
  -5.33307381429659043777021108458832021        0.194606841268279249513361806877402495      
  -5.34109280554129396740418513767733306        0.195884207253284696329364740231787420      
  -5.34905908235629320199027828085848127        0.197180411805704060180079440281087372      
  -5.35697256611765209354328138630180460        0.198495857236718114024345852122332662      
  -5.36483317872248072009018845435806269        0.199830957446608238741345239710411867      
  -5.37264084258970612966231423169834588        0.201186138344604574838913331834835621      
  -5.38039548066083803416458392003053151        0.202561838287122142631391389155720201      
  -5.38809701640072934556490560862370610        0.203958508535331367483825741592809608      
  -5.39574537379833154689744028241550622        0.205376613733065531884305155080076054      
  -5.40334047736744489062456255903834515        0.206816632406127528184966534533165428      
  -5.41088225214746341695335718954315184        0.208279057484122188071305562717985960      
  -5.41837062370411478475362131506235293        0.209764396846008724007719357088625280      
  -5.42580551813019490777554000055450523        0.211273173890640766657754511608348359      
  -5.43318686204629738891647216181236547        0.212805928133639481325898003527359929      
  -5.44051458260153774533762515708411126        0.214363215832028687309889128094373256      
  -5.44778860747427241728280852323726930        0.215945610638150211828590528687620028      
  -5.45500886487281255350294009096914730        0.217553704284473346863740084618730527      
  -5.46217528353613256624153050602197406        0.219188107301014745117847192247288153      
  -5.46928779273457344878799450489044303        0.220849449767194936840353288748221238      
  -5.47634632227054084865732863462239030        0.222538382100075467484621651799050247      
  -5.48335080247919788950645495683722066        0.224255575881047095213147065564011223      
  -5.49030116422915273494935812517269542        0.226001724723175253794174206691725781      
  -5.49719733892314088748503856149871617        0.227777545181554851295057984992898059      
  -5.50403925849870221580426676722095986        0.229583777709183279704222170216167431      
  -5.51082685542885270379315257899038687        0.231421187661029174520812539086619735      
  -5.51756006272275091460363789963398117        0.233290566349155991454416203121036633      
  -5.52423881392635916321318159097355807        0.235192732151954959180468112050926396      
  -5.53086304312309939094813029060350791        0.237128531680752626367431814829240678      
  -5.53743268493450373549755839421450637        0.239098841007285366839720867245949603      
  -5.54394767452085978999671381260237948        0.241104566955778284939080799647097418      
  -5.55040794758185054481162285138304265        0.243146648463630560848187787699823975      
  -5.55681344035718900570888715431342616        0.245226058014995135656246598578514203      
  -5.56316408962724748214724758004246900        0.247343803151849673801263680399614035      
  -5.56945983271368153948009362851766808        0.249500928067490063293695716899165765      
  -5.57570060748004860891076207797385153        0.251698515287739641528317754665662825      
  -5.58188635233242124909519431664883887        0.253937687445559422509877277246616347      
  -5.58801700621999505333930793472305021        0.256219609155169668702617943208727608      
  -5.59409250863569119639128396048951773        0.258545488992254308724996834803122950      
  -5.60011279961675361488187615886023092        0.260916581587320387951430650848060566      
  -5.60607781974534081551881253785310393        0.263334189839828753505507524744587210      
  -5.61198751014911230519438110695030194        0.265799667261303724792250999760427710      
  -5.61784181250180963721837147686863420        0.268314420456273245938425626656453354      
  -5.62364066902383206794168055946245445        0.270879911750592125166588056312428474      
  -5.62938402248280681808908389475148618        0.273497661977465174564148160682537059      
  -5.63507181619415393317292347443428872        0.276169253432320745638150234404065291      
  -5.64070399402164573741276782216293095        0.278896333008595400601847403789976607      
  -5.64628050037796087563946000421842474        0.281680615527485159574644934689545125      
  -5.65180128022523293771538365339841600        0.284523887275806717259315013879599630      
  -5.65726627907559366005624546673021257        0.287428009767303045310258762245701441      
  -5.66267544299171069889319445634192649        0.290394923744032853339710771780151458      
  -5.66802871858731996996767296422367468        0.293426653435914734054532307904399315      
  -5.67332605302775254940502156692843102        0.296525311098068194180345919959342879      
  -5.67856739403045613056653896622024307        0.299693101847320559823038525273481008      
  -5.68375268986551103173342825648643942        0.302932328821148210610013250297003668      
  -5.68888188935614074952984204909371140        0.306245398684412143446026181583427604      
  -5.69395494187921705304607028698807235        0.309634827511553321374654389621744546      
  -5.69897179736575961367679566842176934        0.313103247074457213001668927276999516      
  -5.70393240630143016574327188495193107        0.316653411569007105223511057664189916      
  -5.70883671972702119302225883352561434        0.320288204816453497474071560277689339      
  -5.71368468923893913635857605279381275        0.324010647979167581758802558705806896      
  -5.71847626698968211759221032655702235        0.327823907834160596324904177240692728      
  -5.72321140568831217508503515874200556        0.331731305651983210398450530367024277      
  -5.72789005860092200618636812038333378        0.335736326733321730288102869009418062      
  -5.73251217955109621203080636511495205        0.339842630660839596221338528050149911      
  -5.73707772292036704011604037059330777        0.344054062329640332416007340793488579      
  -5.74158664364866462016265065355233366        0.348374663826228232157849787683428969      
  -5.74603889723476168881224128986668453        0.352808687233102933122330300510320109      
  -5.75043443973671279877465701166935078        0.357360608444243633504639770491902920      
  -5.75477322777228800808946691439690473        0.362035142085832646286044751430853054      
  -5.75905521851940104522137685035615546        0.366837257646767956281265372965896473      
  -5.76328036971653194576375387433378774        0.371772196934971942144935773566974428      
  -5.76744863966314415657900910280253969        0.376845492988393110240008697345996375      
  -5.77155998722009610325918951289878261        0.382062990584121275693049726589979039      
  -5.77561437181004721684477400163612123        0.387430868505427532894626927980819418      
  -5.77961175341785841579435391045559426        0.392955663745069209018627409785346477      
  -5.78355209259098703925260265547762489        0.398644297844181193417969355779599521      
  -5.78743535043987622771870254960589239        0.404504105589874605090608322483053584      
  -5.79126148863833874727219881844567506        0.410542866321708725564538697230569103      
  -5.79503046942393525356809065696622235        0.416768838127991777188034168980429018      
  -5.79874225559834699186784640671112832        0.423190795247985574350837196286963916      
  -5.80239681052774292942794401252645035        0.429818069036225586635452176060825514      
  -5.80599409814314131662248830125361514        0.436660592891130732165443593932797130      
  -5.80953408294076567323144277028485097        0.443728951602821392347611389839129604      
  -5.81301672998239519638103493861201999        0.451034435635719938074152714596868044      
  -5.81644200489570958667795035397651638        0.458589100931416435808454575768963131      
  -5.81980987387462828913402052356751160        0.466405834898038432149568558942644294      
  -5.82312030367964414553323379870055108        0.474498429345870929352871620702923558      
  -5.82637326163815145494805505198890566        0.482881661237507823254892791579167184      
  -5.82956871564476843916722929432086203        0.491571382247111532761156760522527534      
  -5.83270663416165410985246564378103119        0.500584618270702250718350535873408789      
  -5.83578698621881953429665073449121250        0.509939680201763744880047020139517604      
  -5.83880974141443349671152419487470583        0.519656287488650626755060994298712116      
  -5.84177486991512255202806268644107334        0.529755706228161993280040787169891599      
  -5.84468234245626546924816262992065184        0.540260903830344731097654742871848005      
  -5.84753213034228206144158460923028882        0.551196722621845004256317832773934380      
  -5.85032420544691639953752398881604351        0.562590075149679533000748228816293569      
  -5.85305854021351440711560195960402718        0.574470164417404076934912601381659256      
  -5.85573510765529583345652849602863052        0.586868732847739564288144371542872640      
  -5.85835388135562060216817301405720548        0.599820344440215943154063199619071137      
  -5.86091483546824953275828932018425102        0.613362705404859298966214175223748508      
  -5.86341794471759943258067818615690245        0.627537029535464162857911392337140587      
  -5.86586318439899255663713302559200282        0.642388455779048540305017210004246070      
  -5.86825053037890043277310113827721919        0.657966526913035048902901495681292881      
  -5.87057995909518204986060427719339923        0.674325740024010231957926604373303846      
  -5.87285144755731640661759733329177525        0.691526181675524794978624585092642884      
  -5.87506497334662941876860217471220359        0.709634263365547564231152289243023833      
  -5.87722051461651518230713457111309616        0.728723576247291436676173558572986650      
  -5.87931805009265159067614513055206333        0.748875888303511428294793641656959455      
  -5.88135755907321030373841972614247077        0.770182312464969238050397469727414112      
  -5.88333902142906106646463044253631285        0.792744680867451548859094173831623504      
  -5.88526241760397037532249407796190970        0.816677168973701946737776767028910225      
  -5.88712772861479449040628114568796519        0.842108224218216309662591644885911843      
  -5.88893493605166679140172357880916511        0.869182867938128898784941145856135484      
  -5.89068402207817947553719340337721917        0.898065457690276980100533810119793699      
  -5.89237496943155959572786695617427740        0.928943021082142240081891920116607672      
  -5.89400776142283943717544923370178689        0.962029303995138191297023169118520132      
  -5.89558238193702123074191011692139575        0.997569718413074007386445113458567590      
  -5.89709881543323620147157797045047952         1.03584743205718843897172105073962287      
  -5.89855704694489795069184591363445831         1.07719091953359343066171853444961149      
  -5.89995706207985017017867135238412717         1.12198340126758026613796599447391892      
  -5.90129884702050868692898959291873546         1.17067474476861596473866451794581963      
  -5.90258238852399783713811697948698434         1.22379661169488591612345797977397479      
  -5.90380767392228116803618745549893072         1.28198193265056482983286698906205685      
  -5.90497469112228646629364818890596779         1.34599022442227090739190150744123416      
  -5.90608342860602511176183437559635077         1.41674090213229705320654760901405736      
  -5.90713387543070575537064998638733644         1.49535769544292130339965761353599301      
  -5.90812602122884232006139950112886575         1.58322874106812320675157859647858725      
  -5.90905985620835632368884502461007045         1.68208920997719625912548091070086344      
  -5.90993537115267352288260305039157581         1.79413698547980788029693055889945515      
  -5.91075255742081487691404497728279317         1.92219791763323070162975577600530995      
  -5.91151140694748183067092473575483065         2.06996734891445279068099148570765712      
  -5.91221191224313591589802499484405401         2.24237240272834618966392220921100077      
  -5.91285406639407266991818984068915079         2.44613188382938541891225224771173985      
  -5.91343786306248987110419599230410595         2.69065211899640091738124185618048012      
  -5.91396329648655009042800599499261430         2.98952002482383903374068888942215840      
  -5.91443036148043755847004485335695130         3.36311597635647179416825663597289984      
  -5.91483905343440934732724568048134424         3.84346627741100621406024307368881681      
  -5.91518936831484086691471959385148455         4.48394810121930926782779607237297450      
  -5.91548130266426567521201972812833354         5.38064035984351038145590841240609487      
  -5.91571485360140960206108830619704580         6.72570087771376690998873345310662225      
  -5.91589001882121918617909865908793785         8.96749791224157192240773434835741337      
  -5.91600679659488442510553035850531954         13.4511362362729950812625837849771815      
  -5.91606518576985583785894466885780015         26.9021397152612571843569286663745976      
