   9.81024967590665397665361524559557438         5.42211090540962789754090784887293918E-0032
   9.81020126430478238599785193480758503         5.42693344332571520545029350707266070E-0032
   9.81005602997697057994881706548826813         5.44142659680202298569852731065578918E-0032
   9.80981397435662274053889907452058163         5.46566720869206926792062554839961382E-0032
   9.80947509983273011879403179191724706         5.49978409870343529198174784018476069E-0032
   9.80903940974984745635452160043434837         5.54395919538910963689741676297618388E-0032
   9.80850690840805997606999881896628908         5.59842914021559455851054165310525475E-0032
   9.80787760106294094189428281111598639         5.66348738334720100230848798053094320E-0032
   9.80715149392549978849902752285812723         5.73948679691795719045149938606354426E-0032
   9.80632859416212082111808722169186334         5.82684283809856494245955783808680275E-0032
   9.80540890989449248622761022551913984         5.92603730131096171762045672237220192E-0032
   9.80439245019952721375993045414190364         6.03762270661210782445653532283681391E-0032
   9.80327922510927183164238179126120869         6.16222737968842233533950138385719624E-0032
   9.80206924561080855354520759176662008         6.30056128821415697573522235949407471E-0032
   9.80076252364614654081577628958584481         6.45342270968961814513066694021536039E-0032
   9.79935907211210403966934303716834176         6.62170581746784782705371248127166602E-0032
   9.79785890486018109479961572064446291         6.80640928470484043462097865517063760E-0032
   9.79626203669642284066539062677929835         7.00864602066094652307244613417048206E-0032
   9.79456848338127337180251757108682500         7.22965417040575745183459747601273105E-0032
   9.79277826162942019360343551306688357         7.47080952784081510128346159361138011E-0032
   9.79089138910962925509948666678767112         7.73363953340535401333907636890848943E-0032
   9.78890788444457056537416894541343767         8.01983905227523415446741956975078939E-0032
   9.78682776721063439532842233937371380         8.33128815677250868796205913481718048E-0032
   9.78465105793773806661196360244830489         8.67007216861456180776409309116878374E-0032
   9.78237777810912332962758449103075997         9.03850425317540644293394122457720924E-0032
   9.78000795016114433260821085233771140         9.43915089983622126420332719959664054E-0032
   9.77754159748304618385938217064438832         9.87486067061407622957620734322365299E-0032
   9.77497874441673410935265284023389705         1.03487966545616359244623812740605941E-0031
   9.77231941625653320794823652333996881         1.08644731290728028845563117649322222E-0031
   9.76956363924893880661801255484304927         1.14257970025458449212490002061518724E-0031
   9.76671144059235741813278755697274420         1.20371146974052627319680311081911995E-0031
   9.76376284843683830377045531113213956         1.27032652300867152606717623019652449E-0031
   9.76071789188379564369442258478712724         1.34296403573733216288159003345392191E-0031
   9.75757660098572131774436711400205063         1.42222527889257824051585666369868963E-0031
   9.75433900674588829947406538175465795         1.50878136168879176349195734202987118E-0031
   9.75100514111804466636367129399905575         1.60338202884899686984134769372372384E-0031
   9.74757503700609822922644142521129279         1.70686566506225503587515639772748973E-0031
   9.74404872826379178392248726878023995         1.82017068311210008931541146899108528E-0031
   9.74042624969436898858468897132200193         1.94434849955145950651452872297946615E-0031
   9.73670763705023086965442744032843184         2.08057833367646692802291524584204683E-0031
   9.73289292703258296011728157835048243         2.23018410267015797996675431346190678E-0031
   9.72898215729107307342129380132740605         2.39465372905013374250428020129221346E-0031
   9.72497536642341971665282903119596579         2.57566122702684762662188368872469747E-0031
   9.72087259397503114663743910138170138         2.77509199331853003261938385198323714E-0031
   9.71667388043861507272549506636677912         2.99507179686062979062753939160900224E-0031
   9.71237926725377901011466335178369324         3.23800004244923437997492976640690430E-0031
   9.70798879680662128765357710830438706         3.50658797774943178922940680627939795E-0031
   9.70350251242931271416329063025908907         3.80390262374578201417198016521420559E-0031
   9.69892045839966890740530135809145061         4.13341733853610203244908204955513881E-0031
   9.69424267994071328991707989249233898         4.49907007684148191816763588839633882E-0031
   9.68946922322023075602816269781265416         4.90533058684741112128638025038034086E-0031
   9.68460013535031201446193385400492693         5.35727799690564004239024126045969450E-0031
   9.67963546438688861102025042117427276         5.86069049304931712836406509049776187E-0031
   9.67457525932925863594004980055001655         6.42214908115709396436275915417797341E-0031
   9.66941957011960312060301600247694060         7.04915777323528742686923318840270752E-0031
   9.66416844764249312837127405847347487         7.75028294556529578436341225927214681E-0031
   9.65882194372438754441392703357303276         8.53531509920653710560514259785255675E-0031
   9.65338011113312156948104730057895525         9.41545682468698853055016521354336226E-0031
   9.64784300357738592267348202352173167         1.04035414495695322264971633585824779E-0030
   9.64221067570619675834853125799071001         1.15142876502161861785866023947215488E-0030
   9.63648318310835630239320480609490728         1.27645962617800102350237299254156002E-0030
   9.63066058231190421318836005906220967         1.41738966523940202402497537094306597E-0030
   9.62474293078355967267856661689720648         1.57645513737226645659456923355385702E-0030
   9.61873028692815421305403358858686697         1.75623294026050227965161464911107718E-0030
   9.61262271008805528464237124509991015         1.95969601981263332034043893576925680E-0030
   9.60642026054258057069933921843580633         2.19027830761461451956010344180928706E-0030
   9.60012299950740305487905781135421531         2.45195091226785048231906307234535458E-0030
   9.59373098913394684725542630282034435         2.74931161173658479089835553638614125E-0030
   9.58724429250877377485770150286492049         3.08769008258726403601757206350358795E-0030
   9.58066297365296074277434032727929679         3.47327176750151423313883437498138400E-0030
   9.57398709752146787197030092772802866         3.91324384037416380342767750826897923E-0030
   9.56721673000249742005402702743390215         4.41596739767114944693488940430865896E-0030
   9.56035193791684349132130867814338925         4.99118080855504676135851578891533648E-0030
   9.55339278901723254249411877279089352         5.65024012253869637441775480138914024E-0030
   9.54633935198765469066336742294117358         6.40640359604394894246747900644955787E-0030
   9.53919169644268583003529484411946675         7.27516879948331874508459169245341714E-0030
   9.53194989292680056417193678959076235         8.27467245454655538865835379443152387E-0030
   9.52461401291367596050674393871848136         9.42616518839173760393877920878809679E-0030
   9.51718412880548613400701708506593812         1.07545758519194385183686851546596656E-0029
   9.50966031393218766694533258790877601         1.22891830241444857152686804241413308E-0029
   9.50204264255079587183257645548022500         1.40644149248604483268111050031813498E-0029
   9.49433118984465190465557972642859086         1.61208033189597137096431925271720892E-0029
   9.48652603192268073565265161567012468         1.85061222838497064870430175398650729E-0029
   9.47862724581863998495053930080824248         2.12767491295378697747872675801086996E-0029
   9.47063490949035963047650335500442284         2.44992925580823528935793876757470340E-0029
   9.46254910181897259564928479178312969         2.82525426305477261529373526986528716E-0029
   9.45436990260813622444275258761065433         3.26298086501843057600215200206621776E-0029
   9.44609739258324465150595850081495672         3.77417251308019061962480783676140008E-0029
   9.43773165339063207511318812285920230         4.37196231655896147685079081697722806E-0029
   9.42927276759676694080738249324267873         5.07195854410452586184577301186646527E-0029
   9.42072081868743704369001239623388178         5.89273287120083788626504913424971242E-0029
   9.41207589106692555740011675086174619         6.85640888259354173439381190489715056E-0029
   9.40333807005717799791476642049769599         7.98937216642887340658690417271666346E-0029
   9.39450744189696013039268442113162441         9.32312802703080881615232930117469434E-0029
   9.38558409374100682737214201504985105         1.08953385950864586344233833963790752E-0028
   9.37656811365916188672355665683407854         1.27510781744427654121471485285718671E-0028
   9.36745959063550881784644132999838568         1.49443543394747181440811045576555144E-0028
   9.35825861456749260468949459456582940         1.75399529649992510949902990139358425E-0028
   9.34896527626503245426167577868351938         2.06156785020361375777817432838589256E-0028
   9.33957966744962553939107931204717133         2.42650769909452092444688904740098904E-0028
   9.33010188075344174457730533735934465         2.86007492537498478602835168021058116E-0028
   9.32053200971840942387181957103919651         3.37583863316031077539542803741368248E-0028
   9.31087014879529217980950303955666597         3.99016896538163514494305737164452657E-0028
   9.30111639334275667250321091757155768         4.72283760398850526495967926384769980E-0028
   9.29127083962643146810168836388854159         5.59775141887313825069349847840775818E-0028
   9.28133358481795693589962911735012448         6.64384969750510852316550393509096276E-0028
   9.27130472699402620347700880433528611         7.89620253674390238839419089889039569E-0028
   9.26118436513541717933307855057044794         9.39735685016190557979494406606370811E-0028
   9.25097259912601565256856471146395005         1.11989874630804376819201770746024626E-0027
   9.24066952975182947925768646703943446         1.33639244649420093942001588812038895E-0027
   9.23027525869999386523957380059235673         1.59686450305452838614976006999012085E-0027
   9.21978988855776775514654312619107568         1.91063391430145789752409330194692502E-0027
   9.20921352281152133757446568180165333         2.28906850998806396129298366525202492E-0027
   9.19854626584571467638814389580125976         2.74605036750368714325528988402031870E-0027
   9.18778822294186747824219239959223628         3.29855009971803519744345513132412799E-0027
   9.17693950027752000648540233354339178         3.96733616694433042627278557047815015E-0027
   9.16600020492518515170394921415545040         4.77785180131564580591543705309390399E-0027
   9.15497044485129166924608503475227846         5.76130018687832275341938209091853458E-0027
   9.14385032891511859415813359871626833         6.95598862862796417689701725992741206E-0027
   9.13263996686772084404868347290026915         8.40899509302446976082671180031303235E-0027
   9.12133946935084602048484453996054650         1.01782363733962655159784101702600551E-0026
   9.10994894789584241961130106359126186         1.23350370627204830609983913181050677E-0026
   9.09846851492255826276965560265900440         1.49673235613985868583155351335230108E-0026
   9.08689828373823215798221316273593715         1.81835988473688887544038122353962899E-0026
   9.07523836853637480325090280126179360         2.21178933851204115711896464680157323E-0026
   9.06348888439564194270847365133594911         2.69359374966122285689242988487108160E-0026
   9.05164994727869858674543314582593048         3.28428634841827166873337086174605615E-0026
   9.03972167403107450732241625602753109         4.00928252391433537064121795240075749E-0026
   9.02770418238001101976378495655742376         4.90010233783056580466849886367555098E-0026
   9.01559759093329906241425604062704222         5.99587507006101963962980561798231583E-0026
   9.00340201917810858562624198856178248         7.34522330382102337525693915123822422E-0026
   8.99111758747980926163136298972671075         9.00862434136049070649099431618440026E-0026
   8.97874441708078252693524758734978894         1.10613724295459372733455427496975976E-0025
   8.96628263009922496896028391167305077         1.35972978308944345536071089991229110E-0025
   8.95373234952794306874641224512138324         1.67334400665451357697826843080991562E-0025
   8.94109369923313931160536188061006160         2.06159250642761378477647321160247340E-0025
   8.92836680395318967770893004871886407         2.54273625068546251304339287453111454E-0025
   8.91555178929741252467697726040393368         3.13961642769698172405022693464006973E-0025
   8.90264878174482887431577089952723555         3.88082924984552858074246898406940467E-0025
   8.88965790864291411574214646526137911         4.80220826282407223211360513689294013E-0025
   8.87657929820634113721367267106204833         5.94869614847907020934259467631093396E-0025
   8.86341307951571489906960181827094753         7.37671024119209585509993723720619947E-0025
   8.85015938251629846027185964359807512         9.15713433046741591052872125700472691E-0025
   8.83681833801673047111967835702130167         1.13791055060611226402553342019029513E-0024
   8.82339007768773414479570200753788749         1.41548110094900708025286086803298278E-0024
   8.80987473406081772048549380743576489         1.76255691019479847112322023761161558E-0024
   8.79627244052696643089634978128430199         2.19695434586936208384675423333756481E-0024
   8.78258333133532598708517125487812674         2.74115371994578278024796112190784464E-0024
   8.76880754159187759358886943435589900         3.42354363363473061626004027004785091E-0024
   8.75494520725810450693436782036906671         4.28000308489421192459504746450602019E-0024
   8.74099646514965015068873163146916106         5.35591446707389370088371498551864934E-0024
   8.72696145293496780029328695106603083         6.70872663278748834532960051199531142E-0024
   8.71284030913396185100879514091489248         8.41122062198951318990798975238776471E-0024
   8.69863317311662068238181935993909596         1.05556735726828092815060902218582676E-0023
   8.68434018510164113272535897040776967         1.32591714749464938961593781875936830E-0023
   8.66996148615504459718963338548919800         1.66703923144602416274301369131872744E-0023
   8.65549721818878476308156869573233942         2.09782723251592287212045816094183287E-0023
   8.64094752395934699617407739115316469         2.64230854019708065960637268684205747E-0023
   8.62631254706633939182862285571289449         3.33106167986332410296653874340194453E-0023
   8.61159243195107550483682523880347161         4.20303068577033468021160608329148524E-0023
   8.59678732389514877196899299198021349         5.30784913713980123011580070217388045E-0023
   8.58189736901899864129945398803535277         6.70881886609453659621329185762510475E-0023
   8.56692271428046842246041090438465734         8.48673008274739600040352567717263139E-0023
   8.55186350747335487205775664580850141         1.07447635372266669273456679179985548E-0022
   8.53671989722594952856385619639296847         1.36147849137753149979325268558707563E-0022
   8.52149203299957181108373062198714260         1.72654315457406702488360211507828676E-0022
   8.50618006508709389647236618895458736         2.19125077386257529134708838235837277E-0022
   8.49078414461145738936201592017824912         2.78323552553574840122295931266087907E-0022
   8.47530442352418179973936157431637472         3.53790599265692664894579144910415635E-0022
   8.45974105460386484279326020975870670         4.50066069724110988898360092744255624E-0022
   8.44409419145467457583451038257949529         5.72974234344542509252406634519381730E-0022
   8.42836398850483338716963783144268664         7.29991681603506035748064531733608042E-0022
   8.41255060100509385189111842674308494         9.30721766979836106399354465315929666E-0022
   8.39665418502720646962672641257285565         1.18750677456170739510759602898083794E-0021
   8.38067489746237929937081775615034355         1.51621814954065562634912182311953895E-0021
   8.36461289601972950660033094936838521         1.93727708817916801323226800878983330E-0021
   8.34846833922472683795811009181522087         2.47697325211885088253847044491287896E-0021
   8.33224138641762903886582673617733634         3.16916947057375057700539989584272522E-0021
   8.31593219775190922950829700902283977         4.05750639227201895516226001149948419E-0021
   8.29954093419267525471035814775580360         5.19825495206647611272921165786754001E-0021
   8.28306775751508102330668303469991917         6.66400857246728652103463007923038283E-0021
   8.26651283030272985268397177999926163         8.54846428499444920870763882825341775E-0021
   8.24987631594606983425386512601994783         1.09726164120007049779012481451149178E-0020
   8.23315837864078123569367463843160398         1.40927832837925008746259082028275452E-0020
   8.21635918338615595587061853590888487         1.81110134375393978755916577234634747E-0020
   8.19947889598346904844368881573123359         2.32885816621753151654809814808682273E-0020
   8.18251768303434233021555428233378770         2.99634985986296230502260546562856660E-0020
   8.16547571193910009038502440749228233         3.85732353447075574672240184734606075E-0020
   8.14835315089511691692855987329393537         4.96842261633801157954754010314014847E-0020
   8.13115016889515765641711640291181940         6.40301833985820572760433310733878106E-0020
   8.11386693572570952365224830160000313         8.25618722489459368010102433963950219E-0020
   8.09650362196530637758287624498726669         1.06511792418759118759045017449264592E-0019
   8.07906039898284518004143949899059034         1.37478255311583416649000802607303470E-0019
   8.06153743893589465391530517242185818         1.77534702998399871736942746788011421E-0019
   8.04393491476899615744629552815883259         2.29371884749201611082908220308858697E-0019
   8.02625300021195679142801805175008137         2.96482813798815754059606574542015701E-0019
   8.00849186977813475614734113930428505         3.83403434742481279698774459969340513E-0019
   7.99065169876271697499285016289221362         4.96025853864656581170169672033620809E-0019
   7.97273266324098900172944354652050546         6.42006099141815134519539930919519884E-0019
   7.95473494006659722851438558572448382         8.31295046785730479842817357718729556E-0019
   7.93665870686980341180612131733273027         1.07682985081606563987459473567730872E-0018
   7.91850414205573153339297804300257664         1.39543455942308325051208165947307753E-0018
   7.90027142480260701384452738240712114         1.80899340324263202074148982799308846E-0018
   7.88196073505998829576386023284301877         2.34597954813646387277456389502282569E-0018
   7.86357225354699081429433399658200363         3.04344729094432658071100656668773524E-0018
   7.84510616175050337240948616225802919         3.94962853087240316100075416899060553E-0018
   7.82656264192339693858977005041699658         5.12731720613164971975227558008956696E-0018
   7.80794187708272588456455651621500343         6.65828128937821019941240520219932998E-0018
   7.78924405100792168087245890600700496         8.64901485582707992230345461709059737E-0018
   7.77046934823897906806747685281525068         1.12382378495985096084575325548531242E-0017
   7.75161795407463472147271683373035482         1.46066752226495343798843042796140449E-0017
   7.73269005457053842745753306723766892         1.89898088983291355371234721326699069E-0017
   7.71368583653741678928784056908264919         2.46945069745445209005674486783479821E-0017
   7.69460548753922948067308228214635011         3.21207096553558377789190959671914176E-0017
   7.67544919589131806520688342120991639         4.17897100258944757728502655519886586E-0017
   7.65621715065854739997179780152396325         5.43810352815145966503125126846280007E-0017
   7.63690954165343964165174222661682360         7.07805433503473828700324809060769951E-0017
   7.61752655943430087356872527340600885         9.21431439132504778571252433443081999E-0017
   7.59806839530334037213330531083814154         1.19974587456530930684299604205352845E-0016
   7.57853524130478253127085860318622662         1.56238113819905584791701939141637321E-0016
   7.55892729022297146345820116379247359         2.03493507179763364180503459001610098E-0016
   7.53924473558046829607738692428137854         2.65078390336527993766053999617060227E-0016
   7.51948777163614118186559905471778491         3.45344567154996529205216860771058195E-0016
   7.49965659338324804231196020030684222         4.49966095393641272994892412624639867E-0016
   7.47975139654751206292381028031504011         5.86340812255997285596265595851366658E-0016
   7.45977237758518995935653661705800333         7.64113591429121410000680876184652618E-0016
   7.43971973368113303347238982101877309         9.95858136864718667683854698688765257E-0016
   7.41959366274684103846487934824747605         1.29796520368455314254635182596670609E-0015
   7.39939436341850887225631426582421195         1.69179954353634141210666031277606647E-0015
   7.37912203505506611844683680988057754         2.20520658963852531251786454125578218E-0015
   7.35877687773620945416388809988105243         2.87447420706145515307945588784690673E-0015
   7.33835909226042794423144618585134805         3.74688639578039366884637993243808532E-0015
   7.31786888014302124114858575717894103         4.88404679519061789121933696747304267E-0015
   7.29730644361411071043692563956563537         6.36620297701253302868675006226859392E-0015
   7.27667198561664350098635395964536203         8.29787142034782901982878458572852764E-0015
   7.25596570980438958009805087556044863         1.08151523789326875333327786093305529E-0014
   7.23518782053993175299326436919598907         1.40952395697740649645293533058380878E-0014
   7.21433852289264868662553508650349862         1.83687794699799115594631530948124692E-0014
   7.19341802263669095770311091302595990         2.39359289830085847504536844070773792E-0014
   7.17242652624895014489714020092340907         3.11872111899587547173677105308069911E-0014
   7.15136424090702098527988364198712846         4.06305934074650780324270684429192386E-0014
   7.13023137448715661510563803076283016         5.29266311662736666091147466198237190E-0014
   7.10902813556221691511531990737309131         6.89340634527864396625761015200962622E-0014
   7.08775473339960998061371263728985906         8.97689439106663118676178297659382461E-0014
   7.06641137795922673663623620347816541         1.16881295021425096116189252414702131E-0013
   7.04499827989136871858975418530368872         1.52154435780730852030975374225388688E-0013
   7.02351565053466903881938641064002800         1.98033632734401866263624244672743703E-0013
   7.00196370191400655962054792698259835         2.57692655155373665670595929389141407E-0013
   6.98034264673841329328248458032326758         3.35249300232968368889174570631579922E-0013
   6.95865269839897504981642195531032119         4.36044150314442605403954259418783896E-0013
   6.93689407096672535308808705706450192         5.67000932124784278516958050639791468E-0013
   6.91506697919053264614080024620775966         7.37092123834560841706443021209333964E-0013
   6.89317163849498080656156791846963383         9.57940227065147202207908451503153426E-0013
   6.87120826497824299280863359497390101         1.24459380473139078587083539814268486E-0012
   6.84917707540994884248476580731383995         1.61652851375233867495799711413554739E-0012
   6.82707828722904504360617477317421368         2.09893761097850871660626395860504149E-0012
   6.80491211854164929998235571597203322         2.72439464197531126162363629112481243E-0012
   6.78267878811889771188735414023683206         3.53499432915639873619198842495657793E-0012
   6.76037851539478559326793678976213355         4.58510744611878705873835521649745253E-0012
   6.73801152046400174679893074652342472         5.94492345857516246647956427653741999E-0012
   6.71557802407975621816056153563446126         7.70500315761240931312103369700164340E-0012
   6.69307824765160155097697854793898116         9.98212522752887346304361333946574441E-0012
   6.67051241324324756391930194202681746         1.29267892410354063839562481801012284E-0011
   6.64788074357036967154045880842843787         1.67328374562501428028150044745951842E-0011
   6.62518346199841077047279713948101562         2.16497846724015109714362471884347752E-0011
   6.60242079254037671268297341997401355         2.79986064240091892264676831995795348E-0011
   6.57959295985462538754190280938195428         3.61919399358522813181622942400052412E-0011
   6.55670018924264943453063930159849782         4.67599108022418033887207914590087184E-0011
   6.53374270664685260846591630004077464         6.03831254433677363127564237931522680E-0011
   6.51072073864831981919172511436317170         7.79347827556562440495837970485732762E-0011
   6.48763451246458086774573935150405401         1.00534380191072054998627257092429882E-0010
   6.46448425594736790107160642222392745         1.29616147482915713389276361702819073E-0010
   6.44127019758036660741012280065946450         1.67016169956345429448249065384125517E-0010
   6.41799256647696117456408664684501688         2.15083205893842833803270831316393981E-0010
   6.39465159237797303329317932092790438         2.76819512352290108762381545305826997E-0010
   6.37124750564939340815656557537410434         3.56059637705516842615724939583728770E-0010
   6.34778053728010969818202020244309138         4.57697199555917800424786600888179114E-0010
   6.32425091887962570980128603539472459         5.87972245724673633189053175393255961E-0010
   6.30065888267577576455204385224699210         7.54835020134572392863839192323164149E-0010
   6.27700466151243270410732831158729157         9.68405980463186869002080937613387052E-0010
   6.25328848884720981525345496429893193         1.24155693256077928332855724407811429E-0009
   6.22951059874915669749753103864416143         1.59064439403839097284422529611448175E-0009
   6.20567122589644909604540649669383593         2.03643406614824879733757742169341346E-0009
   6.18177060557407272295048121756981975         2.60526493445941457344465590934811833E-0009
   6.15780897367150108929311848954263915         3.33051346947773840162468300217630654E-0009
   6.13378656668036737130952370309789050         4.25443318874511379206070908570154682E-0009
   6.10970362169213033344782964727133153         5.43046311827369360334425826348420680E-0009
   6.08556037639573433138778554070783714         6.92612123895670606574401562711407281E-0009
   6.06135706907526341811887529811519158         8.82662677572585026819578713969413059E-0009
   6.03709393860758957622989096539549056         1.12394293370352181985261028421260600E-0008
   6.01277122446001509962095917833005125         1.42998648325615261397621299793753824E-0008
   5.98838916668790914790676133810867489         1.81782094659204695435133645970162367E-0008
   5.96394800593233849683720138233239691         2.30884659336565079020451690863262384E-0008
   5.93944798341769250811905799474851096         2.92992926799515746180952503513026305E-0008
   5.91488934094930234207921027553805970         3.71475805501915624482378619566804742E-0008
   5.89027232091105443666684672338699022         4.70552949046233329786779871966643979E-0008
   5.86559716626299827634865630003433558         5.95503392978028111560269100172460408E-0008
   5.84086412053894847450735679899413629         7.52923640650791504357019128031611316E-0008
   5.81607342784408119301003916647707522         9.51046453359958889203919927848743153E-0008
   5.79122533285252492266869627027727786         1.20013403896208537884575069548005705E-0007
   5.76632008080494564837096032992936672         1.51296226910016880409204844091577448E-0007
   5.74135791750612642271449425948094798         1.90541608121813971347350258324559058E-0007
   5.71633908932254137203366798578326223         2.39722044658461161521219316327149067E-0007
   5.69126384317992415876210084561582984         3.01283633604055356095171888481560445E-0007
   5.66613242656083092412936489189494023         3.78255713757025287241094306857068376E-0007
   5.64094508750219773524462081266848906         4.74384814288949554130381728079535097E-0007
   5.61570207459289256067419764890593887         5.94298021781317819084408761945180254E-0007
   5.59040363697126179867412905293062608         7.43701882454551953962071305356089285E-0007
   5.56505002432267138229242192573830139         9.29624142478306363563296103522568868E-0007
   5.53964148687704248560935737778107941         1.16070702449609772976401755090491236E-0006
   5.51417827540638185543740854580808460         1.44756237485707019940360870634640348E-0006
   5.48866064122230679285540434214603156         1.80320092918496298614725711581671990E-0006
   5.46308883617356480900437218884633041         2.24355017335459439086919836862916341E-0006
   5.43746311264354797962505567626615535         2.78807786615023748779380218688579284E-0006
   5.41178372354780202286942436511487769         3.46054128621092760187736868163601990E-0006
   5.38605092233153012497057210639431591         4.28988572041727235843655694734867240E-0006
   5.36026496296709153840723677099125036         5.31131967811250529052778706225088941E-0006
   5.33442609995149497725076764833802054         6.56759885274598850537841128480422190E-0006
   5.30853458830388683443371648233612631         8.11055601888792477357272494472857781E-0006
   5.28259068356303424573033365583765186         1.00029199080338473003142578902373197E-0005
   5.25659464178480302529011190800891107         1.23204727102618233208742197637096247E-0005
   5.23054671953963049761613566988381263         1.51546032567064445584823284095483765E-0005
   5.20444717390999325093036413279436855         1.86153212003944574658873606326191944E-0005
   5.17829626248786983691810002501082500         2.28348066716745360280678297394684396E-0005
   5.15209424337219844189377326913166147         2.79715799676121961251113820993753256E-0005
   5.12584137516632955447979873426650324         3.42153868526404457387281833445745391E-0005
   5.09953791697547365493964969302428918         4.17929069869124386738734493410126788E-0005
   5.07318412840414395135542285637052327         5.09744058149012300755373998944340442E-0005
   5.04678026955359418788905650461578775         6.20814638568434961263113848591231127E-0005
   5.02032660101925155041499977766133356         7.54959316188711510435977633472305323E-0005
   4.99382338388814469486051815213340297         9.16702730853881852420115305719896175E-0005
   4.96727087973632692363795703962617769         1.11139475721419761903577096273539166E-0004
   4.94066935062629453560117181385209756         1.34534719753661930667658125608572831E-0004
   4.91401905910440037500596794244847803         1.62599013782344870103286858529574519E-0004
   4.88732026819826260500177879136919338         1.96205016958665222359515830782793086E-0004
   4.86057324141416873122894061853956351         2.36375279378474281700634069573324460E-0004
   4.83377824273447490114280381359841322         2.84305141189277329812441793751892458E-0004
   4.80693553661500050473254610941129966         3.41388536231343009693085174996488661E-0004
   4.78004538798241810234892682842671239         4.09246946719671651571822734195648305E-0004
   4.75310806223163870540134077517661726         4.89761750234881228123597487202528180E-0004
   4.72612382522319243573039569011265571         5.85110187663031074099491321004521257E-0004
   4.69909294328060458950784778684755828         6.97805159062899039248123473210771424E-0004
   4.67201568318776713156108535457973835         8.30739021925246860228965031535577882E-0004
   4.64489231218630564606445027237733086         9.87231520940434640854657030610485398E-0004
   4.61772309797294176958453110696888805         1.17108191808557499093450446572794647E-0003
   4.59050830869685113251114880814089035         1.38662531434930055755088055618333661E-0003
   4.56324821295701683495008643571825789         1.63879305743828767037639624624011283E-0003
   4.53594307979957848319768741187973687         1.93317701106164804637684840012046170E-0003
   4.50859317871517681296126205725206072         2.27609731865214885734538917681621007E-0003
   4.48119877963629392553279920639624811         2.67467312561779062085633599224374259E-0003
   4.45376015293458916316677807805585799         3.13689552767820539960806139900705103E-0003
   4.42627756941823064995591487054300233         3.67170178721531808110366169370242067E-0003
   4.39875130032922252454145833811284976         4.28904960413832069564530705294374646E-0003
   4.37118161734072789103716845790222772         4.99998994258666569111612530121346540E-0003
   4.34356879255438751458837179932869749         5.81673660090620044145311816442504651E-0003
   4.31591309849763428802948594167915652         6.75273037196281237456410392246788372E-0003
   4.28821480812100349614514283645084752         7.82269527766074681730007049828522685E-0003
   4.26047419479543890408151696691005994         9.04268398082680505488997031749295848E-0003
   4.23269153230959469649567810895365513         1.04301090866209282992883972778201227E-0002
   4.20486709486713329407174003793094170         1.20037566536705427522070544526469369E-0002
   4.17700115708401907407326525143305078         1.37837778538484130381143182900123612E-0002
   4.14909399398580802164181128660264578         1.57916543631430238572410857767872668E-0002
   4.12114588100493333859166610327501553         1.80501327511030738424219730524795791E-0002
   4.09315709397798703649071788485070980         2.05831228821712489241455753031952778E-0002
   4.06512790914299754085703808344388947         2.34155551706868065002027578894721514E-0002
   4.03705860313670333334012521338312781         2.65731914666069657733690019539440286E-0002
   4.00894945299182265879486038900949329         3.00823844172690434566788254124380075E-0002
   3.98080073613431932419506352298474973         3.39697803795184080836274247500809089E-0002
   3.95261273038066461637211106667583610         3.82619613748603420365883802368471472E-0002
   3.92438571393509536560238180393060676         4.29850222165633417324843152202676532E-0002
   3.89611996538686818210533612564319410         4.81640798193934215408004389061953048E-0002
   3.86781576370750989255180603949639901         5.38227128550993957717333588825844051E-0002
   3.83947338824806420371957753437062304         5.99823313612753446841653883542544883E-0002
   3.81109311873633462047058345197104958         6.66614776636661470446485443951664650E-0002
   3.78267523527412364526099335173756044         7.38750620408646550323306325799698920E-0002
   3.75422001833446828643218662420259410         8.16335389448524366176463372480542045E-0002
   3.72572774875887190256702595043913893         8.99420322787629936506624193853031459E-0002
   3.69719870775453241023200976153624485         9.87994211989873373340247546639731299E-0002
   3.66863317689156688246177426525329903        0.108197401111332190078059055396924624      
   3.64003143810023256537803752289774584        0.118119537912322515422401903692771393      
   3.61139377366814434037042962647031760        0.128540337010348422621085000910384977      
   3.58272046623748865930173389532128729        0.139424352151173395027481068216423726      
   3.55401179880223398023487383672685805        0.150725362452534846387742999045530463      
   3.52526805470533773121351905236756704        0.162385649187996054476008909719735530      
   3.49648951763594982966244998179018260        0.174335406597625392545152434249647117      
   3.46767647162661278500781601636220225        0.186492323173593739347598713982211813      
   3.43882920105045841215114375747065148        0.198761371291379605374982732227924358      
   3.40994799061840118346440169794921634        0.211034843543612219720941175429117775      
   3.38103312537632824700660404580689772        0.223192673494095565427554432589917660      
   3.35208489070228613869533945683925090        0.235103076620839575647294545962311898      
   3.32310357230366421619923977289000791        0.246623543790371640558431502040435624      
   3.29408945621437484234975915335823859        0.257602214557113344233097607305145383      
   3.26504282879203034590271491968047583        0.267879650802167044875277230259773778      
   3.23596397671511678751184768933260919        0.277291022652649698289808625421013986      
   3.20685318698016455880818964347784099        0.285668708250383708254404113750799708      
   3.17771074689891584251028573953384387        0.292845296830315876505059635108776130      
   3.14853694409548896152129303816057238        0.298656970865821445456570526245508982      
   3.11933206650353964499968775771637993        0.302947227968098608286657566994649071      
   3.09009640236341923942073789505371921        0.305570887110996905793067530851324551      
   3.06083024021932989267605095931244113        0.306398307007541639574912054499655064      
   3.03153386891647673928838125753336618        0.305319727602017056070055583746027267      
   3.00220757759821711484847895260431462        0.302249629263817187066168052325779913      
   2.97285165570320682781008349314683631        0.297130989058575679535212246107330548      
   2.94346639296254351680820670207443958        0.289939300175289537397868395357853327      
   2.91405207939690712169461551906226477        0.280686209995885319903847991588984734      
   2.88460900531369749651291083816810936        0.269422625213569069459092789987162476      
   2.85513746130416919266380678418555852        0.256241129630954215697255352575458344      
   2.82563773824056344053914385159122835        0.241277562539190334125880196258076973      
   2.79611012727323735793081931252096932        0.224711613543628570773417632778194171      
   2.76655491982779041354818891218016781        0.206766303873204940924443520424080760      
   2.73697240760218817400458484132416826        0.187706244923990600013538248231377491      
   2.70736288256388336266040603855924589        0.167834592155158479176926695880758044      
   2.67772663694693425873676776559830603        0.147488646330631306386625861549024394      
   2.64806396324912046513994785440922326        0.127034094041594476999671726540257153      
   2.61837515422905607346283678733617320        0.106857924696486390006183375606871264      
   2.58866050290330025465528758344429662         8.73601106387310683677256833268522820E-0002
   2.55892030254346530388066907299747397         6.89441893320386948192585576540846544E-0002
   2.52915484667332216810105229636490341         5.20069399098702639991186812426609216E-0002
   2.49936442906590348495830421577971798         3.69273988125677890246927731759882818E-0002
   2.46954934374060416154292543303715144         2.40555084995411095365496271653962303E-0002
   2.43970988496027952166674892099899098         1.37007369362483874338252227230186491E-0002
   2.40984634722834105027961466202809068         6.12104126084230143632366168509942895E-0003
   2.37995902528584976369385030536234540         1.51257431433049588431410967494760380E-0003
   2.35004821410860723430382027389190759         5.45305132955174117499012659465367708E-0007
   2.32011420890424429851095493755922641         1.63164378625546791834090533682432948E-0003
   2.29015730510930747658753729718540466         6.36841776928098046626220992477259123E-0003
   2.26017779838634313323510686326210522         1.40859611335859903121547263535508961E-0002
   2.23017598462097940761563884625796253         2.45712121077707660839533020316322539E-0002
   2.20015215991900594165567117819593872         3.75250938442522341763267869334668716E-0002
   2.17010662060345143544528204238974931         5.25676411369940193977878749016419356E-0002
   2.14003966321165905857526628481568910         6.92461561671767920696055492862780266E-0002
   2.10995158449235974627702010498045900         8.70463236886601280453176962853031443E-0002
   2.07984268140274340925051956747517620        0.105406095998309862550817205919206042      
   2.04971325110552808608636953164156849        0.123732034832902327689849749340348244      
   2.01956359096602706720820536269291253        0.141417676063281061170394545516286497      
   1.98939399854921401928175006282002402        0.157863369220552082083498682954784369      
   1.95920477161678613905656404767925985        0.172496943205071749545763575481761148      
   1.92899620812422536562597349743295782        0.184794467671858915251386479120925960      
   1.89876860621785768010982584024186134        0.194300321907655936942183641119793906      
   1.86852226423191052178359729066666753        0.200645754248174464830610852139586838      
   1.83825748068556834969596727951966874        0.203565119048030340637089745970734296      
   1.80797455428002637883527789184265930        0.202909017536282554237241228841418319      
   1.77767378389554251992331289522779387        0.198653644753831860435011666369186991      
   1.74735546858848755193256041382878970        0.190905756725983869319200618088243894      
   1.71701990758839355644056560914781424        0.179902817858451463784189042196340628      
   1.68666740029500064295213469488034514        0.166008064224134486735536072081361770      
   1.65629824627530199433701907044339671        0.149700418118014118532723693485627455      
   1.62591274526058726154728813982692853        0.131559405541661153152506679451508873      
   1.59551119714348433679489132545817237        0.112245452271506513465293454433971998      
   1.56509390197499953438591373005916341         9.24761559218796930843432912576214679E-0002
   1.53466115996155620842374568505644874         7.29993403286725091270440208147184775E-0002
   1.50421327146203183660881389686033121         5.45638838721994444214263083735925056E-0002
   1.47375053698479359937766091000620000         3.78894646131887713630510030021556466E-0002
   1.44327325718473248363900999932647039         2.36364728478751855155945336992762745E-0002
   1.41278173286029594037901423543123873         1.23773979008365503285690057011640128E-0002
   1.38227626495051912542216119510130574         4.57099468702509942711633680708002860E-0003
   1.35175715453205475264828846987280847         5.40473280737569847403959226464683374E-0004
   1.32122470281620158897985962410500116         4.56830756223340484050600741778443339E-0004
   1.29067921114593162046705543301255476         4.32826130693619773898247255569344151E-0003
   1.26012098099291591881135095920740349         1.19963436548198265009743966748980264E-0002
   1.22955031395454923768107517378577922         2.31394226455255483307698602574671797E-0002
   1.19896751175097336818498626832455954         3.72832861258246678790177660691613206E-0002
   1.16837287622209928288214241358808948         5.38189025443681619894567062876039991E-0002
   1.13776670932462809771830437842284650         7.20266448440550640361173318059389081E-0002
   1.10714931312907088129077301022551195         9.11060988493350252995717491424152306E-0002
   1.07652098981676734085494098136558509        0.110210256482257447420174380073620107      
   1.04588204167690341449692431174616161        0.128482642124619183022601284671939140      
   1.01523277110352779890743487688047461        0.145095729097751187654074755779148546      
  0.984573480592567442202560296898146963        0.159288884955834417916696112679063165      
  0.953904472738842031247332171091716906        0.170404048270794647995505147722061767      
  0.923226050233077502947887474157456631        0.177917391143446545257008981547402085      
  0.892538515858918608987660966230129025        0.181465361773276836888827059067366239      
  0.861842172489940563492388594085137271        0.180863726413260622452495561607804749      
  0.831137323086659803117752983280417765        0.176118531652977801300743214638435607      
  0.800424270693543889062262151203514006        0.167428273551844153935546654394385757      
  0.769703318436020580516421422518582383        0.155176973133418002772386078209502336      
  0.738974769517486109067436117789462198        0.139918298449267451925689484722849792      
  0.708238927216312683586568832378943834        0.122351319921619189616528661156574293      
  0.677496094882855255133869948256780109        0.103288914982143143353016585396427686      
  0.646746575936457571422303351132169339         8.36202272724189966549863511121122810E-0002
  0.615990673862457550390301087279248110         6.42689133807581616144162548804788073E-0002
  0.585228692209192002438500819343461475         4.61491573980702413780462384969258781E-0002
  0.554460934585000730892848361977544973         3.01215853627471942385692524330783185E-0002
  0.523687704655230040262384232912342996         1.69512575064281703139127275042307704E-0002
  0.492909306139235681865877982453487361         7.26985109737083622512919040321944066E-0003
  0.462126042807385266407027006724038665         1.54397144117824849320031593139788349E-0003
  0.431338218478060173083197552440103387         5.12500367903306149728653444589712126E-0005
  0.400546137014656984817654631687443786         2.86551953729357189281592163985576034E-0003
  0.369750102322588479209904535019827946         9.85191275717249771344366059834071103E-0003
  0.338950418346284204803158514064682378         2.06722395535729927961789756196835982E-0002
  0.308147389066190672272018957421413690         3.48004762398162954906317396055125476E-0002
  0.277341318495771190137289965578760073         5.15476843763078911376421353995938588E-0002
  0.246532510678505374618322604349513850         7.00951868283471749731748724358141841E-0002
  0.215721269684888363236521247297664868         8.95343952510261077341991058044273211E-0002
  0.184907899609429761786561274072611900        0.108911328409773164567250822732150391      
  0.154092704567652354294499944610130752        0.127273604744348959225794743347808811      
  0.123275988693090605584301492838145843        0.143717549974762604899007923865722933      
   9.24580561342889860763443547495950053E-0002  0.157433039959883472748743724292629395      
   6.16392110518001484432329442731732841E-0002  0.167743802527771219422685564038480677      
   3.08197576151829857496984989692256334E-0002  0.174141124941643456572479413589745728      
   6.00704543221772133721764985001508439E-0016  0.176309244858673843107693489216133857      
  -3.08197576151817843465407667523240301E-0002  0.174141124941643624907641310189467730      
  -6.16392110517989470578612875243762410E-0002  0.167743802527771547782946884746244610      
  -9.24580561342877847206159620682588071E-0002  0.157433039959883944929265806448133752      
 -0.123275988693089404270073260256577903        0.143717549974763197609451028374441936      
 -0.154092704567651153033628358570812600        0.127273604744349643252119200711880070      
 -0.184907899609428560590902294409464588        0.108911328409773906226617428874260637      
 -0.215721269684887162117930190222511937         8.95343952510268705487266078363835124E-0002
 -0.246532510678504173588654025444894610         7.00951868283479214774187495893711965E-0002
 -0.277341318495769989208397542798259369         5.15476843763085847282440333324573759E-0002
 -0.308147389066189471455755374098634816         3.48004762398169022249643094936986674E-0002
 -0.338950418346283004111375341932055055         2.06722395535734830500269702562673009E-0002
 -0.369750102322587278654452117238378322         9.85191275717284761560792487443931635E-0003
 -0.400546137014655784410381965888691542         2.86551953729376446654413366680311267E-0003
 -0.431338218478058972835952173781238655         5.12500367903565716320997436937082308E-0005
 -0.462126042807384066331654870957533072         1.54397144117810664175511054375906974E-0003
 -0.492909306139234481974223349012293308         7.26985109737053348078855950280258177E-0003
 -0.523687704655228840566289548011832783         1.69512575064277213097006199055201157E-0002
 -0.554460934584999531404154141735355149         3.01215853627466205634810171369467751E-0002
 -0.585228692209190803169045532918367835         4.61491573980695704838489226662762236E-0002
 -0.615990673862456351351921040030261700         6.42689133807574254491029200364417418E-0002
 -0.646746575936456372626832567798979711         8.36202272724182300936221643040258631E-0002
 -0.677496094882854056593140056162708080        0.103288914982142382505622687255582532      
 -0.708238927216311485312408944657556981        0.122351319921618470097359341408619266      
 -0.738974769517484911071672716636003462        0.139918298449266807168619917024807025      
 -0.769703318436019382810878242467363678        0.155176973133417462473224999037064256      
 -0.800424270693542691658760062432437315        0.167428273551843742694225579288190506      
 -0.831137323086658606028109874943747227        0.176118531652977537525014449831829374      
 -0.861842172489939366728419257675711898        0.180863726413260517570664558017479589      
 -0.892538515858917412561176978972139151        0.181465361773276894902944593976662703      
 -0.923226050233076306870697082430944676        0.177917391143446762650727770685265776      
 -0.953904472738840835531240173889952788        0.170404048270795013993365842213094442      
 -0.984573480592566246859367929319027964        0.159288884955834915074832034915802342      
  -1.01523277110352660394893969365309743        0.145095729097751792747030900231172306      
  -1.04588204167690221993492007079372585        0.128482642124619868177863192195089918      
  -1.07652098981676614670121752740575990        0.110210256482258181441669907943197596      
  -1.10714931312906968755711615840942474         9.11060988493357751142539481084794909E-0002
  -1.13776670932462690441649579801385083         7.20266448440557961939926204646235474E-0002
  -1.16837287622209809002395951168144471         5.38189025443688441471405701698091102E-0002
  -1.19896751175097217578220207360917706         3.72832861258252701999553896021456834E-0002
  -1.22955031395454804574545822034918227         2.31394226455260447413649709340201393E-0002
  -1.26012098099291472735466517038504679         1.19963436548201957506006271535280209E-0002
  -1.29067921114593042950106000528264914         4.32826130693642422267174479490165530E-0003
  -1.32122470281620039851630891102999879         4.56830756223414798948897945029590007E-0004
  -1.35175715453205356269893186608866683         5.40473280737489067200534751359890700E-0004
  -1.38227626495051793599874302035571458         4.57099468702486709192517751919104915E-0003
  -1.41278173286029475149327361867192309         1.23773979008361761605353560761133388E-0002
  -1.44327325718473129530268076284072666         2.36364728478746848822358974232972171E-0002
  -1.47375053698479241160247145361280821         3.78894646131881645205255471573919252E-0002
  -1.50421327146203064940648708215498295         5.45638838721987555781589236321934180E-0002
  -1.53466115996155502180599871971183450         7.29993403286717653741542737754277443E-0002
  -1.56509390197499834836445805218087009         9.24761559218789232429553852465998521E-0002
  -1.59551119714348315138143248799750671        0.112245452271505746902033591596486150      
  -1.62591274526058607675352569505184250        0.131559405541660418613391313422141674      
  -1.65629824627530081017464645446862795        0.149700418118013443042400688080191365      
  -1.68666740029499945943283911225792378        0.166008064224133894603735389875799880      
  -1.71701990758839237357602791751907138        0.179902817858450975754614587699353609      
  -1.74735546858848636973445500863900946        0.190905756725983501888341839120344858      
  -1.77767378389554133840330759450464182        0.198653644753831625359889209010057462      
  -1.80797455428002519800503382103952883        0.202909017536282458242345549910024732      
  -1.83825748068556716956713875642508757        0.203565119048030385322128621311611980      
  -1.86852226423190934236783171038087427        0.200645754248174646772520243453916726      
  -1.89876860621785650141876356022172668        0.194300321907656247977496380839557185      
  -1.92899620812422418767124772260635285        0.184794467671859342918754548340012656      
  -1.95920477161678496184980071563002083        0.172496943205072277663384871088884064      
  -1.98939399854921284283456772904464103        0.157863369220552691432529854077240458      
  -2.01956359096602589153221508593007915        0.141417676063281730253189060920366913      
  -2.04971325110552691119317475927571528        0.123732034832903033531029383907264644      
  -2.07984268140274223515171602101513918        0.105406095998310581509689842146733049      
  -2.10995158449235857298419566561437661         8.70463236886608366098673844849778170E-0002
  -2.14003966321165788610000087904330283         6.92461561671774676050335858511772855E-0002
  -2.17010662060345026379914752773319991         5.25676411369946408261777411024405676E-0002
  -2.20015215991900477085023122899020610         3.75250938442527825682243261529021421E-0002
  -2.23017598462097823766244883952206725         2.45712121077712251472727069359317779E-0002
  -2.26017779838634196414571376465220322         1.40859611335863467686205255010804327E-0002
  -2.29015730510930630837347954703089532         6.36841776928122431037013452741411467E-0003
  -2.32011420890424313118376233698301069         1.63164378625559255837960016001417197E-0003
  -2.35004821410860606787501387101590284         5.45305132957458978551981289438587542E-0007
  -2.37995902528584859817494228159938620         1.51257431433037602350077122366861649E-0003
  -2.40984634722833988568210821846135357         6.12104126084206282365315931481581426E-0003
  -2.43970988496027835800213816485003933         1.37007369362480363877439195201764050E-0002
  -2.46954934374060299882269526422374060         2.40555084995406549717155617311383172E-0002
  -2.49936442906590232319393021356446695         3.69273988125672420705281459510199112E-0002
  -2.52915484667332100730400060609596200         5.20069399098696375814246671166557975E-0002
  -2.55892030254346414406239629294229561         6.89441893320380032207685189699121710E-0002
  -2.58866050290329909582724065171764421         8.73601106387303267827208328634682261E-0002
  -2.61837515422905491563645286892345273        0.106857924696485614103090930068359168      
  -2.64806396324911930832665422828628876        0.127034094041593682504001696936425843      
  -2.67772663694693310294798171194882603        0.147488646330630508694774578389809149      
  -2.70736288256388220790753472609076216        0.167834592155157693009378009092044069      
  -2.73697240760218702029902521468394015        0.187706244923989839113917672691598593      
  -2.76655491982778926090132757947193293        0.206766303873204217808809463667640432      
  -2.79611012727323620635403243292371691        0.224711613543627896532180334819249400      
  -2.82563773824056229004379702308110736        0.241277562539189718278884594521875755      
  -2.85513746130416804326125493136200199        0.256241129630953666100897609385504867      
  -2.88460900531369634821449810018532258        0.269422625213568592262897598554883513      
  -2.91405207939690597451167513766714838        0.280686209995884919552738230119528535      
  -2.94346639296254237075206090975206821        0.289939300175289216675421493032935726      
  -2.97285165570320568289204340137459740        0.297130989058575439642519193966886728      
  -3.00220757759821597107984444021580133        0.302249629263817027730482352988621353      
  -3.03153386891647559668044085919313883        0.305319727602016975677223784656844842      
  -3.06083024021932875124008175410274134        0.306398307007541635319591922422264416      
  -3.09009640236341809916800539517426352        0.305570887110996973840937048394690726      
  -3.11933206650353850594144579729828943        0.302947227968098743943167624923089395      
  -3.14853694409548782366878366219558074        0.298656970865821643337265033855046535      
  -3.17771074689891470587473909291985012        0.292845296830316130703047432324163119      
  -3.20685318698016342340082386018191390        0.285668708250384012501187418939166866      
  -3.23596397671511565334386878167253189        0.277291022652650046106324818473999330      
  -3.26504282879202921298531666772593040        0.267879650802167429710669437500626957      
  -3.29408945621437371069412299445271366        0.257602214557113759589373062832956704      
  -3.32310357230366308581653469129453252        0.246623543790372080099776892466652030      
  -3.35208489070228500959672187349901886        0.235103076620840033293380136035182850      
  -3.38103312537632711920321770824190339        0.223192673494096035430663050796371841      
  -3.40994799061840005696737757026996568        0.211034843543612696727196959819589551      
  -3.43882920105045728697159991052003730        0.198761371291380084470323975026094061      
  -3.46767647162661166115685751798463567        0.186492323173594216089438143840722244      
  -3.49648951763594870715116878722905578        0.174335406597625862980898238644921462      
  -3.52526805470533661005299389479213145        0.162385649187996515149784149379494119      
  -3.55401179880223286043617011788960530        0.150725362452535294336744805857536349      
  -3.58272046623748754087590357634689912        0.139424352151173827769470308930604884      
  -3.61139377366814322332851111877726541        0.128540337010348838134498851875970600      
  -3.64003143810023144973105557925363451        0.118119537912322912120543338589045786      
  -3.66863317689156576822073987096500544        0.108197401111332566778746008128477339      
  -3.69719870775453129740792002577593653         9.87994211989876932259849177270270443E-0002
  -3.72572774875887079117086399770724789         8.99420322787633282578441210170932338E-0002
  -3.75422001833446717647492148592881205         8.16335389448527497624880059495281546E-0002
  -3.78267523527412253675357985802092425         7.38750620408649467988966383490665558E-0002
  -3.81109311873633351342396212346019870         6.66614776636664177424025998230200640E-0002
  -3.83947338824806309814467447428526526         5.99823313612755948130183284356113274E-0002
  -3.86781576370750878845953282579109399         5.38227128550996259888733553793847378E-0002
  -3.89611996538686707950658970331447770         4.81640798193936326296931594352362644E-0002
  -3.92438571393509426450804437746854550         4.29850222165635345743201285491069440E-0002
  -3.95261273038066351679304999266106173         3.82619613748605175843547230465027569E-0002
  -3.98080073613431822614213120283203703         3.39697803795185673388976051838635301E-0002
  -4.00894945299182156227889416185893885         3.00823844172691874491340854735366184E-0002
  -4.03705860313670223837194724913999206         2.65731914666070955430084312774269657E-0002
  -4.06512790914299644744745527596814059         2.34155551706869230821451579854804696E-0002
  -4.09315709397798594465052174529735355         2.05831228821713533358878785989801191E-0002
  -4.12114588100493224833163265358622738         1.80501327511031670733894066823482512E-0002
  -4.14909399398580693297270095315279173         1.57916543631431068604438988972194182E-0002
  -4.17700115708401798700582275882762477         1.37837778538484867237134616405000418E-0002
  -4.20486709486713220861669430296046171         1.20037566536706079827855907054391196E-0002
  -4.23269153230959361266374213470359889         1.04301090866209858866255275923762197E-0002
  -4.26047419479543782188338773702783641         9.04268398082685575803933167599683054E-0003
  -4.28821480812100241559150120957090029         7.82269527766079134178240547031113762E-0003
  -4.31591309849763320913099654600718597         6.75273037196285137249563117643012204E-0003
  -4.34356879255438643735568292738610032         5.81673660090623451244413589818933998E-0003
  -4.37118161734072681548091196143173682         4.99998994258669538378885913583037570E-0003
  -4.39875130032922145067224952314645908         4.28904960413834650963516859773098042E-0003
  -4.42627756941822957778435239263317981         3.67170178721534046942341254739412155E-0003
  -4.45376015293458809270344383767108654         3.13689552767822477126947205155598660E-0003
  -4.48119877963629285678825824448195310         2.67467312561780734365846881295134778E-0003
  -4.50859317871517574594606245095790781         2.27609731865216326075237666011801461E-0003
  -4.53594307979957741792236017045437941         1.93317701106166042442080873162828650E-0003
  -4.56324821295701577142514539657251691         1.63879305743829828453281485459572082E-0003
  -4.59050830869685007074709053308043412         1.38662531434930963954432646076876042E-0003
  -4.61772309797294070959183477859740495         1.17108191808558274544192399714810936E-0003
  -4.64489231218630458785357759067121249         9.87231520940441248081709021821742021E-0004
  -4.67201568318776607514248043363534523         8.30739021925252478341971548244657984E-0004
  -4.69909294328060353489193705180201334         6.97805159062903806650269144327077244E-0004
  -4.72612382522319138292758777423924958         5.85110187663035111544986941498173668E-0004
  -4.75310806223163765442202641715578900         4.89761750234884640667713412888276076E-0004
  -4.78004538798241705320347876979366341         4.09246946719674530358083112047834204E-0004
  -4.80693553661499945743131899218121305         3.41388536231345433581585094649765309E-0004
  -4.83377824273447385569613407807032549         2.84305141189279366855294526347462090E-0004
  -4.86057324141416768764714640127987388         2.36375279378475990472059792059818682E-0004
  -4.88732026819826156329515982337580841         1.96205016958666653149126792510145145E-0004
  -4.91401905910439933518480544749663844         1.62599013782346065981781019355488027E-0004
  -4.94066935062629349767572840702284102         1.34534719753662928434471432179112107E-0004
  -4.96727087973632588761847662601847904         1.11139475721420592926124366992572832E-0004
  -4.99382338388814366075722582576095570         9.16702730853888761960209933494057987E-0005
  -5.02032660101925051823810172053501558         7.54959316188717245637613981748232406E-0005
  -5.04678026955359315764873988601274665         6.20814638568439713760726062015854591E-0005
  -5.07318412840414292306185573229094353         5.09744058149016232443534130749930189E-0005
  -5.09953791697547262860298090583678023         4.17929069869127634097503693835160210E-0005
  -5.12584137516632853011015781254311625         3.42153868526407135232561881176410812E-0005
  -5.15209424337219741950127032767354304         2.79715799676124165976437463181145494E-0005
  -5.17829626248786881651282566506545399         2.28348066716747172651066514957747034E-0005
  -5.20444717390999223252238934246540427         1.86153212003946062211717128429713160E-0005
  -5.23054671953962948121551172473450147         1.51546032567065664687300742656967127E-0005
  -5.25659464178480201090687027186005965         1.23204727102619230816129810609428280E-0005
  -5.28259068356303323337448588176112839         1.00029199080339288157541215014912334E-0005
  -5.30853458830388582411525411384486916         8.11055601888799128402564131678562688E-0006
  -5.33442609995149396897966212077354635         6.56759885274604269531795889092042483E-0006
  -5.36026496296709053219343931310960146         5.31131967811254938000806964220598665E-0006
  -5.38605092233152912082401364215145859         4.28988572041730818024967736033692409E-0006
  -5.41178372354780102080001541565248653         3.46054128621095666652379521190237257E-0006
  -5.43746311264354697964268626209877825         2.78807786615026103806719594240532508E-0006
  -5.46308883617356381111891173225086785         2.24355017335461344761480870938357125E-0006
  -5.48866064122230579707670156975453171         1.80320092918497838653855609861802235E-0006
  -5.51417827540638086177529139140478790         1.44756237485708262889309376223426004E-0006
  -5.53964148687704149407363288530467257         1.16070702449610774869873258563949455E-0006
  -5.56505002432267039289287615249036063         9.29624142478314429311328090855512666E-0007
  -5.59040363697126081142052697299117566         7.43701882454558439270889751665190612E-0007
  -5.61570207459289157557628305675710868         5.94298021781323027283368707618426414E-0007
  -5.64094508750219675231211622702718103         4.74384814288953731696086595284549022E-0007
  -5.66613242656082994337197145975551437         3.78255713757028634163842054118245371E-0007
  -5.69126384317992318018949824650367953         3.01283633604058034415769280031065406E-0007
  -5.71633908932254039565551433622029968         2.39722044658463302348579942093110498E-0007
  -5.74135791750612544854042601766388789         1.90541608121815680617175671448464893E-0007
  -5.76632008080494467641059220062177364         1.51296226910018243601509420752312371E-0007
  -5.79122533285252395293162110991631612         1.20013403896209623881811079358189699E-0007
  -5.81607342784408022550582788849587758         9.51046453359967531575418912830564190E-0008
  -5.84086412053894750924555827936076956         7.52923640650798374681226814655737335E-0008
  -5.86559716626299731333879728300823148         5.95503392978033567493513596430780984E-0008
  -5.89027232091105347591843172749384216         4.70552949046237658070874807603288812E-0008
  -5.91488934094930138360172149976404680         3.71475805501919054723895053716540796E-0008
  -5.93944798341769155192195522495483460         2.92992926799518462014570548183412830E-0008
  -5.96394800593233754292992189789101024         2.30884659336567227139724384499997531E-0008
  -5.98838916668790819629871981876014078         1.81782094659206392887527564393198615E-0008
  -6.01277122446001415032154761126445822         1.42998648325616601469101557235756349E-0008
  -6.03709393860758862924847855255732673         1.12394293370353238940529785471751925E-0008
  -6.06135706907526247346480836373311092         8.82662677572593355776745422512229247E-0009
  -6.08556037639573338907038743905020410         6.92612123895677164056081059491478113E-0009
  -6.10970362169212939347640067062848609         5.43046311827374518591761593105566822E-0009
  -6.13378656668036643369334098999201813         4.25443318874515433314643122067352332E-0009
  -6.15780897367150015404143593316614845         3.33051346947777023781970270048402657E-0009
  -6.18177060557407179007252937445316617         2.60526493445943955314786926031426887E-0009
  -6.20567122589644816555039249560364281         2.03643406614826838130255354430409702E-0009
  -6.22951059874915576939463848971258742         1.59064439403840631435291033698825631E-0009
  -6.25328848884720888955184386838513766         1.24155693256079129204110492857395407E-0009
  -6.27700466151243178081613496987193762         9.68405980463196261747853024639616604E-0010
  -6.30065888267577484368038077606062274         7.54835020134579733998738233522431854E-0010
  -6.32425091887962479135824185628097240         5.87972245724679366626938598696241652E-0010
  -6.34778053728010878217665958245755024         4.57697199555922275032989452157811842E-0010
  -6.37124750564939249459792911761976441         3.56059637705520332327924298039843431E-0010
  -6.39465159237797212219028348032806731         2.76819512352292828491038264351659532E-0010
  -6.41799256647696026592592364115450478         2.15083205893844952015935282105307189E-0010
  -6.44127019758036570124566052171508031         1.67016169956347078097180289482645811E-0010
  -6.46448425594736699738978834743496932         1.29616147482916995743638640971937052E-0010
  -6.48763451246457996655548445558381364         1.00534380191073051816330496475690357E-0010
  -6.51072073864831892050192778130224468         7.79347827556570184361435611830863651E-0011
  -6.53374270664685171228544623532308964         6.03831254433683375429453986009783666E-0011
  -6.55670018924264854086834144466090349         4.67599108022422699096913019906858305E-0011
  -6.57959295985462449640659724631823127         3.61919399358526431072548157506848236E-0011
  -6.60242079254037582408345529648419381         2.79986064240094696407590642789998220E-0011
  -6.62518346199840988441783657406683708         2.16497846724017281973541234011701757E-0011
  -6.64788074357036878803880080583582658         1.67328374562503109913499708287425481E-0011
  -6.67051241324324668297966630693620612         1.29267892410355365389363682117762485E-0011
  -6.69307824765160067260805979890437074         9.98212522752897413563214411860108806E-0012
  -6.71557802407975534237102881927202766         7.70500315761248714438633636795344923E-0012
  -6.73801152046400087359742775195053797         5.94492345857522261094984705149441803E-0012
  -6.76037851539478472266308166328764684         4.58510744611883351480165389587747932E-0012
  -6.78267878811889684388773940030343889         3.53499432915643460364209486836589716E-0012
  -6.80491211854164843459654816835160000         2.72439464197533894227403896495134829E-0012
  -6.82707828722904418084271542641684901         2.09893761097853007044905052599357278E-0012
  -6.84917707540994798235216978845160034         1.61652851375235514163665005799257238E-0012
  -6.87120826497824213531539006547991265         1.24459380473140347910921405809050155E-0012
  -6.89317163849497995171613999047350402         9.57940227065156983169164727436334010E-0013
  -6.91506697919053179395162489896808065         7.37092123834568375947656379331195725E-0013
  -6.93689407096672450356357505369925984         5.67000932124790080180867778217564439E-0013
  -6.95865269839897420296495775978607297         4.36044150314447071487524684765786280E-0013
  -6.98034264673841244911242627470385154         3.35249300232971805801931776474275263E-0013
  -7.00196370191400571814022712893825518         2.57692655155376309805984925072969841E-0013
  -7.02351565053466820003710819121768169         1.98033632734403899924365252854707676E-0013
  -7.04499827989136788251379698695926414         1.52154435780732415751213664834989219E-0013
  -7.06641137795922590327485175837168898         1.16881295021426298190814032304959604E-0013
  -7.08775473339960914997512588584420077         8.97689439106672357181003796797741211E-0014
  -7.10902813556221608720772891709712691         6.89340634527871495277821095910665232E-0014
  -7.13023137448715578993721391533981700         5.29266311662742119399609124095618151E-0014
  -7.15136424090702016285877048062911768         4.06305934074654968840774339852778611E-0014
  -7.17242652624894932523145495799246466         3.11872111899590763665070814927001145E-0014
  -7.19341802263669014080094335792300801         2.39359289830088317138212023016969491E-0014
  -7.21433852289264787249494771382556060         1.83687794699801011499908967157622676E-0014
  -7.23518782053993094164229231916261640         1.40952395697742104905450555997145658E-0014
  -7.25596570980438877153470185471014009         1.08151523789327992223546747920413898E-0014
  -7.27667198561664269521860816180272039         8.29787142034791472994882350982091820E-0015
  -7.29730644361410990747273566708008946         6.36620297701259879619568049668174192E-0015
  -7.31786888014302044099587654243576040         4.88404679519066835203255963534987016E-0015
  -7.33835909226042714689811491305576682         3.74688639578043238271182471543943161E-0015
  -7.35877687773620865965780412711624191         2.87447420706148485292042190874815609E-0015
  -7.37912203505506532677584159144026796         2.20520658963854809614425212571645295E-0015
  -7.39939436341850808342822127482069993         1.69179954353635888957573496646256462E-0015
  -7.41959366274684025248747399949579645         1.29796520368456654940437678360863882E-0015
  -7.43971973368113225035342939419780500         9.95858136864728951967562478366196067E-0016
  -7.45977237758518917910375018014924125         7.64113591429129299063898678466631493E-0016
  -7.47975139654751128554489861331982837         5.86340812256003337429262525768770479E-0016
  -7.49965659338324726781459571924276681         4.49966095393645915627221757210145673E-0016
  -7.51948777163614041025742573589504156         3.45344567155000090953596923441672787E-0016
  -7.53924473558046752736602022885979972         2.65078390336530726450477664485513726E-0016
  -7.55892729022297069765122796262001308         2.03493507179765460940521309075475968E-0016
  -7.57853524130478176837583710191959453         1.56238113819907193756909276408669115E-0016
  -7.59806839530333961215776497534637447         1.19974587456532165462419318684321820E-0016
  -7.61752655943430011652016675545768496         9.21431439132514255796268895374787475E-0017
  -7.63690954165343888753763728985164421         7.07805433503481103634800235239250749E-0017
  -7.65621715065854664879958924770947542         5.43810352815151551696607061598249656E-0017
  -7.67544919589131731698398501678405495         4.17897100258949046315264482389966525E-0017
  -7.69460548753922873540687868504656509         3.21207096553561671326616390422719295E-0017
  -7.71368583653741604698568725586230333         2.46945069745447738822021842750758099E-0017
  -7.73269005457053768812675626047046271         1.89898088983293298935586363124289611E-0017
  -7.75161795407463398512061342970346227         1.46066752226496837273732672322224041E-0017
  -7.77046934823897833470131434951189613         1.12382378495986243951415966121754535E-0017
  -7.78924405100792095049947533137920134         8.64901485582716816630183974742258127E-0018
  -7.80794187708272515719196035674713054         6.65828128937827805481143025986031251E-0018
  -7.82656264192339621422474017998095055         5.12731720613170191063778335776640501E-0018
  -7.84510616175050265105917177126063795         3.94962853087244331431465313266955627E-0018
  -7.86357225354699009596585452140540409         3.04344729094435748153228304953491399E-0018
  -7.88196073505998758046430528557869128         2.34597954813648766011897942806183082E-0018
  -7.90027142480260630158095668088428082         1.80899340324265033775232525503103231E-0018
  -7.91850414205573082417242134111161408         1.39543455942309735967738767259382856E-0018
  -7.93665870686980270563557833564436873         1.07682985081607651142480504685530710E-0018
  -7.95473494006659652540082594240537406         8.31295046785738859580112426622100468E-0019
  -7.97273266324098830167980668854589679         6.42006099141821595871902682517401492E-0019
  -7.99065169876271627801404529755642379         4.96025853864661565145034609146754145E-0019
  -8.00849186977813406224624716602960764         3.83403434742485125554086930710824621E-0019
  -8.02625300021195610061148349419483015         2.96482813798818722853063716032935865E-0019
  -8.04393491476899546972113846662516918         2.29371884749203903756446459449233478E-0019
  -8.06153743893589396928831317656410335         1.77534702998401643007368509587585126E-0019
  -8.07906039898284449851936956082464591         1.37478255311584785679589011481835617E-0019
  -8.09650362196530569917245471220183073         1.06511792418760177359919466406254035E-0019
  -8.11386693572570884836017081117024088         8.25618722489467557320485130544932781E-0020
  -8.13115016889515698425004781501611539         6.40301833985826910925592495920318248E-0020
  -8.14835315089511624789313420553443265         4.96842261633806065745528590034443460E-0020
  -8.16547571193909942448784476941979087         3.85732353447079376740478223669725536E-0020
  -8.18251768303434166746319281027776948         2.99634985986299177435143240981639860E-0020
  -8.19947889598346838884268660793546349         2.32885816621755436949044634426145068E-0020
  -8.21635918338615529942748558797345927         1.81110134375395751885990637535649242E-0020
  -8.23315837864078058241488977906190406         1.40927832837926385228749026997809779E-0020
  -8.24987631594606918414587595308321859         1.09726164120008118926007941727282355E-0020
  -8.26651283030272920575319459688942900         8.54846428499453229813604904154941092E-0021
  -8.28306775751508037955950278701126011         6.66400857246735113117943376317724545E-0021
  -8.29954093419267461415312836026611306         5.19825495206652638253372701841484855E-0021
  -8.31593219775190859214733972298670330         4.05750639227205809059530265162082206E-0021
  -8.33224138641762840470743244693013824         3.16916947057378106258535749948159690E-0021
  -8.34846833922472620700853768668849680         2.47697325211887464465016290824285572E-0021
  -8.36461289601972887886580764591712604         1.93727708817918654627469178535892352E-0021
  -8.38067489746237867485753904069287766         1.51621814954067009021420514615785546E-0021
  -8.39665418502720584834085597904388902         1.18750677456171869053782632553117095E-0021
  -8.41255060100509323383878811586054759         9.30721766979844933269976515612475028E-0022
  -8.42836398850483277235694757018892323         7.29991681603512938163366152996901124E-0022
  -8.44409419145467396426752812399746542         5.72974234344547910455442609252124373E-0022
  -8.45974105460386423447802187306371882         4.50066069724115218307887656175187304E-0022
  -8.47530442352418119468187098532401607         3.53790599265695979054791906885130023E-0022
  -8.49078414461145678756824475204904496         2.78323552553577438943874153462603928E-0022
  -8.50618006508709329794825390325599019         2.19125077386259568491867551511536187E-0022
  -8.52149203299957121583518441007345551         1.72654315457408303994530597071466353E-0022
  -8.53671989722594893659675092110374022         1.36147849137754408577356475567697517E-0022
  -8.55186350747335428337793478348601421         1.07447635372267659132085591887449528E-0022
  -8.56692271428046783707368248721103119         8.48673008274747391010747426128878348E-0023
  -8.58189736901899805921159654668988269         6.70881886609459796488563590468294789E-0023
  -8.59678732389514819318575149861747103         5.30784913713984960759193964547350715E-0023
  -8.61159243195107492936391205035274714         4.20303068577037284698801771661224728E-0023
  -8.62631254706633881967171765749954548         3.33106167986335423843940879786687495E-0023
  -8.64094752395934642733882714084241096         2.64230854019710447321623703433370417E-0023
  -8.65549721818878419757358756759607223         2.09782723251594170564333208116868135E-0023
  -8.66996148615504403501450271499634075         1.66703923144603907012517616644915650E-0023
  -8.68434018510164057388862719913876030         1.32591714749466119932117270378678465E-0023
  -8.69863317311662012688900198082499951         1.05556735726829029188133285968200514E-0023
  -8.71284030913396129886537464380171840         8.41122062198958749785563296508105177E-0024
  -8.72696145293496725150471276860476981         6.70872663278754736576232805610193740E-0024
  -8.74099646514964960526042008533208201         5.35591446707394062050931954690307245E-0024
  -8.75494520725810396487170206779281639         4.28000308489424925785705904643422944E-0024
  -8.76880754159187705489719941501190031         3.42354363363476034871628719102218426E-0024
  -8.78258333133532545176981363807084735         2.74115371994580648106179869613710281E-0024
  -8.79627244052696589896258791347786626         2.19695434586938099410642000598804999E-0024
  -8.80987473406081719193857766010946226         1.76255691019481357323228883894252643E-0024
  -8.82339007768773361964084812537106726         1.41548110094901915248768433371150731E-0024
  -8.83681833801672994936206980640818887         1.13791055060612192346143701292117009E-0024
  -8.85015938251629794191664596149299886         9.15713433046749327363531938849234218E-0025
  -8.86341307951571438412189896136448417         7.37671024119215787600220997383827914E-0025
  -8.87657929820634062567856296528859728         5.94869614847911997941468743633882237E-0025
  -8.88965790864291360762467855563865784         4.80220826282411221078967845690727057E-0025
  -8.90264878174482836962095970032819179         3.88082924984556072640651896829001427E-0025
  -8.91555178929741202340980390566156305         3.13961642769700759748742297340463733E-0025
  -8.92836680395318917987434184306443695         2.54273625068548335926880160441563319E-0025
  -8.94109369923313881720827225044521076         2.06159250642763059781168617845908516E-0025
  -8.95373234952794257779170069012458073         1.67334400665452715117028541752811318E-0025
  -8.96628263009922448145279595664090836         1.35972978308945442607175818261998027E-0025
  -8.97874441708078204287979473437368777         1.10613724295460260323054473879642378E-0025
  -8.99111758747980878103272267070521907         9.00862434136056259342421075077777679E-0026
  -9.00340201917810810848915751804932539         7.34522330382108165957020573301518445E-0026
  -9.01559759093329858874343656901931333         5.99587507006106694615007914776161094E-0026
  -9.02770418238001054956390542361395939         4.90010233783060424273201305787554489E-0026
  -9.03972167403107404059811734473195084         4.00928252391436663695783981949193884E-0026
  -9.05164994727869812350132123658426936         3.28428634841829712942414241207126582E-0026
  -9.06348888439564148294912077651353432         2.69359374966124361297363872173228304E-0026
  -9.07523836853637434698084660005914198         2.21178933851205809681844389710893173E-0026
  -9.08689828373823170520595683640407999         1.81835988473690271603057335302701206E-0026
  -9.09846851492255781349166787005471437         1.49673235613987000710959582362889289E-0026
  -9.10994894789584197383601611707259779         1.23350370627205757720643950753296156E-0026
  -9.12133946935084557821666200162316765         1.01782363733963415251955981246054777E-0026
  -9.13263996686772040529196835115493951         8.40899509302453214907173450125186020E-0027
  -9.14385032891511815891721624520798702         6.95598862862801544465450304949955087E-0027
  -9.15497044485129123752526110162145985         5.76130018687836493220732934915308137E-0027
  -9.16600020492518472350747961164156702         4.77785180131568054794870881198192186E-0027
  -9.17693950027751958181751318793151121         3.96733616694435907668198326031332807E-0027
  -9.18778822294186705710707501150286216         3.29855009971805885249756013031129142E-0027
  -9.19854626584571425878995469882388948         2.74605036750370669734477582369282238E-0027
  -9.20921352281152092351732620147245024         2.28906850998808014487903481381926418E-0027
  -9.21978988855776734463453993931508238         1.91063391430147130782016980689249904E-0027
  -9.23027525869999345827675849491062704         1.59686450305453951195111156292829530E-0027
  -9.24066952975182907584807560124150005         1.33639244649421018121670173164374033E-0027
  -9.25097259912601525271613977554600686         1.11989874630805145447714552888530946E-0027
  -9.26118436513541678304178592653966149         9.39735685016196958485311721374572145E-0028
  -9.27130472699402581075075972726058555         7.89620253674395575290511042130635001E-0028
  -9.28133358481795654674229963675990120         6.64384969750515307174497597175108541E-0028
  -9.29127083962643108251711930551559921         5.59775141887317548651047405124947796E-0028
  -9.30111639334275629049520784544571397         4.72283760398853642773833569340423058E-0028
  -9.31087014879529180138183621844537496         3.99016896538166125827173984113817649E-0028
  -9.32053200971840904902822392923655120         3.37583863316033268535252858331136142E-0028
  -9.33010188075344137332148042982384572         2.86007492537500319275058982350633909E-0028
  -9.33957966744962517172668928388862065         2.42650769909453640795564556634185722E-0028
  -9.34896527626503209019234932899937123         2.06156785020362679912975005715779790E-0028
  -9.35825861456749224421882494062741381         1.75399529649993610812314382310302488E-0028
  -9.36745959063550846097798617178728742         1.49443543394748110233616134650293156E-0028
  -9.37656811365916153346083814192908772         1.27510781744428439476773420590039365E-0028
  -9.38558409374100647771864670386477814         1.08953385950865251284208647480072749E-0028
  -9.39450744189695978435186325250436326         9.32312802703086518895662014225012538E-0029
  -9.40333807005717765549003467763085223         7.98937216642892126185103989155997037E-0029
  -9.41207589106692521859485402761516390         6.85640888259358241285914026861535163E-0029
  -9.42072081868743670850756256376942425         5.89273287120087251016499143677724797E-0029
  -9.42927276759676660925105366702155920         5.07195854410455537161003156359225644E-0029
  -9.43773165339063174718625262999223287         4.37196231655898666147699763077039154E-0029
  -9.44609739258324432721165284776599124         3.77417251308021214183666565401948667E-0029
  -9.45436990260813590378427742825358119         3.26298086501844899311103246318789995E-0029
  -9.46254910181897227862980489581270878         2.82525426305478839651583552872609663E-0029
  -9.47063490949035931709914757670128408         2.44992925580824883020447551722324206E-0029
  -9.47862724581863967521840054815836486         2.12767491295379861172661540814402243E-0029
  -9.48652603192268042956878681983907005         1.85061222838498065836475197148677512E-0029
  -9.49433118984465160222300981159084068         1.61208033189597999459306624629945566E-0029
  -9.50204264255079557305428630900386965         1.40644149248605227231358405499544803E-0029
  -9.50966031393218737182427103089588641         1.22891830241445499847203377648592597E-0029
  -9.51718412880548584254609684324888768         1.07545758519194941152277113289276132E-0029
  -9.52461401291367567270884161371252647         9.42616518839178576424457877598311317E-0030
  -9.53194989292680028003989283050313563         8.27467245454659716421062152757316915E-0030
  -9.53919169644268554957191351951529581         7.27516879948335503197153535601237664E-0030
  -9.54633935198765441387141679316648718         6.40640359604398050502777311267968827E-0030
  -9.55339278901723226937633066265297562         5.65024012253872386538886426215120359E-0030
  -9.56035193791684322188037864994877512         4.99118080855507073883667027339764663E-0030
  -9.56721673000249715429261435438426622         4.41596739767117038866670074810898792E-0030
  -9.57398709752146760989102856767423370         3.91324384037418211886626543641049445E-0030
  -9.58066297365296048437979489683384940         3.47327176750153027362515786048826357E-0030
  -9.58724429250877352015043325187312256         3.08769008258727810338782871823636322E-0030
  -9.59373098913394659623794908919035010         2.74931161173659714476865391752373518E-0030
  -9.60012299950740280755384907624626645         2.45195091226786134625732170014304243E-0030
  -9.60642026054258032706883996181089518         2.19027830761462408632082935019369817E-0030
  -9.61262271008805504470898600162808619         1.95969601981264175630948908067013790E-0030
  -9.61873028692815397682013040391545661         1.75623294026050972862425803096508447E-0030
  -9.62474293078355944014647702427915706         1.57645513737227304299033193922645183E-0030
  -9.63066058231190398436037905634479963         1.41738966523940785562619292943945121E-0030
  -9.63648318310835607727159083306903968         1.27645962617800619378953937306038634E-0030
  -9.64221067570619653693550617410102520         1.15142876502162320800409153758473865E-0030
  -9.64784300357738570497123108593775476         1.04035414495695730322135986991767361E-0030
  -9.65338011113312135549171914262748492         9.41545682468702485474118077857185790E-0031
  -9.65882194372438733413963364353199934         8.53531509920656948350046737488818602E-0031
  -9.66416844764249292181409075872747574         7.75028294556532468291380472754322339E-0031
  -9.66941957011960291776498142903463474         7.04915777323531325393351739484128443E-0031
  -9.67457525932925843682316588292361392         6.42214908115711707660151977283510841E-0031
  -9.67963546438688841562648236262130502         5.86069049304933783802934208837046330E-0031
  -9.68460013535031182279321011213247657         5.35727799690565862317187203631671237E-0031
  -9.68946922322023056808637496554425785         4.90533058684742781335142863184651516E-0031
  -9.69424267994071310570408307939774535         4.49907007684149693250890254895728625E-0031
  -9.69892045839966872692291357207940812         4.13341733853611555464140789805416883E-0031
  -9.70350251242931253741329315963336122         3.80390262374579420762042996008986943E-0031
  -9.70798879680662111463771440418314430         3.50658797774944279798103370350317428E-0031
  -9.71237926725377884083464301088250046         3.23800004244924433115532018877165008E-0031
  -9.71667388043861490718298781414528809         2.99507179686063879655442599989046867E-0031
  -9.72087259397503098483407877555428073         2.77509199331853819263804457380253196E-0031
  -9.72497536642341955859021256560637032         2.57566122702685502870060851361357027E-0031
  -9.72898215729107291910098121018769022         2.39465372905014046462270977711363541E-0031
  -9.73289292703258280954079594084429205         2.23018410267016409132522804979151921E-0031
  -9.73670763705023072282325488557882199         2.08057833367647249009698766678982108E-0031
  -9.74042624969436884550027866372394739         1.94434849955146457397541672334465027E-0031
  -9.74404872826379164458625139369796140         1.82017068311210471083423376469441619E-0031
  -9.74757503700609809363975517504056225         1.70686566506225925482634539466234882E-0031
  -9.75100514111804453452787285459460432         1.60338202884900072491849032623453075E-0031
  -9.75433900674588817139045591922281846         1.50878136168879528924750194469590107E-0031
  -9.75757660098572119341421076185877236         1.42222527889258146783456258874693580E-0031
  -9.76071789188379552311894643148149203         1.34296403573733511939625733531985452E-0031
  -9.76376284843683818695084938793548878         1.27032652300867423652404192851019903E-0031
  -9.76671144059235730507020482623355830         1.20371146974052875977700082443124560E-0031
  -9.76956363924893869731356889860767082         1.14257970025458677472752778038603712E-0031
  -9.77231941625653310240301073233929386         1.08644731290728238494723810805507205E-0031
  -9.77497874441673400756768660323615183         1.03487966545616551888090753657949694E-0031
  -9.77754159748304608583568006417407913         9.87486067061409393771280519336010172E-0032
  -9.78000795016114423834674033076085875         9.43915089983623754602451689081263927E-0032
  -9.78237777810912323912927587700651840         9.03850425317542141538814225290608110E-0032
  -9.78465105793773797987771007774704890         8.67007216861457557619710034384316941E-0032
  -9.78682776721063431235907993606169589         8.33128815677252134730690503320207829E-0032
  -9.78890788444457048617055653740410351         8.01983905227524579029869079110758924E-0032
  -9.79089138910962917966238596175969170         7.73363953340536470280761122557534649E-0032
  -9.79277826162942012193359104474903089         7.47080952784082491394534537612195108E-0032
  -9.79456848338127330390063669190971265         7.22965417040576645038662449055026555E-0032
  -9.79626203669642277653214350089410584         7.00864602066095476400469323594611819E-0032
  -9.79785890486018103443563531730868516         6.80640928470484796879580521617385673E-0032
  -9.79935907211210398307522512449863321         6.62170581746785470021933959414592995E-0032
  -9.80076252364614648799207942867803508         6.45342270968962439837647153633522686E-0032
  -9.80206924561080850449245313118293523         6.30056128821416264589499019533168257E-0032
  -9.80327922510927178636105386188477804         6.16222737968842745534809956354164667E-0032
  -9.80439245019952717225047596439857994         6.03762270661211242366477548272855267E-0032
  -9.80540890989449244849043885696668985         5.92603730131096582207231145181411544E-0032
  -9.80632859416212078715357142497658421         5.82684283809856857513535425438204280E-0032
  -9.80715149392549975830750251403889953         5.73948679691796037148023534346691975E-0032
  -9.80787760106294091547604656835583769         5.66348738334720374915198970396368466E-0032
  -9.80850690840805995342531207959146039         5.59842914021559688612179920819563943E-0032
  -9.80903940974984743748360785836092974         5.54395919538911155785508913916792574E-0032
  -9.80947509983273010369707729544537610         5.49978409870343681660251670535889203E-0032
  -9.80981397435662272921605282449625126         5.46566720869207040435079072316085505E-0032
  -9.81005602997697057240019081383274653         5.44142659680202373998597301412640344E-0032
  -9.81020126430478238222352018341447562         5.42693344332571558159770817107332012E-0032
  -9.81024967590665397665361524559550042         5.42211090540962789754090784888032198E-0032
