   7.28009192634414107001673307791984654                                            Infinity
   7.28002007477592006410492571084544724         21.8616486992772100719983664689876185      
   7.27987637234862402297105256622482285         10.9308782913164856369746746260943971      
   7.27966082048053788901015992566344890         7.28731212996074131317698460021942061      
   7.27937342129907157842280211873021146         5.46554703087737458978503295751781762      
   7.27901417764073898453803875199260039         4.37250235739864910725961939436480667      
   7.27858309305112998256645453651692903         3.64381789746765763199881292149024224      
   7.27808017178487543605950349938942415         3.12333927463060691562477830599213081      
   7.27750541880560520542054969806695896         2.73298930078489279083766426309348845      
   7.27685883978589915888204348093565173         2.42939176042846198758041516165802574      
   7.27614044110723118643233517167904350         2.18652092435955996643919727783984549      
   7.27535022985990621724468611731264575         1.98781496499480094132801152837515996      
   7.27448821384299024123008964845328269         1.82223266402820548228713403600097370      
   7.27355440156423333540456097403829994         1.68213010117068469500392028211139597      
   7.27254880223998569583059468983071986         1.56204733342974769001422152545075017      
   7.27147142579510667596152073924810743         1.45798040267732814108265856753612726      
   7.27032228286286683228651364501582178         1.36692634037967783262136063849545043      
   7.26910138478484297824302494963061982         1.28658875889318196676518246222689035      
   7.26780874361080624743241438047686875         1.21518157899490443610073456894718107      
   7.26644437209860316724355061060774006         1.15129473819296254982527398987810084      
   7.26500828371402974405813693773139136         1.09380018654379090608991760841095717      
   7.26350049263069856128049007097861397         1.04178474080733136326943153462801340      
   7.26192101372989889150346081683933584        0.994501251105354443802853371402591261      
   7.26026986260044982419113311162754514        0.951332506712393910015769621756105337      
   7.25854705553854641032787187748190618        0.911764165398949004939303728656544870      
   7.25675260954759882555220990188176795        0.875364179732319413447710705285655930      
   7.25488654233806455336296867674538770        0.841766971154171828237233194984232844      
   7.25294887232727359005389720231717391        0.810661120929759557969513298592023111      
   7.25093961863924667310198548333627549        0.781779698750881918589137405916110027      
   7.24885880110450653480346514066394095        0.754892592317542772056946208890268326      
   7.24670644025988218302034755105381789        0.729800371003278413003317213533157566      
   7.24448255734830621096916953167458929        0.706329337198164952121140589388255157      
   7.24218717431860513805241712511638557        0.684327505525012807970123049245913192      
   7.23982031382528278380187883589766053        0.663661313107163164574676623470548442      
   7.23738199922829667707194004209902077        0.644212910377262462279129219345156501      
   7.23487225459282750268956957704777808        0.625877916318819316813234294389366329      
   7.23229110468904158783646696753280649        0.608563547834169507138029062609216020      
   7.22963857499184643050753384862980355        0.592187052458177236892990418253213613      
   7.22691469168063927245850497287003444        0.576674388538194936457057133271367762      
   7.22411948163904871912422231542706603        0.561959108463260843552861112985323467      
   7.22125297245466940905765936969717712        0.547981409408917752784155154946655105      
   7.21831519241878973550840115182273878        0.534687322997424931295121895813015598      
   7.21530617052611262282785801131523811        0.522028020720797674510799577920658850      
   7.21222593647446936045703740119207460        0.509959216281563027317977407191471725      
   7.20907452066452649732121661842690870        0.498440649432504100568880990830485761      
   7.20585195419948579952435050777365271        0.487435638637772536408490412822444484      
   7.20255826888477727430451055318096101        0.476910692082552231880510645932093932      
   7.19919349722774526328008498537059192        0.466835168341064560613093589009671490      
   7.19575767243732760808487283630126788        0.457180979461073625791750431553005416      
   7.19225082842372789155857759606667439        0.447922330405391541632218429868222042      
   7.18867299979808075772754760047076709        0.439035489760403741050563944611984795      
   7.18502422187211031387891982358293096        0.430498587420062542921087415764366838      
   7.18130453065778161809960069481201361        0.422291435614035945674502027173843531      
   7.17751396286694525571976123058609832        0.414395370196821336025309931237528937      
   7.17365255591097500816873349304642549        0.406793109571402736647829994063814458      
   7.16972034790039861781937048905689291        0.399468629003055144100564646126622030      
   7.16571737764452165246507142943412854        0.392407048399527572433944002604384387      
   7.16164368465104447314177810810512006        0.385594531903838998241146257822418652      
   7.15749930912567230907531536174207162        0.379018197874027031117165952602241095      
   7.15328429197171844360247846051207741        0.372666038017498987902875432893474883      
   7.14899867478970051498226218848452815        0.366526844611948425340819336626629966      
   7.14464249987692993608157962690943578        0.360590144884870604867995377459471347      
   7.14021581022709443698773258434370362        0.354846141743447979597181315212852877      
   7.13571864952983373466776955417685056        0.349285660149209036103932316367679772      
   7.13115106217030833386270035260437775        0.343900098520063407091313976834592064      
   7.12651309322876146347232852902884008        0.338681384618303504442699192195442311      
   7.12180478848007415275421257715675648        0.333621935448788346506162746576493047      
   7.11702619439331345172797424003910234        0.328714620748335322279928688407831938      
   7.11217735813127380024383612773110101        0.323952729696636724296860027588382326      
   7.10725832755001155024189078430750519        0.319329940521879698639650798889397248      
   7.10226915119837264579617858428146790        0.314840292711599272156456308615948277      
   7.09720987831751346560518174009792719        0.310478161571910493306870734324936504      
   7.09208055884041483265782559581334690        0.306238234906805052383477083984455306      
   7.08688124339138919587151560129391512        0.302115491614218528719841685451858668      
   7.08161198328558098856612824068571427        0.298105182017552126296897096962033065      
   7.07627283052846016870521606342209236        0.294202809770673147304766514266652670      
   7.07086383781530894590298017099833917        0.290404115191468532239911516604220537      
   7.06538505853070170026280738400505093        0.286705059894083007761189464280154347      
   7.05983654674797809818036318779938144        0.283101812603293225482621163266287625      
   7.05421835722870941031137476853131314        0.279590736046271666485838135628620379      
   7.04853054542215803697133034135377148        0.276168374827468708884935459560211307      
   7.04277316746473024630136087736092218        0.272831444201652031376409873405028123      
   7.03694628017942213060155759346155360        0.269576819668431386911870447434471486      
   7.03104994107525878629991251886693529        0.266401527318986849657531935834773863      
   7.02508420834672672309194943254376948        0.263302734872316914321032719563021767      
   7.01904914087319950785293781777452853        0.260277743344222461863426420583115406      
   7.01294479821835664899135254334031479        0.257323979297524836895447189796611624      
   7.00677124062959572697895609680174161        0.254438987626752075619823792804189829      
   7.00052852903743777685953770545999571        0.251620424834778774220812355563579837      
   6.99421672505492592860494392695029550        0.248866052762726616626468442297971760      
   6.98783589097701731125357761673600765        0.246173732737871956691271378777862180      
   6.98138608977996822683302592728777182        0.243541420107406067890974118250637207      
   6.97486738512071260013490250728035357        0.240967159128689707292095322723407371      
   6.96827984133623371047635369313755751        0.238449078189169090325591535863477521      
   6.96162352344292921164898256471014274        0.235985385331404024279589693720572956      
   6.95489849713596944632218761738910979        0.233574364060726253890866311472754777      
   6.94810482878864906123409383074609963        0.231214369414919567992421369784355965      
   6.94124258545173192956937243567428424        0.228903824277012882265751413336769063      
   6.93431183485278938698930104541370518        0.226641215913821087453974746059433142      
   6.92731264539553178784540736884480717        0.224425092724271701762643736520911358      
   6.92024508615913338817396681571301231        0.222254061182832323102584426437392194      
   6.91310922689755056213448628233166474        0.220126782964517045515729281573984120      
   6.90590513803883335862110262276956910        0.218041972239010540280547856465213774      
   6.89863289068443040484155411518042402        0.215998393122416370141731799760619242      
   6.89129255660848716372404597704812273        0.213994857276020215253833375065963809      
   6.88388420825713755207792601863943851        0.212030221642267018704213079741546256      
   6.87640791874778892649961320347739088        0.210103386308890757025546036552738989      
   6.86886376186840044408067956145286435        0.208213292492813021102716360893655285      
   6.86125181207675480504037392823788119        0.206358920636047616207484731810492543      
   6.85357214449972338447019371859787945        0.204539288606418136067493955612163370      
   6.84582483493252476044335773636288589        0.202753449996418596453562767531032282      
   6.83800995983797664580720823624881734        0.201000492514027928354036849589540350      
   6.83012759634574123104167343916756397        0.199279536459731216539414198695121760      
   6.82217782225156394563195182058754373        0.197589733284407444686875931207394112      
   6.81416071601650564546853609908424397        0.195930264223118261861510987274333963      
   6.80607635676616823385257730835727344        0.194300339000177710233644666377259085      
   6.79792482428991372374939700032308542        0.192699194601201478772574012911717810      
   6.78970619904007674899768785979520511        0.191126094108128362913422233193817735      
   6.78142056213117053224659917385560545        0.189580325593478292930878039255746913      
   6.77306799533908631745748305317155265        0.188061201070362429056946928056252088      
   6.76464858110028627487157941084860762        0.186568055494993121535653700075408993      
   6.75616240251098988640934183032285275        0.185100245818656555439666103464068787      
   6.74760954332635381953145196144359249        0.183657150086310059454502229921358365      
   6.73899008795964529765583633821764499        0.182238166579150644579271846653790732      
   6.73030412148140897528918587839588805        0.180842712998672528011480953826887462      
   6.72155172961862732609558417068841005        0.179470225689890261171278955774677881      
   6.71273299875387455218887534719763511        0.178120158901551597102312738364645247      
   6.70384801592446402299934524476133081        0.176791984081301294858615008978328114      
   6.69489686882158925212915004820866139        0.175485189203884483661379670675513107      
   6.68587964578945842067470405077539704        0.174199278130596744655667392912702467      
   6.67679643582442245555793193264112240        0.172933769998298396871060803241885301      
   6.66764732857409667147190041911041879        0.171688198636413222925047129614699057      
   6.65843241433647598510986870756140726        0.170462112010427613333693285746179660      
   6.64915178405904371041023601996773418        0.169255071690495372748513795490053078      
   6.63980552933787394361321741944665033        0.168066652343836700519187990036923565      
   6.63039374241672754698834499963022650        0.166896441249697575790709074517959840      
   6.62091651618614174015507009028915523        0.165744037835708352062399027627354889      
   6.61137394418251330798183259801249365        0.164609053234548173173037420534685964      
   6.60176612058717543411196539418456129        0.163491109859885207515337624218260540      
   6.59209314022546816922771415219972937        0.162389841000621978067892123615798973      
   6.58235509856580254322647560089616031        0.161304890432530535710223929422778134      
   6.57255209171871833054608918153736721        0.160235912046414152533844971112702727      
   6.56268421643593547793865795218597023        0.159182569491980849819396375661132620      
   6.55275157010939920405492365775731007        0.158144535836659652177178804403884910      
   6.54275425077031878026367755907754736        0.157121493238633187624144631613459933      
   6.53269235708820000219305227347932123        0.156113132633400329546546199275083951      
   6.52256598836987136154280990734380935        0.155119153433220182224579044562588373      
   6.51237524455850392777891754296118770        0.154139263238824014931282493962301659      
   6.50212022623262494938378206448199578        0.153173177562814906129639802725229589      
   6.49180103460512518439750175785632579        0.152220619564206013061423162693582939      
   6.48141777152225997004738148573454198        0.151281319793577666564996929290800048      
   6.47097053946264404132475090950944247        0.150355015948361030066825454823805028      
   6.46045944153624010842982059714660049        0.149441452637781970194157745281596532      
   6.44988458148334120306690830826884425        0.148540381157023170929760508539688506      
   6.43924606367354680363386667919024675        0.147651559270185482636590460591338661      
   6.42854399310473274941094333326520445        0.146774751001651123560705625434600607      
   6.41777847540201495391560451003777004        0.145909726435471730031350991054871020      
   6.40694961681670692765105303523848482        0.145056261522423461987431781175828390      
   6.39605752422527112053727023866396202        0.144214137894389486606242495117693190      
   6.38510230512826409437440866536798182        0.143383142685747253514966508340906767      
   6.37408406764927553574925751537384087        0.142563068361454104418228191887048340      
   6.36300292053386111985629508727612401        0.141753712551539987687167343751242857      
   6.35185897314846923576553149164011546        0.140954877891730430183943416189014718      
   6.34065233547936158372992994205296422        0.140166371869936506241111460196819976      
   6.32938311813152765518567542708239018        0.139388006678361385697635458740347134      
   6.31805143232759310615893491833830637        0.138619599070985184404130887766632490      
   6.30665738990672203485302288242971502        0.137860970226201323846338483442533209      
   6.29520110332351317425004914302697473        0.137111945614388470915458416975369489      
   6.28368268564689001062118248969067951        0.136372354870212411213535085388808862      
   6.27210225055898483889961225988110751        0.135642031669461944060638144888683003      
   6.26045991235401676593013083794561483        0.134920813610232106778786108351299861      
   6.24875578593716367266899202929187938        0.134208542098276770004025536694613605      
   6.23698998682342814646732298986154414        0.133505062236360922933962425635855593      
   6.22516263113649739463088023196948498        0.132810222717450813970721122102616191      
   6.21327383560759715050834260020086541        0.132123875721587552916094195746324708      
   6.20132371757433958341962542908385750        0.131445876816296838908312919721768294      
   6.18931239497956522379487977249918306        0.130776084860394175400695657535068267      
   6.17723998637017891495390804916875881        0.130114361911051290062488487253372658      
   6.16510661089597980301468209611285410        0.129460573133995512662444667057326401      
   6.15291238830848537647849088081980006        0.128814586716719595731398233797723522      
   6.14065743895974956709797241229478442        0.128176273784584907949304948145686068      
   6.12834188380117492369289713153017944        0.127545508319706104598462491956450337      
   6.11596584438231887063706767478489443        0.126922167082510297944422392625961426      
   6.10352944284969406279808181102682293        0.126306129535868427031791433697482341      
   6.09103280194556284876997098177448478        0.125697277771700974260113463612183882      
   6.07847604500672585429687564231340590        0.125095496439964407600067523655187650      
   6.06585929596330469784394994395462019        0.124500672679928754055810820297650148      
   6.05318267933751885032960163490110005        0.123912696053660542924607776996565182      
   6.04044632024245665109096782081158010        0.123331458481629006858448705848593012      
   6.02765034438084049221220284488925954        0.122756854180356904402735757240710395      
   6.01479487804378618340271045204003855        0.122188779602040638720787350557558276      
   6.00188004810955650966988802428783201        0.121627133376067502229611862033122983      
   5.98890598204230899408826544833668134        0.121071816252360883998015098255666959      
   5.97587280789083787802411453525712263        0.120522731046487143655388699407336907      
   5.96278065428731033123167629227223815        0.119979782586460589456746743072023337      
   5.94962965044599690429410218425557864        0.119442877661185605867255672698284932      
   5.93641992616199623593903125576657990        0.118911924970477464005374227763109388      
   5.92315161180995402781542705239219154        0.118386835076605722596053843902737469      
   5.90982483834277629937487612320975101        0.117867520357306393474833030646635474      
   5.89643973729033693555700294593503003        0.117353894960211209573359709236369691      
   5.88299644075817954003498383560212812        0.116845874758644399831881898320754852      
   5.86949508142621360683334422050653544        0.116343377308739349469076017447377306      
   5.85593579254740502318629904093992284        0.115846321807829410074939735748329342      
   5.84231870794646091656084439351384906        0.115354629054068926410853472100885036      
   5.82864396201850885882462935442168916        0.114868221407242269701187462674612821      
   5.81491168972777044059432961789493889        0.114387022750720314461936228828088705      
   5.80112202660622922885580863170702595        0.113910958454525371205608165160906297      
   5.78727510875229312100278675147028414        0.113439955339467094164673471097560197      
   5.77337107282945110849604402254018790        0.112973941642313324781104137640534225      
   5.75941005606492446340035698674659725        0.112512846981961211236444007118189298      
   5.74539219624831236111141385636155319        0.112056602326575264701540577910915401      
   5.73131763173023195263986495642572881        0.111605139961660277069558534951645699      
   5.71718650142095289987444596682607971        0.111158393459038235356796254777751073      
   5.70299894478902638730075965668295962        0.110716297646699527232562881433056314      
   5.68875510185990862370681695631056303        0.110278788579499842661864177801873985      
   5.67445511321457884746081981821754645        0.109845803510675240680534540123286121      
   5.66009911998815184900091584159060879        0.109417280864148870023902817721118217      
   5.64568726386848502423076753905137857        0.108993160207603809740157676113354978      
   5.63121968709477997256875687612384514        0.108573382226297432978260495198919961      
   5.61669653245617865345248778005696672        0.108157888697593595690074858712648372      
   5.60211794329035411515395516401567279        0.107746622466189813777749558971108381      
   5.58748406348209580981431811512814228        0.107339527420017418913590397059267622      
   5.57279503746188950866064672175258380        0.106936548466793476441553703706306969      
   5.55805101020449183142030603925218726        0.106537631511204009939980239360892162      
   5.54325212722749940400179638855197992        0.106142723432698807613348252338187039      
   5.52839853458991265856388602317076231        0.105751772063878787045878914560410465      
   5.51349037889069429014774966502027101        0.105364726169457568284839402498969474      
   5.49852780726732238409956397516300777        0.104981535425779551956762456381241941      
   5.48351096739433822856360817242127369        0.104602150400877420326578729426728238      
   5.46844000748188882637837422112034526        0.104226522535052576002631160892571237      
   5.45331507627426412076050576160664815        0.103854604121962606431184465308975640      
   5.43813632304842894921355773718195269        0.103486348290200413423286747445456274      
   5.42290389761254974015059896381256132        0.103121708985350176677681447692456843      
   5.40761795030451596677156718089037479        0.102760640952505829523440209662028388      
   5.39227863199045637278802990033379486        0.102403099719238214779492902324586008      
   5.37688609406324998463960412673066432        0.102049041578997559548742610642582340      
   5.36144048844103192489774324377387666        0.101698423574938360726595401413964699      
   5.34594196756569404160390954408079754        0.101351203484154208765250326831750600      
   5.33039068440138036834031551420941488        0.101007339802310496518706039565759686      
   5.31478679243297742988243556931278174        0.100666791728663363488604904036408738      
   5.29913044566459940833336195887620169        0.100329519151453614155611858448736684      
   5.28342179861806818469080353427219187         9.99954826336647229428451355820622652E-0002
   5.26766100633138827084810347981168547         9.96646433991343983162332022892718258E-0002
   5.25184822435721664708108146238752312         9.93369633190095251537324047180755681E-0002
   5.23598360876132752012278645298070442         9.90124048985346383574740335282931630E-0002
   5.22006731612107201697837821997989836         9.86909312641644022619582178833732267E-0002
   5.20409950352383282968233769467033542         9.83725061509908802058813564491616425E-0002
   5.18808032856547382625003857007515080         9.80570938904766771613792547159164336E-0002
   5.17200994934878464312539412375736281         9.77446593984853260075689595313211286E-0002
   5.15588852448192027447582386287618041         9.74351681636005653303494441340784243E-0002
   5.13971621307683567373516368689026724         9.71285862357264239434027581127923588E-0002
   5.12349317474771538284437036246107303         9.68248802149602850539231579217761271E-0002
   5.10721956960939820468894572047991567         9.65240172407313515211323925377931375E-0002
   5.09089555827579693428092763237634091         9.62259649811971733399186220507451398E-0002
   5.07452130185831316428206301912571965         9.59306916228911296740131001908848948E-0002
   5.05809696196424718051339241033841094         9.56381658606139807960277019546631091E-0002
   5.04162270069520296314493542267819211         9.53483568875628204841425844234909837E-0002
   5.02509868064548830930747148834465883         9.50612343856909670823398776231193857E-0002
   5.00852506490051009291655975871264737         9.47767685162925318449021479045229419E-0002
   4.99190201703516467754693586023418067         9.44949299108055966361046409929371262E-0002
   4.97522970111222349824326061569624701         9.42156896618281198104670490586549651E-0002
   4.95850828168071382820087649175446764         9.39390193143408694141446885350371522E-0002
   4.94173792377429474629775092273986122         9.36648908571318569698103497248477947E-0002
   4.92491879290962832150615132202668519         9.33932767144169132712068656260819349E-0002
   4.90805105508474603025980405827380523         9.31241497376512100451244379426509075E-0002
   4.89113487677741042289933847869157082         9.28574831975266882541956934344589925E-0002
   4.87417042494347205536570674078809363         9.25932507761505054209796333999667182E-0002
   4.85715786701522170235800030503085430         9.23314265593997608511540060829294129E-0002
   4.84009737089973786821865398231464528         9.20719850294478992119242539222565506E-0002
   4.82298910497722961185543796242742924         9.18149010574583297638593520768166224E-0002
   4.80583323809937470205588681480846360         9.15601498964409308257035844113302485E-0002
   4.78862993958765311959590159434322998         9.13077071742672369405912597037653993E-0002
   4.77137937923167592259018644787605835         9.10575488868402298700049902627985229E-0002
   4.75408172728750949157794404827972356         9.08096513914147741237568248418010715E-0002
   4.73673715447599517088285433064039231         9.05639914000648533890025689408576011E-0002
   4.71934583198106432283179791934081222         9.03205459732938760916398039413206277E-0002
   4.70190793144804881146205886711071541         9.00792925137844265465143641425389692E-0002
   4.68442362498198693239185043063243180         8.98402087602839428603480262043670668E-0002
   4.66689308514592480557395213683310015         8.96032727816229040696713829454261706E-0002
   4.64931648495921324769702590597825192         8.93684629708622070467836799567178919E-0002
   4.63169399789580014104379305014918500         8.91357580395665086065767416723994891E-0002
   4.61402579788251831565970211831575784         8.89051370122004001080953481768036347E-0002
   4.59631205929736896172999937332180309         8.86765792206443707747296933930974340E-0002
   4.57855295696780058910722872463847017         8.84500642988276020595262919674915487E-0002
   4.56074866616898355097513576831397960         8.82255721774747187568296135404263491E-0002
   4.54289936262208014867873076840918478         8.80030830789637033040527087511915331E-0002
   4.52500522249251033479387752026416747         8.77825775122922579198644822997692783E-0002
   4.50706642238821303155321863475805089         8.75640362681499749759897630496166799E-0002
   4.48908313935790308178852244553148820         8.73474404140937493842809725682242691E-0002
   4.47105555088932384959264204083539595         8.71327712898239378806317850037855466E-0002
   4.45298383490749548794721243281862553         8.69200105025588389814522992928716615E-0002
   4.43486816977295889060497717591510951         8.67091399225051341526224120634780763E-0002
   4.41670873428001534555823041046147804         8.65001416784219954380400853699106283E-0002
   4.39850570765496190746728391737703358         8.62929981532766275153001031999337105E-0002
   4.38025926955432250646512090596530866         8.60876919799890729472658050572868790E-0002
   4.36196960006307481079647850263884569         8.58842060372641683454001814525184430E-0002
   4.34363687969287286079150884831114761         8.56825234455085963163546984894405558E-0002
   4.32526128938026549171590393272760123         8.54826275628310334878051436006411343E-0002
   4.30684301048491056308093138321073025         8.52845019811234486609777166695960086E-0002
   4.28838222478778501203821697297340399         8.50881305222216572716921759558351479E-0002
   4.26987911448939074852532421181829287         8.48934972341432889129768129520058684E-0002
   4.25133386220795640986922162292157875         8.47005863874013737323269893084152896E-0002
   4.23274665097763499259559378844295631         8.45093824713918011155377111570080465E-0002
   4.21411766424669737923264256058664883         8.43198701908529502549771317549145752E-0002
   4.19544708587572177793853958186244537         8.41320344623958370196726769695440593E-0002
   4.17673510013577909282203003879752303         8.39458604111031650424688849101671445E-0002
   4.15798189170661424286584998910147752         8.37613333671957111589894856906749768E-0002
   4.13918764567482344740260525690183577         8.35784388627645163158513690573658617E-0002
   4.12035254753202749613256838950296620         8.33971626285673928517030574301097792E-0002
   4.10147678317304102171248111928405603         8.32174905908882976829335628356500600E-0002
   4.08256053889403779298390278470010472         8.30394088684581584336831310416444398E-0002
   4.06360400139071204694891984549845743         8.28629037694357759731281016261611819E-0002
   4.04460735775643587764012759158701390         8.26879617884474621966801638445862715E-0002
   4.02557079548041270007071200662752571         8.25145696036841062452860921434284326E-0002
   4.00649450244582680748919712228459146         8.23427140740543957308129281453987269E-0002
   3.98737866692798904020198070481586629         8.21723822363929519568005328023815710E-0002
   3.96822347759247858426515837179454917         8.20035613027221696228160549711503581E-0002
   3.94902912349328091838533286444345708         8.18362386575665821063645072940190919E-0002
   3.92979579407092192740712082334554898         8.16704018553186031569009127790980395E-0002
   3.91052367915059820080290365697986071         8.15060386176545247390881169408523316E-0002
   3.89121296894030353461802158020569270         8.13431368309996788532535442987349920E-0002
   3.87186385402895165536208026186678764         8.11816845440416984653234360869777050E-0002
   3.85247652538449518437432738729370145         8.10216699652908392207957461243902866E-0002
   3.83305117435204086122816144463051450         8.08630814606863494211620997459036739E-0002
   3.81358799265196104477675681738995355         8.07059075512479008294129634972709257E-0002
   3.79408717237800151047852744504599829         8.05501369107711172658946695408190931E-0002
   3.77454890599538556267770553621406062         8.03957583635662616781251491657334484E-0002
   3.75497338633891448055168172427042584         8.02427608822391654387941185096661967E-0002
   3.73536080661106431647293828416863229         8.00911335855135060649601939574501915E-0002
   3.71571136038007906556940722458712862         7.99408657360935613776345302060524671E-0002
   3.69602524157806022530289987608258183         7.97919467385665893530901479196979458E-0002
   3.67630264449905276392088366014885445         7.96443661373440035733229934924958126E-0002
   3.65654376379712751667232469434854917         7.94981136146405342804848749243954816E-0002
   3.63674879448446002871357141518419002         7.93531789884905845956061943626703906E-0002
   3.61691793192940586366532413514204207         7.92095522108010104917714329525186347E-0002
   3.59705137185457239681661804724896533         7.90672233654395716318131648259004075E-0002
   3.57714931033488711200644230525462350         7.89261826663583182057474993471117454E-0002
   3.55721194379566242124812509776080085         7.87864204557511964482860854950515857E-0002
   3.53723946901065702619593375969372393         7.86479272022451725960498720451589949E-0002
   3.51723208310013384058746958573807393         7.85106934991241916713392455760521229E-0002
   3.49718998352891449282937879086741677         7.83747100625853036678006224596202670E-0002
   3.47711336810443042792765366792343814         7.82399677300263054759584837277862510E-0002
   3.45700243497477062799736108819097175         7.81064574583642622358274882936188652E-0002
   3.43685738262672597062000874683323007         7.79741703223842867517552939716599241E-0002
   3.41667840988383024434994264151128457         7.78430975131179701629609570891115305E-0002
   3.39646571590439784070416186201004896         7.77132303362508712432418793924493730E-0002
   3.37621950017955814200273853560621001         7.75845602105584855159804623436161628E-0002
   3.35593996253128662445964139350161923         7.74570786663701288264992130886219069E-0002
   3.33562730311043269595618057605483151         7.73307773440601831232643554128785381E-0002
   3.31528172239474428796151865880991831         7.72056479925661649723739221992399001E-0002
   3.29490342118688922109672813937421155         7.70816824679330897758253865352938060E-0002
   3.27449260061247336387071846086032120         7.69588727318836167925770096706379095E-0002
   3.25404946211805560414800574660649204         7.68372108504134718814417595375881032E-0002
   3.23357420746915965293975547084964167         7.67166889924116564051469410485652481E-0002
   3.21306703874828270014079198047869185         7.65972994283049619639487284808513331E-0002
   3.19252815835290094186633880538217116         7.64790345287263215732380417234150669E-0002
   3.17195776899347199907312974257487796         7.63618867632065385705882572307850513E-0002
   3.15135607369143424718021246750961115         7.62458486988889449414063816351974834E-0002
   3.13072327577720307643525361193483789         7.61309129992665508962507574749859456E-0002
   3.11005957888816410280244655045154060         7.60170724229412574242341915659009132E-0002
   3.08936518696666334917822025857949824         7.59043198224047131927841776986274298E-0002
   3.06864030425799441677084924661854777         7.57926481428404065712100838597459793E-0002
   3.04788513530838266650977044076675552         7.56820504209465927306522308954545908E-0002
   3.02709988496296643037992268265003007         7.55725197837796647224809814017503611E-0002
   3.00628475836377527260573795937666700         7.54640494476175861673030056024192087E-0002
   2.98543996094770532063853026914387779         7.53566327168430117034573328629422916E-0002
   2.96456569844449168592994788492045886         7.52502629828457296531051345275335564E-0002
   2.94366217687467799450287741538311625         7.51449337229440694714188097372683498E-0002
   2.92272960254758304735971319461276996         7.50406384993249244554728669398586790E-0002
   2.90176818205926463079623287852979994         7.49373709580020479095824469817673503E-0002
   2.88077812229048049671744940708432045         7.48351248277922884982177117581264141E-0002
   2.85975963040464653307974042919439246         7.47338939193094378712829123546402098E-0002
   2.83871291384579214461128860667461016         7.46336721239753708243784927143282293E-0002
   2.81763818033651286399039964021293811         7.45344534130481652634101591481199248E-0002
   2.79653563787592021368859912309114589         7.44362318366668960831784926426471205E-0002
   2.77540549473758883871254415702562746         7.43390015229128037478498605614814778E-0002
   2.75424795946750093050572079142100806         7.42427566768865448818172845495058001E-0002
   2.73306324088198796229763350663975993         7.41474915798012385466256148382841357E-0002
   2.71185154806566975621472788973207862         7.40532005880910280974538207355037727E-0002
   2.69061309036939090249362208555226880         7.39598781325348845850951841943142585E-0002
   2.66934807740815455116335628740072644         7.38675187173953836003159531125685127E-0002
   2.64805671905905359658930220134539420         7.37761169195721932506559902362758709E-0002
   2.62673922545919927529710582124830208         7.36856673877700166188051958474110111E-0002
   2.60539580700364719752056673329290628         7.35961648416807375801870548989800033E-0002
   2.58402667434332083294268527750687887         7.35076040711795242587449051554730477E-0002
   2.56263203838293247112423497942439582         7.34199799355346496774992143444780961E-0002
   2.54121211027890167713914147964772395         7.33332873626307943174725392339721370E-0002
   2.51976710143727126296067048666180724         7.32475213482056003382185863988905125E-0002
   2.49829722351162079516694581483854557         7.31626769550992521385098387083422257E-0002
   2.47680268840097765955863410315139349         7.30787493125168627497155073311003572E-0002
   2.45528370824772570330574510072128872         7.29957336153034502599357491900705179E-0002
   2.43374049543551147526440521495324581         7.29136251232312930668660380050578949E-0002
   2.41217326258714808512816711072880562         7.28324191602994572543859149680327060E-0002
   2.39058222256251670210191929093336139         7.27521111140452937846618373547847525E-0002
   2.36896758845646571380975654757223762         7.26726964348677074967137237870947835E-0002
   2.34732957359670756617126471893388437         7.25941706353620041064370162346768943E-0002
   2.32566839154171330500356109377840604         7.25165292896661255144454893849814570E-0002
   2.30398425607860484012911484247055251         7.24397680328180877491864867455638805E-0002
   2.28227738122104495279184980346583546         7.23638825601244398058966366857621574E-0002
   2.26054798120712506720630458974827497         7.22888686265395654893662963877499254E-0002
   2.23879627049725080708669208388652308         7.22147220460556541323577994353402401E-0002
   2.21702246377202535802456174452838269         7.21414386911031697440096177504502296E-0002
   2.19522677593013065660542353562920002         7.20690144919616517457319137675545189E-0002
   2.17340942208620642717614149877744235         7.19974454361806839779790551971282054E-0002
   2.15157061756872708719614780694585633         7.19267275680108721118378457735455018E-0002
   2.12971057791787654212656435520091304         7.18568569878446729765104173305537614E-0002
   2.10782951888342089083214835272785887         7.17878298516669226193610000529455193E-0002
   2.08592765642257906249160077539569090         7.17196423705149131510498694320299212E-0002
   2.06400520669789140603219171546108027         7.16522908099478715961615245288929424E-0002
   2.04206238607508625312486442340312497         7.15857714895256970713670057772043995E-0002
   2.02009941112094447579597997684940532         7.15200807822968156502165744090797296E-0002
   1.99811649860116205973165683570476993         7.14552151142950152477693892446222833E-0002
   1.97611386547821071437024385558549773         7.13911709640451257710195422091872127E-0002
   1.95409172890919654089784144020351364         7.13279448620774126340198916496023556E-0002
   1.93205030624371677928095322620396450         7.12655333904505545312436468431127560E-0002
   1.90998981502171465548930982195702483         7.12039331822830791005269158392557794E-0002
   1.88791047297133235008065647782235813         7.11431409212931327893341055765899279E-0002
   1.86581249800676210933783796438380883         7.10831533413464638664763049877759090E-0002
   1.84369610822609552016684619409649940         7.10239672260125000971492823087139578E-0002
   1.82156152190917096998261905976649727         7.09655794081284051235667684584649039E-0002
   1.79940895751541931282729240142866512         7.09079867693710000678371573967752909E-0002
   1.77723863368170776298331077470264352         7.08511862398364392993260854416357487E-0002
   1.75505076922018203736129660386129100         7.07951747976275316867905327252940234E-0002
   1.73284558311610676795986118898239902         7.07399494684486009872585442795505107E-0002
   1.71062329452570420571161472808820821         7.06855073252077813101291564481779542E-0002
   1.68838412277399123704649584359765292         7.06318454876266458374176011798392024E-0002
   1.66612828735261473452019390128921892         7.05789611218570691805813553968003236E-0002
   1.64385600791768526287187951494124840         7.05268514401052259120159740690603675E-0002
   1.62156750428760916189168987860474571         7.04755137002626299261624141158967453E-0002
   1.59926299644091902749443580087513115         7.04249452055441213622506614342299334E-0002
   1.57694270451410261241180637345091148         7.03751433041327098590240197909639455E-0002
   1.55460684879943016793094493366974330         7.03261053888311849123264013593387151E-0002
   1.53225564974278024812265622365266221         7.02778288967204060701499592198775783E-0002
   1.50988932794146399801767925530929197         7.02303113088241876275682810591332419E-0002
   1.48750810414204794720442321099339721         7.01835501497806943768349162051737035E-0002
   1.46511219923817533033631459637223798         7.01375429875202668267006111528986539E-0002
   1.44270183426838595605144266949944036         7.00922874329495961305668638249772899E-0002
   1.42027723041393464582151675466748328         7.00477811396421707562996693931612163E-0002
   1.39783860899660826426126326996468788         7.00040218035349186922074197887945937E-0002
   1.37538619147654136244329201427119685         6.99610071626309707146536119041223659E-0002
   1.35292019945003045577715033549450448         6.99187349967084719438226280798728220E-0002
   1.33044085464734695802476010206196383         6.98772031270353705860617664173593920E-0002
   1.30794837893054879303769579104973411         6.98364094160901144047439119921835906E-0002
   1.28544299429129070581481235793055162         6.97963517672881870774748646673057257E-0002
   1.26292492284863329449156873596469451         6.97570281247144181864331022063621967E-0002
   1.24039438684685078488501670104193110         6.97184364728610021513874868883122591E-0002
   1.21785160865323756923083530571424199         6.96805748363711629521845206240186445E-0002
   1.19529681075591353076098801175349186         6.96434412797884029999106503482894347E-0002
   1.17273021576162817578256291344622267         6.96070339073112760041817336710077247E-0002
   1.15015204639356359493012592572938149         6.95713508625536251487419197323735417E-0002
   1.12756252548913627527547239601606679         6.95363903283102293294050446843313040E-0002
   1.10496187599779778499000417211027930         6.95021505263278016279670979505670401E-0002
   1.08235032097883435226608660902753438         6.94686297170812855936694489300970499E-0002
   1.05972808359916536021465321500042423         6.94358261995553962806979418987146903E-0002
   1.03709538713114077946702451374598979         6.94037383110313543466492020666510712E-0002
   1.01445245495033756021939213061124624         6.93723644268787628534573771742615283E-0002
  0.991799510533355005468688991017476176         6.93417029603525777295155548155484673E-0002
  0.969136777455609147198621749333290439         6.93117523623951241501987465825339123E-0002
  0.946464479389126147284482045679943806         6.92825111214431123742414741623629710E-0002
  0.923782840100334744894978820088396588         6.92539777632396078359741814473584431E-0002
  0.901092083447857772178744602885070667         6.92261508506509115388005042769855242E-0002
  0.878392433380302760032364354302373274         6.91990289834883080240137717943452438E-0002
  0.855684113934051655755755954333589875         6.91726107983346394016085620700200734E-0002
  0.832967349231049674409496757145354639         6.91468949683756651266352220585470444E-0002
  0.810242363476593305697240636414581975         6.91218802032361683863567800566828680E-0002
  0.787509380957117498204704574385288082         6.90975652488207711304749708940778178E-0002
  0.764768626037982042834823005984743123         6.90739488871594209294633399612546809E-0002
  0.742020323161257177286571739865060995         6.90510299362575139850408872902216118E-0002
  0.719264696843508433432651262740239078         6.90288072499506197424921411581777098E-0002
  0.696501971673580749458691515992411765         6.90072797177637736673342515591412949E-0002
  0.673732372310381868633896740476410137         6.89864462647753058491869238862558220E-0002
  0.650956123480665046590089645139682327         6.89663058514851741840482018835979929E-0002
  0.628173449976811088992938898006858471         6.89468574736877719629431099108629977E-0002
  0.605384576654609741495762696897243018         6.89281001623491807605115011968621810E-0002
  0.582589728431040453872693886723500518         6.89100329834888405719485653264634692E-0002
  0.559789130282052540234168687267332287         6.88926550380656101912129063856784550E-0002
  0.536983007240344757233661518982462490         6.88759654618681918579738741096401754E-0002
  0.514171584393144322180332605809854884         6.88599634254098952257774824582196033E-0002
  0.491355086879985392977782936511795863         6.88446481338277167197591827852760493E-0002
  0.468533739890487031814422725082303860         6.88300188267857113593074226701768733E-0002
  0.445707768662130674536054673948162204         6.88160747783826351197650342606775968E-0002
  0.422877398478037127636152060650610299         6.88028152970638368979222552528534406E-0002
  0.400042854664743114803973891341367260         6.87902397255373801290774782455509821E-0002
  0.377204362589977394975105046723960122         6.87783474406943750791874323271252253E-0002
  0.354362147660436473833238444145170510         6.87671378535335038044613049555405373E-0002
  0.331516435319559930716028711652370647         6.87566104090897207330334916305000702E-0002
  0.308667451045305382881642676378992207         6.87467645863671127794338906931291958E-0002
  0.285815420347923109096211073139450787         6.87375998982759038528163068519637489E-0002
  0.262960568767730354505748244282060842         6.87291158915735895646548390199121070E-0002
  0.240103121872885338759252195478748217         6.87213121468101888812224284320542954E-0002
  0.217243305257160989352626163177903595         6.87141882782776004009696158131534948E-0002
  0.194381344537718422165774809005562622         6.87077439339630518672670328742410133E-0002
  0.171517465352880191167723257704284549         6.87019787955066324532018962917168266E-0002
  0.148651893359903329266885413622987365         6.86968925781628982775642579012335908E-0002
  0.125784854232752202285669303829533813         6.86924850307665425301584638853957715E-0002
  0.102916573659871198040451583266602696         6.86887559357021225004628326994966238E-0002
   8.00472773419572725095807808071445801E-0002   6.86857051088778367167679724306888071E-0002
   5.71771909897323750734793485261218363E-0002   6.86833323997033463135819476331145780E-0002
   3.43065403217157748121080860694865882E-0002   6.86816376910716356536279018277948905E-0002
   1.14355510619963098460330358899469828E-0002   6.86806208993449081375048519029585909E-0002
  -1.14355510619954182919055263058674218E-0002   6.86802819743445140393623542850132706E-0002
  -3.43065403217148832667798557889642804E-0002   6.86806208993449081110809854417279306E-0002
  -5.71771909897314835457495900073797189E-0002   6.86816376910716356007788649112617445E-0002
  -8.00472773419563810082485128185941133E-0002   6.86833323997033462343051321161153945E-0002
 -0.102916573659870306574315564044080917         6.86857051088778366110594657028934546E-0002
 -0.125784854232751310863527944236111686         6.86887559357021223683174172142080719E-0002
 -0.148651893359902437897536690312206671         6.86924850307665423715696165311187045E-0002
 -0.171517465352879299859964626287680285         6.86968925781628980925241492158711331E-0002
 -0.194381344537717530928403117225327685         6.87019787955066322417013895192190603E-0002
 -0.217243305257160098194437564085552961         6.87077439339630516292956828634939179E-0002
 -0.240103121872884447689042060620639598         6.87141882782776001365156677588610192E-0002
 -0.262960568767729463532311076892628326         6.87213121468101885902728164573311364E-0002
 -0.285815420347922218228340421343008295         6.87291158915735892471951846002690673E-0002
 -0.308667451045304492128131046400963894         6.87375998982759035088309170803313395E-0002
 -0.331516435319559040085667481040803598         6.87467645863671124089057563855300709E-0002
 -0.354362147660435583334817775003388081         6.87566104090897203359442852719439799E-0002
 -0.377204362589976504617413798955210592         6.87671378535335033807913784856799940E-0002
 -0.400042854664742224595799535906324458         6.87783474406943746289158147651732381E-0002
 -0.422877398478036237586280592838583435         6.87902397255373796521818731539260514E-0002
 -0.445707768662129784653270526662868952         6.88028152970638363943790380389800658E-0002
 -0.468533739890486142107508682143064074         6.88160747783826345895492493163334971E-0002
 -0.491355086879984503455520045971001429         6.88300188267857108023927803477414709E-0002
 -0.514171584393143432851500093287570084         6.88446481338277161361180562101967758E-0002
 -0.536983007240343868107036701019011259         6.88599634254098946153809041769752597E-0002
 -0.559789130282051651318526884694728236         6.88759654618681912207915325724428203E-0002
 -0.582589728431039565176808338056572575         6.88926550380656095272131422631166054E-0002
 -0.605384576654608853028404471745313103         6.89100329834888398810983676592516512E-0002
 -0.628173449976810200762876810506825493         6.89281001623491800427765033778223859E-0002
 -0.650956123480664158606090167411367051         6.89468574736877712182875854982250085E-0002
 -0.673732372310380980904723916101014761         6.89663058514851734124350602446658837E-0002
 -0.696501971673579861993106873514946937         6.89864462647753050505777056704482590E-0002
 -0.719264696843507546239413729196775273         6.90072797177637728416891239993730025E-0002
 -0.742020323161256290374437554335654471         6.90288072499506188897698931995090960E-0002
 -0.764768626037981156212545633172889924         6.90510299362575131051989245446625568E-0002
 -0.787509380957116611881034618224766590         6.90739488871594200224576794875671129E-0002
 -0.810242363476592419680925753704517082         6.90975652488207701962602358013801097E-0002
 -0.832967349231048788709281571214381656         6.91218802032361674248861939306166715E-0002
 -0.855684113934050770380381968733951540         6.91468949683756641378606032087247226E-0002
 -0.878392433380301874990569866534808810         6.91726107983346383854803175974276555E-0002
 -0.901092083447856887479264618155347485         6.91990289834883069804808914773321325E-0002
 -0.923782840100333860546544965096334552         6.92261508506509104678105542744283207E-0002
 -0.946464479389125263295822482441785619         6.92539777632396067374732978175411430E-0002
 -0.969136777455608263578461089038265672         6.92825111214431112481743561960711121E-0002
 -0.991799510533354122225748207919412204         6.93117523623951229965086499488140103E-0002
  -1.01445245495033667736238847595607140         6.93417029603525765481442845185378765E-0002
  -1.03709538713113989700467142973598394         6.93723644268787616443452803194471614E-0002
  -1.05972808359916447815566024879606212         6.94037383110313531097351604348673475E-0002
  -1.08235032097883347061915932678777098         6.94358261995553950159193643261433071E-0002
  -1.10496187599779690376384407307212689         6.94686297170812843009622634924819753E-0002
  -1.12756252548913539447877682661430916         6.95021505263278003072657439498088482E-0002
  -1.15015204639356271457158799375727758         6.95363903283102279806424644355743539E-0002
  -1.17273021576162729587087140225804077         6.95713508625536237718495501496490703E-0002
  -1.19529681075591265130482729450972691         6.96070339073112745990894976494434264E-0002
  -1.21785160865323669023888525967035748         6.96434412797884015665469479408445010E-0002
  -1.24039438684684990636595262188147561         6.96805748363711614904762200106491636E-0002
  -1.26292492284863241645406125217763480         6.97184364728610006612599151354184327E-0002
  -1.28544299429128982826752734523767052         6.97570281247144166678100358143134238E-0002
  -1.30794837893054791598929428687393564         6.97963517672881855302785199037842213E-0002
  -1.33044085464734608148389822004733066         6.98364094160901128288949350090302102E-0002
  -1.35292019945002957975247918007394983         6.98772031270353689814792231485481597E-0002
  -1.37538619147654048694345759528355780         6.99187349967084703104239939181818314E-0002
  -1.39783860899660738929490641732209783         6.99610071626309690523547611540095032E-0002
  -1.42027723041393377139727303307386973         7.00040218035349170009226148929259364E-0002
  -1.44270183426838508217794229322098661         7.00477811396421690359415499299788982E-0002
  -1.46511219923817445702218234406065324         7.00922874329495943810464352746306553E-0002
  -1.48750810414204707445827834056283370         7.01375429875202650479272334287992713E-0002
  -1.50988932794146312584813541886774828         7.01835501497806925687162919483703973E-0002
  -1.53225564974277937653832138248871481         7.02303113088241857900104436926371096E-0002
  -1.55460684879942929694042127329544334         7.02778288967204042030572607600004428E-0002
  -1.57694270451410174202369021870168741         7.03261053888311830156014999810401409E-0002
  -1.59926299644091815771731753106753236         7.03751433041327079325678671441329379E-0002
  -1.62156750428760829273415384275286738         7.04249452055441194059624897077565905E-0002
  -1.64385600791768439434250394703267183         7.04755137002626279399397228463176551E-0002
  -1.66612828735261386662755083562130505         7.05268514401052238957545166904880586E-0002
  -1.68838412277399036979915103017502576         7.05789611218570671341751255287729987E-0002
  -1.71062329452570333911812754808225729         7.06318454876266437607588186496509490E-0002
  -1.73284558311610590202878457025364974         7.06855073252077792031082530441722867E-0002
  -1.75505076922018117210117693654545046         7.07399494684485988497641492317814235E-0002
  -1.77723863368170689840268782686118639         7.07951747976275295187094579098788465E-0002
  -1.79940895751541844893469923476476863         7.08511862398364371005433103050417630E-0002
  -1.82156152190917010678658194540716733         7.09079867693709978382358135961993761E-0002
  -1.84369610822609465767588452844171639         7.09655794081284028630281242143800200E-0002
  -1.86581249800676124756046418502352502         7.10239672260124978055527264655701689E-0002
  -1.88791047297133148902537597952217575         7.10831533413464615436993307787550678E-0002
  -1.90998981502171379516462087271338245         7.11431409212931304352522940882232327E-0002
  -1.93205030624371591969534688336966240         7.12039331822830767150139191716217307E-0002
  -1.95409172890919568205980146668440774         7.12655333904505521141711709612391849E-0002
  -1.97611386547820985628824663610918339         7.13279448620774101852576789216009849E-0002
  -1.99811649860116120241417129316208692         7.13911709640451232904353536265515059E-0002
  -2.02009941112094361925146748870958725         7.14552151142950127352289863200202714E-0002
  -2.04206238607508539736177873820342133         7.15200807822968131055837007468716607E-0002
  -2.06400520669789055105897886937166931         7.15857714895256944945033683118119100E-0002
  -2.08592765642257820831669900886071384         7.16522908099478689869267744260407041E-0002
  -2.10782951888342003746398802718339314         7.17196423705149105093015826477728401E-0002
  -2.12971057791787568957356786987070801         7.17878298516669199449546575452844741E-0002
  -2.15157061756872623546672951571565351         7.18568569878446702692993849183306459E-0002
  -2.17340942208620557627870762714869941         7.19267275680108693716733536371935619E-0002
  -2.19522677593012980654837209775303861         7.19974454361806812047101770157362059E-0002
  -2.21702246377202450881628246032058021         7.20690144919616489392055454865843353E-0002
  -2.23879627049724995873556629622436218         7.21414386911031669040704559743243319E-0002
  -2.26054798120712421972070518175007560         7.22147220460556512588483194389916902E-0002
  -2.28227738122104410618014111585397597         7.22888686265395625821267297410992507E-0002
  -2.30398425607860399439965259101880639         7.23638825601244368647649484849556813E-0002
  -2.32566839154171246016469228684439824         7.24397680328180847739983524446748772E-0002
  -2.34732957359670672223132757507749032         7.25165292896661225050342712217395259E-0002
  -2.36896758845646487077708041326073038         7.25941706353620010626337392436520416E-0002
  -2.39058222256251585998482455833412731         7.26726964348677044183470513936205787E-0002
  -2.41217326258714724393496513559043023         7.27521111140452906715580465427601679E-0002
  -2.43374049543551063500339823457579023         7.28324191602994541063688710145934331E-0002
  -2.45528370824772486398522615201655708         7.29136251232312898837571687749565567E-0002
  -2.47680268840097682118688694079400837         7.29957336153034470415540189824502978E-0002
  -2.49829722351161995775224482950863219         7.30787493125168594958773902711877648E-0002
  -2.51976710143727042651128062338009839         7.31626769550992488490292916764228679E-0002
  -2.54121211027890084166331815620389155         7.32475213482055970129070214887660230E-0002
  -2.56263203838293163663022400489940670         7.33332873626307909561387957329267452E-0002
  -2.58402667434331999943872277089019029         7.34199799355346462799495302266103288E-0002
  -2.60539580700364636501487904219529622         7.35076040711795208247828880800703574E-0002
  -2.62673922545919844379790944071113776         7.35961648416807341096136527054331359E-0002
  -2.64805671905905276610480369274714773         7.36856673877700131114186665379791851E-0002
  -2.66934807740815372170175219746152070         7.37761169195721897062518714378240258E-0002
  -2.69061309036939007406309886543727555         7.38675187173953800186870310082037877E-0002
  -2.71185154806566892882346181425454719         7.39598781325348809660314619156501778E-0002
  -2.73306324088198713595379059356448866         7.40532005880910244407424862060769839E-0002
  -2.75424795946750010521745672086904370         7.41474915798012348520510080584407639E-0002
  -2.77540549473758801448800419098099498         7.42427566768865411491608643128612299E-0002
  -2.79653563787591939053591802501040252         7.43390015229127999768901705928395073E-0002
  -2.81763818033651204191770159473834009         7.44362318366668922736911271470410825E-0002
  -2.83871291384579132362668713945169189         7.45344534130481614151677277604100618E-0002
  -2.85975963040464571319133832679474299         7.46336721239753669371505848385554432E-0002
  -2.88077812229047967793333863703435276         7.47338939193094339448360608820970317E-0002
  -2.90176818205926381312449450944629535         7.48351248277922845323153561528606293E-0002
  -2.92272960254758223080841731644599723         7.49373709580020439039848957219826318E-0002
  -2.94366217687467717908008305976829816         7.50406384993249204099372593034190875E-0002
  -2.96456569844449087164370294563838504         7.51449337229440653856990769192506421E-0002
  -2.98543996094770450749687142269144313         7.52502629828457255269519600775007978E-0002
  -3.00628475836377446061669058564811825         7.53566327168430075366181124293362088E-0002
  -3.02709988496296561955150078572970534         7.54640494476175819595218059711852828E-0002
  -3.04788513530838185684997656983410237         7.55725197837796604734984988160197726E-0002
  -3.06864030425799360828767441696618761         7.56820504209465884402057486428095355E-0002
  -3.08936518696666254187964387274513790         7.57926481428404022390334291132906012E-0002
  -3.11005957888816329669643631946448978         7.59043198224047088186076775977739790E-0002
  -3.13072327577720227152976547667791253         7.60170724229412530077846285224612239E-0002
  -3.15135607369143344348319052019721777         7.61309129992665464372513236898302732E-0002
  -3.17195776899347119659250614834802085         7.62458486988889404395766328104063497E-0002
  -3.19252815835290014061003372402119276         7.63618867632065340256440654618758248E-0002
  -3.21306703874828190011671348823448563         7.64790345287263169848915475558709727E-0002
  -3.23357420746915885415579948239414202         7.65972994283049573319082921148192788E-0002
  -3.25404946211805480661205593710317391         7.67166889924116517291170926752167663E-0002
  -3.27449260061247256759064618815551560         7.68372108504134671611231487902576264E-0002
  -3.29490342118688842608039236630998231         7.69588727318836120276663541734615342E-0002
  -3.31528172239474349421676587565926467         7.70816824679330849660154195316718072E-0002
  -3.33562730311043190349084472308000614         7.72056479925661601173533392420351677E-0002
  -3.35593996253128583328154378363628855         7.73307773440601782227177600978419184E-0002
  -3.37621950017955735211968777726226573         7.74570786663701238801070618121033839E-0002
  -3.39646571590439705212395378200978534         7.75845602105584805234190080651773129E-0002
  -3.41667840988382945708036020814574217         7.77132303362508662041831143825377853E-0002
  -3.43685738262672518466882199304744015         7.78430975131179650770725546414910190E-0002
  -3.45700243497476984337232703489686217         7.79741703223842816187005490598116071E-0002
  -3.47711336810442964463651624744117562         7.81064574583642570552652571498365811E-0002
  -3.49718998352891371087986877049591437         7.82399677300263002475431223231854393E-0002
  -3.51723208310013305998730449145544752         7.83747100625852983911819238627617046E-0002
  -3.53723946901065624695281779998841614         7.85106934991241863461623761673504703E-0002
  -3.55721194379566164336974908759416202         7.86479272022451672219553065637005871E-0002
  -3.57714931033488633550048359015566805         7.87864204557511910249095408938859133E-0002
  -3.59705137185457162169074042754207317         7.89261826663583127327198674325059183E-0002
  -3.61691793192940508992717779030834572         7.90672233654395661087604436554554980E-0002
  -3.63674879448445925637079282835738435         7.92095522108010049183146569664404679E-0002
  -3.65654376379712674573253657694589404         7.93531789884905789713613632218649346E-0002
  -3.67630264449905199439169487663808453         7.94981136146405286050628810284187425E-0002
  -3.69602524157805945719190536888548999         7.96443661373439978463295481497324646E-0002
  -3.71571136038007829888418793912054478         7.97919467385665835741257061414666404E-0002
  -3.73536080661106355122106109402356118         7.99408657360935555462942140956440871E-0002
  -3.75497338633891371674069935653005161         8.00911335855135001808337146643918834E-0002
  -3.77454890599538480031515649691138448         8.02427608822391595014656967187730617E-0002
  -3.79408717237800074957193594476182750         8.03957583635662556871734340897574440E-0002
  -3.81358799265196028533363269699197593         8.05501369107711112208926563847317869E-0002
  -3.83305117435204010325600010115420849         8.07059075512478947299279093614231741E-0002
  -3.85247652538449442788060969996578462         8.08630814606863432667554379344880192E-0002
  -3.87186385402895090035427251827196549         8.10216699652908330110229988247938441E-0002
  -3.89121296894030278110357540259741048         8.11816845440416921997341253847494865E-0002
  -3.91052367915059744878925592873580195         8.13431368309996725313911014920059580E-0002
  -3.92979579407092117690169361556860254         8.15060386176545183604897901171334447E-0002
  -3.94902912349328016939553336270886274         8.16704018553185967210976726164445514E-0002
  -3.96822347759247783679837880304397738         8.18362386575665756128809510475849606E-0002
  -3.98737866692798829426559826439911161         8.20035613027221630711703086051643694E-0002
  -4.00649450244582606309057390114964192         8.21723822363929453465041512265575218E-0002
  -4.02557079548041195721719491865968920         8.23427140740543890613707935137414836E-0002
  -4.04460735775643513633904830109785564         8.25145696036840995161963101723195650E-0002
  -4.06360400139071130720759469486521809         8.26879617884474554074339581059206786E-0002
  -4.08256053889403705480963272215636684         8.28629037694357691232097057701649267E-0002
  -4.10147678317304028511255162686233007         8.30394088684581515225696789028265962E-0002
  -4.12035254753202676111424941112991888         8.32174905908882907100949763741319709E-0002
  -4.13918764567482271397315112664688562         8.33971626285673858166019324593291002E-0002
  -4.15798189170661351103249935957943862         8.35784388627645092179428587078705143E-0002
  -4.17673510013577836259200580972603418         8.37613333671957039977211815584026934E-0002
  -4.19544708587572104931904882877485955         8.39458604111031578172806958362463641E-0002
  -4.21411766424669665223087646370111180         8.41320344623958297299967053972540689E-0002
  -4.23274665097763426721872756168835675         8.43198701908529429002375476080008357E-0002
  -4.25133386220795568612441444312108570         8.45093824713917936951506231820658940E-0002
  -4.26987911448939002641971914803117462         8.47005863874013662457003138225263365E-0002
  -4.28838222478778429157894091599581237         8.48934972341432813595101399352379114E-0002
  -4.30684301048490984427509497523617234         8.50881305222216496507766324265948148E-0002
  -4.32526128938026477457060149716776471         8.52845019811234409719958272791527532E-0002
  -4.34363687969287214531381831977780474         8.54826275628310257301306883814206941E-0002
  -4.36196960006307409699346135708748070         8.56825234455085884893525676899114846E-0002
  -4.38025926955432179434382209100121430         8.58842060372641604484262273896690794E-0002
  -4.39850570765496119703473178272451158         8.60876919799890649796666909158048660E-0002
  -4.41670873428001463682143663859687458         8.62929981532766194764131487052600974E-0002
  -4.43486816977295818357093671286433514         8.65001416784219873271931092603381709E-0002
  -4.45298383490749478262290341911986053         8.67091399225051259691335712844000694E-0002
  -4.47105555088932314598502574266766373         8.69200105025588307246299248341605639E-0002
  -4.48908313935790237990454318600976309         8.71327712898239295497742142990858868E-0002
  -4.50706642238821233139980372539560135         8.73474404140937409786763783726828153E-0002
  -4.52500522249250963637793719260277649         8.75640362681499664949159787102382850E-0002
  -4.54289936262207945200715810581796609         8.77825775122922493625888233301803611E-0002
  -4.56074866616898285605480663795742240         8.80030830789636946698317906201098121E-0002
  -4.57855295696779989594500170961440316         8.82255721774747100449091655805729991E-0002
  -4.59631205929736827033271570496995432         8.84500642988275932691409673090390657E-0002
  -4.61402579788251762603418560869755673         8.86765792206443619051028748230176101E-0002
  -4.63169399789579945319685002469949900         8.89051370122003911584389498226651756E-0002
  -4.64931648495921256163544513632969503         8.91357580395664995760910064062579192E-0002
  -4.66689308514592412130450477381360574         8.93684629708621979346569724117407765E-0002
  -4.68442362498198624992128993743672004         8.96032727816228948750799780347988547E-0002
  -4.70190793144804813079712095264634227         8.98402087602839335824558930288266121E-0002
  -4.71934583198106364397920047174944278         9.00792925137844171844729451695804050E-0002
  -4.73673715447599449384929735099495149         9.03205459732938666445877893357096094E-0002
  -4.75408172728750881637010958445809914         9.05639914000648438560656659225600746E-0002
  -4.77137937923167524921473852861197414         9.08096513914147645040475219438010249E-0002
  -4.78862993958765244805948616345498636         9.10575488868402201626223163575154801E-0002
  -4.80583323809937403236513166560614163         9.13077071742672271446205376628971931E-0002
  -4.82298910497722894401695267229926094         9.15601498964409209402161792599329607E-0002
  -4.84009737089973720223902984749313486         9.18149010574583197879124134982830303E-0002
  -4.85715786701522103824381027553936511         9.20719850294478891445604529665667825E-0002
  -4.87417042494347139312350535556847106         9.23314265593997506914012659261124829E-0002
  -4.89113487677740976253566180091349282         9.25932507761504951678508539981284157E-0002
  -4.90805105508474537178116961082648143         9.28574831975266779066884699109914663E-0002
  -4.92491879290962766491905802319353170         9.31241497376511996022207725423372270E-0002
  -4.94173792377429409160867902205680589         9.33932767144169027318728730647394307E-0002
  -4.95850828168071317541628750605249753         9.36648908571318463329959557579089739E-0002
  -4.97522970111222284736959726532885125         9.39390193143408586787833215630425203E-0002
  -4.99190201703516402859062200549030046         9.42156896618281089754753245820174921E-0002
  -5.00852506490050944588400033641576554         9.44949299108055857003820387225293473E-0002
  -5.02509868064548766420505244863866384         9.47767685162925208073306813286261459E-0002
  -5.04162270069520231997902366600061953         9.50612343856909559417837558250503742E-0002
  -5.05809696196424653929033572458171971         9.53483568875628092394478659377808919E-0002
  -5.07452130185831252500819001698717542         9.56381658606139694460219404429916668E-0002
  -5.09089555827579629696254768889717433         9.59306916228911182175049817120678114E-0002
  -5.10721956960939756933234891077432582         9.62259649811971617756975936919186549E-0002
  -5.12349317474771474945582739963573843         9.65240172407313398479682821665313927E-0002
  -5.13971621307683504232092586015493220         9.68248802149602732705657848112021192E-0002
  -5.15588852448191964504212297584595383         9.71285862357264120485815341837907852E-0002
  -5.17200994934878401567844243294733655         9.74351681636005533227729655504800561E-0002
  -5.18808032856547320079602872358792918         9.77446593984853138859245883753876822E-0002
  -5.20409950352383220622744267107710523         9.80570938904766649243326904626052006E-0002
  -5.22006731612107139552875126739561880         9.83725061509908678520761969484721077E-0002
  -5.23598360876132690068456102833403395         9.86909312641643897900155095505659852E-0002
  -5.25184822435721602966037117088607413         9.90124048985346257659918104319053114E-0002
  -5.26766100633138765545100201460320844         9.93369633190095124412852162454270046E-0002
  -5.28342179861806757132338461630228987         9.96646433991343854813716290585434129E-0002
  -5.29913044566459879700167927694315072         9.99954826336647099840952932590182131E-0002
  -5.31478679243297682059252272032006861        0.100329519151453601071474889114740872      
  -5.33039068440137976109818594361656803        0.100666791728663350277556454742529033      
  -5.34594196756569343641555648655311480        0.101007339802310483179195727695453346      
  -5.36144048844103132176913966403161162        0.101351203484154195295701191881850184      
  -5.37688609406324938357670266059828206        0.101698423574938347125403342790426293      
  -5.39227863199045577379676279598985731        0.102049041578997545814275811053688305      
  -5.40761795030451536985784624031864329        0.102403099719238200910091236339996097      
  -5.42290389761254914532031548445490436        0.102760640952505815517414636991220614      
  -5.43813632304842835647258245379360721        0.103121708985350162533313390720669197      
  -5.45331507627426353011468878831445153        0.103486348290200399138827452549208775      
  -5.46844000748188823783354499368445880        0.103854604121962592004854347456590391      
  -5.48351096739433764212557539070101450        0.104226522535052561432619131017791971      
  -5.49852780726732179977411554578731776        0.104602150400877405611041504045537445      
  -5.51349037889069370794065264426342141        0.104981535425779537093823848903257332      
  -5.52839853458991207848088656003383528        0.105364726169457553272589595665336213      
  -5.54325212722749882604861966805069515        0.105751772063878771882373713419860838      
  -5.55805101020449125560265622591164042        0.106142723432698792296608317151879977      
  -5.57279503746188893498420690330943997        0.106537631511203994467990297804731780      
  -5.58748406348209523828475024644086458        0.106936548466793460812261741716639111      
  -5.60211794329035354577690001118330370        0.107339527420017403124906827644118272      
  -5.61669653245617808623356486474704771        0.107746622466189797827546368284424414      
  -5.63121968709477940751356442011000614        0.108157888697593579576184728663275183      
  -5.64568726386848446134488240896115041        0.108573382226297416698475901839265100      
  -5.66009911998815128828989349386400398        0.108993160207603793292229963024783360      
  -5.67445511321457828893019424427693682        0.109417280864148853405541243584059297      
  -5.68875510185990806736210062794242820        0.109845803510675223889405299629747012      
  -5.70299894478902583314744347163201082        0.110278788579499825695589395036488859      
  -5.71718650142095234791799919460232129        0.110716297646699510088719574815904446      
  -5.73131763173023140288573518432496991        0.111158393459038218032915272627874541      
  -5.74539219624831181356502693569992403        0.111605139961660259563123460694433558      
  -5.75941005606492391806711697930958478        0.112056602326575247009986603915217505      
  -5.77337107282945056538133314724673002        0.112512846981961193357156776110111199      
  -5.78727510875229258011196533125244175        0.112973941642313306711418550600264496      
  -5.80112202660622869019421504060575743        0.113439955339467075901872460503210334      
  -5.81491168972776990416728022837250544        0.113910958454525352746921432399120973      
  -5.82864396201850832463741848489120500        0.114387022750720295804538944545009376      
  -5.84231870794646038461874425608649550        0.114868221407242250842198928792567106      
  -5.85593579254740449349455968939034100        0.115354629054068907347335744175816057      
  -5.86949508142621307939719349845691909        0.115846321807829390803896204290375024      
  -5.88299644075817901485962732492551735        0.116343377308739329987449946772042988      
  -5.89643973729033641264762391537831511        0.116845874758644380136554921440675282      
  -5.90982483834277577873663547723690775        0.117353894960211189661150277243607956      
  -5.92315161180995350945346328024823293        0.117867520357306373342494814972676293      
  -5.93641992616199571985846038076274935        0.118386835076605702240274089777672737      
  -5.94962965044599639050001771327625540        0.118911924970477443422772057126825030      
  -5.96278065428730981972914916550408748        0.119442877661185585054380334744597158      
  -5.97587280789083736881819307614096118        0.119979782586460568410075810531503854      
  -5.98890598204230848718397531374256323        0.120522731046487122371326208595846871      
  -6.00188004810955600507223215491384631        0.121071816252360862472889630833195037      
  -6.01479487804378568111666902303530046        0.121627133376067480459674566331208844      
  -6.02765034438083999224273321670159589        0.122188779602040616702209900243168046      
  -6.04044632024245615344300449026037841        0.122756854180356882131608244989696768      
  -6.05318267933751835500805618647582504        0.123331458481628984330777469602596840      
  -6.06585929596330420485371100133944824        0.123912696053660520136313156273142772      
  -6.07847604500672536364280882013849068        0.124500672679928731002724839914294302      
  -6.09103280194556236045691883759430002        0.125095496439964384277931502113466908      
  -6.10352944284969357683086379752607689        0.125697277771700950664575543268172436      
  -6.11596584438231838702048009221247917        0.126306129535868403158404029718676657      
  -6.12834188380117444243171308036161849        0.126922167082510273788639557602659042      
  -6.14065743895974908819694174612366284        0.127545508319706080155637192896754349      
  -6.15291238830848489994234015947862504        0.128176273784584883214686252437522402      
  -6.16510661089597932884811453902382235        0.128814586716719570700128400568138136      
  -6.17723998637017844316160348892486672        0.129460573133995487329556140198440032      
  -6.18931239497956475438149460867618263        0.130114361911051264422900786215282067      
  -6.20132371757433911638979258228346563        0.130776084860394149449212161808220324      
  -6.21327383560759668586667146632570882        0.131445876816296812639617542744403536      
  -6.22516263113649693238195663673022442        0.132123875721587526324747943775962314      
  -6.23698998682342768661570914351662241        0.132810222717450787051158533383666027      
  -6.24875578593716321521922648162035703        0.133505062236360895680487884977704130      
  -6.26045991235401631088672843345350245        0.134208542098276742410809460345293949      
  -6.27210225055898438626706409324168620        0.134920813610232078839860993810452895      
  -6.28368268564688956040395586141920013        0.135642031669461915769894480049214544      
  -6.29520110332351272645258751539021038        0.136372354870212382564717111128687553      
  -6.30665738990672158947974583559078437        0.137111945614388441902159737038561787      
  -6.31805143232759266321423810673719313        0.137860970226201294461997515150265143      
  -6.32938311813152721467393053605261845        0.138619599070985154642026146786071801      
  -6.34065233547936114565548464467481972        0.139388006678361355550880670806407128      
  -6.35185897314846880013270940583087862        0.140166371869936475702650492333049321      
  -6.36300292053386068666939573311769467        0.140954877891730399246545019604302351      
  -6.37408406764927510501255627267822003        0.141753712551539956343419700199136167      
  -6.38510230512826366609215673148099010        0.142563068361454072660533254862541650      
  -6.39605752422527069471369458650764864        0.143383142685747221335534130054235023      
  -6.40694961681670650429035637159260693        0.144214137894389453997084329724460290      
  -6.41777847540201453302196523406076752        0.145056261522423428940354954256134525      
  -6.42854399310473233098851549525509636        0.145909726435471696537951524819273067      
  -6.43924606367354638768677993958582523        0.146774751001651089612361608589913864      
  -6.44988458148334078959926789689159815        0.147651559270185448224454951222528647      
  -6.46045944153623969744570727268374919        0.148540381157023136044754157753295058      
  -6.47097053946264363282822091923849914        0.149441452637781934826961128709051079      
  -6.48141777152225956404246652548979278        0.150355015948360994207871098397217919      
  -6.49180103460512478088820893223761040        0.151281319793577630204461014976732880      
  -6.50212022623262454837409384730621283        0.152220619564205976189216899099195610      
  -6.51237524455850352927279173795687880        0.153173177562814868735400444673012769      
  -6.52256598836987096554417960908924071        0.154139263238823977004363994261170959      
  -6.53269235708819960870582582858441884        0.155119153433220143754042320280959395      
  -6.54275425077031838929173852761010713        0.156113132633400290521148993841964894      
  -6.55275157010939881560213077491381106        0.157121493238633148032330953032572916      
  -6.56268421643593509200884509020743013        0.158144535836659612007067918759063433      
  -6.57255209171871794714306531187056744        0.159182569491980809058771333914079509      
  -6.58235509856580216235402475660062902        0.160235912046414111170140645941632673      
  -6.59209314022546779088959539060087374        0.161304890432530493730514537517100241      
  -6.60176612058717505831191275977327874        0.162389841000621935458878207421982107      
  -6.61137394418251293472355508559166731        0.163491109859885164263332465619074997      
  -6.62091651618614136944225160836736939        0.164609053234548129263952857331308098      
  -6.63039374241672717882464433406307971        0.165744037835708307481730641974009561      
  -6.63980552933787357800226819732601189        0.166896441249697530523520720623881168      
  -6.64915178405904334735564667375931542        0.168066652343836654550095626491832039      
  -6.65843241433647562461522243949098731        0.169255071690495326061668585477728886      
  -6.66764732857409631354075516579908695        0.170462112010427565912763926175951447      
  -6.67679643582442210019382032998988143        0.171688198636413174753201367811793567      
  -6.68587964578945806788113339909946714        0.172933769998298347930946097282689663      
  -6.69489686882158890190960227762185073        0.174199278130596694929390668957173364      
  -6.70384801592446367535727688081078162        0.175485189203884433130486127722172367      
  -6.71273299875387420712771747674931968        0.176791984081301243504065918332281207      
  -6.72155172961862698361874240806368400        0.178120158901551544904462181749237334      
  -6.73030412148140863540004033175945528        0.179470225689890208109849442414718044      
  -6.73899008795964496035774157621725093        0.180842712998672474065537852966161322      
  -6.74760954332635348482773698010178766        0.182238166579150589727196567820402325      
  -6.75616240251098955430331002018114790        0.183657150086310003673964078797944605      
  -6.76464858110028594536650852436433943        0.185100245818656498707592736430589171      
  -6.77306799533908599055662517236779268        0.186568055494993063828200095342199719      
  -6.78142056213117020795318067822442056        0.188061201070362370349462785763891827      
  -6.78970619904007642731490939445459833        0.189580325593478233197873516952747631      
  -6.79792482428991340468043344442791844        0.191126094108128302128531916676779426      
  -6.80607635676616791740057774376449115        0.192699194601201416908519015485493937      
  -6.81416071601650533163662377927270853        0.194300339000177647262192742121129583      
  -6.82217782225156363442322413983278319        0.195930264223118197753434535836209544      
  -6.83012759634574092245920190197174046        0.197589733284407379411907762939032472      
  -6.83800995983797633985403842702621843        0.199279536459731150066200919529356734      
  -6.84582483493252445712250928938123953        0.201000492514027860650089714882019933      
  -6.85357214449972308378466028817577526        0.202753449996418527485205843073911716      
  -6.86125181207675450699312315919861767        0.204539288606418065799809412098532728      
  -6.86886376186840014867465305983498952        0.206358920636047544604255086101029937      
  -6.87640791874778863373772650750223668        0.208213292492812948126363463417346788      
  -6.88388420825713726196306856993594091        0.210103386308890682637066588957953193      
  -6.89129255660848687625908109213519187        0.212030221642266942863110450387854517      
  -6.89863289068443012002931895720717401        0.213994857276020137918045461984287533      
  -6.90590513803883307646440817351365865        0.215998393122416291267554671169357749      
  -6.91310922689755028263611731445604138        0.218041972239010459822554877657624420      
  -6.92024508615913311133668186528133354        0.220126782964516963426685413814848291      
  -6.92731264539553151367193870809579844        0.222254061182832239333355358233515194      
  -6.93431183485278911548235465579474251        0.224425092724271616262099480047442516      
  -6.94124258545173166073162798113444508        0.226641215913821000168887301395566780      
  -6.94810482878864879506820463128896091        0.228903824277012793140686070226302706      
  -6.95489849713596918283078062288555407        0.231214369414919476969621180594639545      
  -6.96162352344292895083465832897142229        0.233574364060726160910129229551385050      
  -6.96827984133623345234168634824887511        0.235985385331403929278137828075674977      
  -6.97486738512071234468243973819522335        0.238449078189168993237931925609921766      
  -6.98138608977996797406528894668339154        0.240967159128689608049871582583733316      
  -6.98783589097701706117306114012991480        0.243541420107405966422808249059849242      
  -6.99421672505492568121411614807852471        0.246173732737871852922594973836233719      
  -7.00052852903743753216084027191700549        0.248866052762726510479342450894143337      
  -7.00677124062959548497480408594234146        0.251620424834778665613734488318327543      
  -7.01294479821835640968413443844382236        0.254438987626751964467522568836728293      
  -7.01904914087319927124501548447140790        0.257323979297524723108661532157403407      
  -7.02508420834672648918565809550496474        0.260277743344222345348669602875603819      
  -7.03104994107525855509756073875615671        0.263302734872316794980339351998420797      
  -7.03694628017942190210542724415070369        0.266401527318986727388186551776847814      
  -7.04277316746473002051370712340892951        0.269576819668431261606116110260500805      
  -7.04853054542215781389438161574902438        0.272831444201651902921135066490578105      
  -7.05421835722870918994733275069792485        0.276168374827468577161337347403256095      
  -7.05983654674797788053140278186750576        0.279590736046271531369060089299244651      
  -7.06538505853070148533107669734545466        0.283101812603293086841362225916457700      
  -7.07086383781530873369060049302144946        0.286705059894082865457283189417235285      
  -7.07627283052845995921428184464172761        0.290404115191468386127871339834509385      
  -7.08161198328558078179870707204770138        0.294202809770672997231294514363730688      
  -7.08688124339138899182964819376980396        0.298105182017551972100352659939923174      
  -7.09208055884041463134352576025941478        0.302115491614218370229666200677647824      
  -7.09720987831751326702043636737968120        0.306238234906804889419570368310249822      
  -7.10226915119837244994294762566383161        0.310478161571910325678914391889338635      
  -7.10725832755001135712210723211089229        0.314840292711599099663178682408909743      
  -7.11217735813127360985940599625356007        0.319329940521879521068027546162768893      
  -7.11702619439331326408077654674472671        0.323952729696636541421243643995718233      
  -7.12180478848007396784609932413054280        0.328714620748335133861099502864009375      
  -7.12651309322876128130512468469817019        0.333621935448788152290292995633627183      
  -7.13115106217030815443820383372731820        0.338681384618303304160220742138942140      
  -7.13571864952983355798775120809744371        0.343900098520063200455679073653469544      
  -7.14021581022709426305393617151441617        0.349285660149208822810255384658441619      
  -7.14464249987692976489572180368094855        0.354846141743447759320748269130434298      
  -7.14899867478970034654603249016303000        0.360590144884870377262625117171462534      
  -7.15328429197171827791753928468423246        0.366526844611948190037060043424644733      
  -7.15749930912567214614330195186782948        0.372666038017498744506015898915300166      
  -7.16164368465104431296429853737852228        0.379018197874026779205039431921714256      
  -7.16571737764452149504370658491227383        0.385594531903838737361701138648187198      
  -7.16972034790039846315567405605722061        0.392407048399527302102551896629021230      
  -7.17365255591097485626423193981246907        0.399468629003054863797032175906432828      
  -7.17751396286694510657595379322185908        0.406793109571402445813075518428818278      
  -7.18130453065778147171795936248510876        0.414395370196821034057660543940142842      
  -7.18502422187211017026088932399665069        0.422291435614035631925559227587260654      
  -7.18867299979808061687454538560519731        0.430498587420062216691101678225773975      
  -7.19225082842372775347199382818901737        0.439035489760403401583248755396459908      
  -7.19575767243732747276607037424550501        0.447922330405391188108922911617973391      
  -7.19919349722774513073039937108661256        0.457180979461073257324896057243757508      
  -7.20255826888477714452524999855330535        0.466835168341064176238764235028657744      
  -7.20585195419948567251679588170998731        0.476910692082551830550065767732629877      
  -7.20907452066452637308662143421637024        0.487435638637772116979047725051933139      
  -7.21222593647446923899662780413359510        0.498440649432503661792486792492662241      
  -7.21530617052611250414283276661598879        0.509959216281562567829248473049289485      
  -7.21831519241878961959993163276680346        0.522028020720797192812778900172909892      
  -7.22125297245466929592688954608456528        0.534687322997424425743039674438945085      
  -7.22411948163904860877226874228319815        0.547981409408917221566723960849116847      
  -7.22691469168063916488645677942579039        0.561959108463260284670657076794149729      
  -7.22963857499184632571645272757226046        0.576674388538194347697443454105584394      
  -7.23229110468904148582738716452675776        0.592187052458176615800920378945954290      
  -7.23487225459282740346349788052814982        0.608563547834168850981916451529790263      
  -7.23738199922829658062985577333427042        0.625877916318818622544890927544111436      
  -7.23982031382528269014473383932427639        0.644212910377261726486530520254628722      
  -7.24218717431860504718113575894456410        0.663661313107162383426011416534162533      
  -7.24448255734830612288464865876519513        0.684327505525011977147191898498457122      
  -7.24670644025988209772345653006670582        0.706329337198164066739659661174341447      
  -7.24885880110450645229504581747774153        0.729800371003277467517022631541321120      
  -7.25093961863924659338285218273971068        0.754892592317541760141522990038292793      
  -7.25294887232727351312483671997200577        0.781779698750880833000841441381375386      
  -7.25488654233806447922474027142105886        0.810661120929758390371807143810749290      
  -7.25675260954759875420554528796182544        0.841766971154170568986663082565486705      
  -7.25854705553854634177347521774227490        0.875364179732318051327390765669270457      
  -7.26026986260044975842968101028672721        0.911764165398947526824417503055723164      
  -7.26192101372989882853560231288059906        0.951332506712392300449962874588404951      
  -7.26350049263069850110684663174423941        0.994501251105352684456542180473356332      
  -7.26500828371402968667930245278904332         1.04178474080732943223975889555910800      
  -7.26644437209860311266009138588901001         1.09380018654378877698559928282744745      
  -7.26780874361080619564486913268807178         1.15129473819296019055507427578119086      
  -7.26910138478484292925190480093587441         1.21518157899490180724724010218064170      
  -7.27032228286286678609230211799247927         1.28658875889317901936829727887969650      
  -7.27147142579510663256467375211458186         1.36692634037967450510555216866074972      
  -7.27254880223998565523154055194675834         1.45798040267732435491565598872119468      
  -7.27355440156423329760370038167774208         1.56204733342974334344132632651863544      
  -7.27448821384299020622779568084935142         1.68213010117067965378389488100853632      
  -7.27535022985990618504130423297580269         1.82223266402819956561166422318539687      
  -7.27614044110723115702818320498745586         1.98781496499479389972851570636669351      
  -7.27685883978589913227741163899829464         2.18652092435955144580920072703804398      
  -7.27750541880560518161570055785938785         2.42939176042845146795509594741716858      
  -7.27808017178487541505467200516224648         2.73298930078487947656432515030048172      
  -7.27858309305112996436184799747699931         3.12333927463058952512418271112865980      
  -7.27901417764073896913383684025696225         3.64381789746763396108886372141622315      
  -7.27937342129907156581915686755280386         4.37250235739861502053236259133427607      
  -7.27966082048053787920719572793460635         5.46554703087732132848505982412657365      
  -7.27987637234862401596886617324355906         7.28731212996064662533107966126246392      
  -7.28002007477592005990358623136456438         10.9308782913162725875690371687215561      
  -7.28009192634414106861628197746385716         21.8616486992763578701702896455559340      
