   2.64574478294026391811376705717841722                                            Infinity
   2.64571867050738667747953629629003144         60.1550131435233505845183012905759176      
   2.64566644589935136669381317740250515         30.0776549989176746719458011892578127      
   2.64558810963159378313790727991751184         20.0519349198598582104187685076088880      
   2.64548366247726126394846905583957847         15.0391243588981292209562594912120829      
   2.64535310546720505536540449825403806         12.0314776070891123063184644574605113      
   2.64519643988997013864624623765586777         10.0264127619075479725883899649479186      
   2.64501366729178251264739518384214902         8.59425186551912187673240751987699887      
   2.64480478947653393319774850228349630         7.52015593934868281762740850083242244      
   2.64456980850576410941533014630221484         6.68476999560299156192411616887008996      
   2.64430872669864035714263911227608988         6.01648104187982892350452680866887225      
   2.64402154663193470970152779674006710         5.46971717417214357481687751763820477      
   2.64370827113999848619351806397436233         5.01409712337013308325316747955558659      
   2.64336890331473431759655563276688100         4.62858770337775567031350807715629008      
   2.64300344650556563093429391386254812         4.29816521003645733579446252409513612      
   2.64261190431940359181908622752881183         4.01181226047941384703599589676780742      
   2.64219428062061150569495015606883790         3.76126581772793734354835970415638594      
   2.64175057953096667813184939142462074         3.54020708895974448394606437659348021      
   2.64128080542961973454771657568606244         3.34372145768780665041933612744125603      
   2.64078496295305139975971505484796818         3.16792896367219935139654857382635591      
   2.64026305699502673779130792606041017         3.00972563885840110703416099870181795      
   2.63971509270654685238676900846370477         2.86659874733322532730420647991118464      
   2.63914107549579804870983216009359742         2.73649241438368378002861548782498324      
   2.63854101102809845672823245093533512         2.61770830884484595169303114586863081      
   2.63791490522584211681094483769383218         2.50883115486073716980023634427145673      
   2.63726276426844052808997292197660424         2.40867212082262463771725084649158738      
   2.63658459459226166016358186315343945         2.31622527239847156363578802401552564      
   2.63588040289056642874290531301247601         2.23063370266696025237654940823752440      
   2.63515019611344263586888609438328315         2.15116292007994192359338375004967934      
   2.63439398146773637535153401310911982         2.07717974236369301636512343329913476      
   2.63361176641698090410850142514930133         2.00813541163992313766553749161057876      
   2.63280355868132298010498773126851037         1.94355197758788106204279272222500171      
   2.63196936623744666762198759387896925         1.88301123376356858816337994461381514      
   2.63110919731849461060489411736794079         1.82614566549728180211116634424828435      
   2.63022306041398677486945725796220247         1.77263099522100057985887346538602258      
   2.62931096426973665996707908522143482         1.72218000573965668549231420426430804      
   2.62837291788776498153640095805784199         1.67453739295719296489038756780804778      
   2.62740893052621082499310295727217578         1.62947545329569640503542835113997130      
   2.62641901169924027143479278757926369         1.58679045204835461448880704815742009      
   2.62540317117695249666280957865504557         1.54629955044734434622883920091273340      
   2.62436141898528334424770733064309053         1.50783819367153895993663838635170540      
   2.62329376540590637359011291867065800         1.47125788109699257028995662703815368      
   2.62220022097613138395357434719186241         1.43642425508307143812677949345895691      
   2.62108079648880041547092608244039694         1.40321545643959236018406983654583546      
   2.61993550299218122815059954407373101         1.37152070414844422128852597577984660      
   2.61876435178985825993419795945934213         1.34123906445566199941380463191901384      
   2.61756735444062106488153553032611850         1.31227838051671046362538550131352304      
   2.61634452275835023258421098611760873         1.28455433868279740248903943885598880      
   2.61509586881190078993364485588021311         1.25798965150139958103253713111931168      
   2.61382140492498308639435793554789020         1.23251334075754246966793449566463945      
   2.61252114367604116395810521480432632         1.20806010655012822164269987578579458      
   2.61119509789812861297930471218469805         1.18456977059457979113265943851902728      
   2.60984328067878191511701400370764155         1.16198678375979710079059019957120813      
   2.60846570535989127463350847420617284         1.14025978935564820029749400233435365      
   2.60706238553756893932430422687584582         1.11934123494407421807501092210306473      
   2.60563333506201501237924491072286691         1.09918702649807544628377328901678000      
   2.60417856803738075649903522304190468         1.07975621961509342216896429469933195      
   2.60269809882162939161635427037723256         1.06101074323424915128758264983628023      
   2.60119194202639438759541908234485163         1.04291515193455828782800929180568717      
   2.59966011251683525330859212407213865         1.02543640342315990899230427417465125      
   2.59810262541149082351333640083380450         1.00854365827472396890795089377621096      
   2.59651949608213004497751744885336439        0.992208099368623490024837088930893078      
   2.59491074015360026332573291546125531        0.976402768799930316758874302932106063      
   2.59327637350367301210401730625869311        0.961102420322698484834613514530002888      
   2.59161641226288730558492157317823459        0.946283385626691253185949623797600934      
   2.58993087281439043685960429205153675        0.931923452957796331901783092664409992      
   2.58821977179377628278819298833405119        0.918001756772950259973393604519988145      
   2.58648312608892111740428047198799006        0.904498677276712772804505452699730840      
   2.58472095283981693539401159433459646        0.891395748822262488946193787999940468      
   2.58293326943840228729479039825574494        0.878675576277524801607200794359600219      
   2.58112009352839062808319595591217254        0.866321758559918759367730759346662166      
   2.57928144300509618084623703277052197        0.854318818632957688559116111149029701      
   2.57741733601525731725460084097570864        0.842652139336467781802230897591203416      
   2.57552779095685745658105930691588000        0.831307904491036633498680270366173447      
   2.57361282647894348503168723531871794        0.820273044777778083604045482191379350      
   2.57167246148144169718202026367420502        0.809535187947717185883941701951856777      
   2.56970671511497126133473632465652557        0.799082612962014504701328556393799355      
   2.56771560678065521063988222914745188        0.788904207705680715470239024603604794      
   2.56569915612992896184308670725312989        0.778989429954083666026735137261413797      
   2.56365738306434636355160255834289271        0.769328271304025787156907430568734161      
   2.56159030773538327593240322279141929        0.759911223809991951774946224651939782      
   2.55949795054423868378092285712721657        0.750729249091787625580968410294449813      
   2.55738033214163334492337363022046454        0.741773749702594972316263757648782642      
   2.55523747342760597593989922071001031        0.733036542566809259882416327759676555      
   2.55306939555130697722012914499218847        0.724509834315173880688365580785288228      
   2.55087611991078969938698434088624498        0.716186198360965870171338997940885044      
   2.54865766815279925314885013486146392        0.708058553575518515982295594619207249      
   2.54641406217255886466447809096692953        0.700120144434398768332599179054299941      
   2.54414532411355377852920303805418580        0.692364522517255552027306802213739171      
   2.54185147636731271051526555943693674        0.684785529254870487478282239727560402      
   2.53953254157318685222321316690670884        0.677377279826406394081871995384703750      
   2.53718854261812642982551503034332213        0.670134148118376828681591801607314394      
   2.53481950263645481910766525655828586        0.663050752664553542107022007644064552      
   2.53242544500964021903616806823465323        0.656121943492977822186441321057460391      
   2.53000639336606488610689458783992657        0.649342789812525439073117623970421663      
   2.52756237158079193175137504436808335        0.642708568477163353778781162995088670      
   2.52509340377532968510264185511083600        0.636214753171191504138134869011108093      
   2.52259951431739362344626795298699946        0.629857004263439822563489155263337513      
   2.52008072782066587270625069511656125        0.623631159282637974357639056072960695      
   2.51753706914455228033937446338353009        0.617533223970036518452725440013733389      
   2.51496856339393706303564441598861101        0.611559363868871896363987269817669257      
   2.51237523591893503164631953398009592        0.605705896413468256739378169952366047      
   2.50975711231464139578498489223352681        0.599969283483687318455769651850036095      
   2.50711421842087915057099073432802979        0.594346124393100682820321725925562924      
   2.50444658032194404800844920947822921        0.588833149281691743154835367093805692      
   2.50175422434634715551781830160447741        0.583427212886118557384720092629773978      
   2.49903717706655500416091631048261696        0.578125288662604417956150823294331031      
   2.49629546529872732912399899767483593        0.572924463239387022870841568965169885      
   2.49352911610245240504729495081991909        0.567821931177365973638755890600493287      
   2.49073815678047997881313261431882010        0.562814990019156052565101075264957996      
   2.48792261487845180242850454820652918        0.557901035608193189863200576254974545      
   2.48508251818462976866160057602469055        0.553077557660862776343709444348173414      
   2.48221789472962165211550133302912479        0.548342135575836430660314167053551152      
   2.47932877278610445844585709456912138        0.543692434465922897666813862832718742      
   2.47641518086854538445298341770932416        0.539126201398769935101981322334256212      
   2.47347714773292039180238483414205831        0.534641261833704525385401211706958439      
   2.47051470237643039715127035643591544        0.530235516242875484770508955037163254      
   2.46752787403721508148214967023137049        0.525906936905671836375167222529538421      
   2.46451669219406432146809634994285918        0.521653564866137882050317661872422057      
   2.46148118656612724571773402294856893        0.517473507043796937698407636964061676      
   2.45842138711261891877144288550883729        0.513364933488934899081176015620032478      
   2.45533732403252465574369711139362020        0.509326074773986463602589225227556108      
   2.45222902776430197052982826034071509        0.505355219513214845064934881865167727      
   2.44909652898558016051886555721311518        0.501450712003383731505531661395869776      
   2.44593985861285753077743064356406916        0.497610949978591284670366767066192510      
   2.44275904780119626069296187102668503        0.493834382472873112642081875199030211      
   2.43955412794391491608781118058465555        0.490119507784587056318478897269506922      
   2.43632513067227860983899486370642031        0.486464871536969774399656039187749444      
   2.43307208785518681406158780118456710        0.482869064829605737569583548177278251      
   2.42979503159885882693692889425905895        0.479330722475875406305212010090407806      
   2.42649399424651689728995311145819521        0.475848521321752949926959956564439118      
   2.42316900837806701004308264510659751        0.472421178641606590826028310706199698      
   2.41982010680977733569719587546875647        0.469047450606918107331532007722107639      
   2.41644732259395434701324795016829097        0.465726130824083650796943687270730336      
   2.41305068901861660609114057430244667        0.462456048937687157594627359765916171      
   2.40963023960716622506543084532294849        0.459236069295851486809844228954887381      
   2.40618600811805800366042942935410018        0.456065089674472112683802128431758193      
   2.40271802854446624687016683555639319        0.452942040057324780250446426499027998      
   2.39922633511394926605160277612429962        0.449865881469212943786012704587124352      
   2.39571096228811156674231737555374568        0.446835604859483926055456682917763211      
   2.39217194476226372653675408827180736        0.443850230033395368524983343748305983      
   2.38860931746507996637788237325472610        0.440908804628956432415731512333774801      
   2.38502311555825341864391323286145798        0.438010403137002043790330032676859161      
   2.38141337443614909543243242609676679        0.435154125962383886105463584531984993      
   2.37778012972545456046701428953754186        0.432339098524279415765558767128420029      
   2.37412341728482830807404341818732824        0.429564470393730450736573919841946315      
   2.37044327320454585270010174987926556        0.426829414466626359058773984948477762      
   2.36673973380614353246287463717494318        0.424133126170444015564865814775160454      
   2.36301283564206003025109105699224985        0.421474822703147929326616975489892685      
   2.35926261549527561591153997776564984        0.418853742302739667778872376326120725      
   2.35548911037894911308369685446625375        0.416269143546026283490790192345548131      
   2.35169235753605259426495103130018503        0.413720304675253226792990083546419315      
   2.34787239443900380771184627872235657        0.411206522951318517898653555769009287      
   2.34402925878929633980513255425831680        0.408727114032352049031971566724430791      
   2.34016298851712751652877713457977166        0.406281411376507062707407571848086725      
   2.33627362178102404773539729874379739        0.403868765667870359671610436273012132      
   2.33236119696746541789285452925105272        0.401488544264453864271460985566133682      
   2.32842575269050502702899151873175750        0.399140130667283034816531824399861673      
   2.32446732779138908561369790611695982        0.396822924009647455308194673334913002      
   2.32048596133817326713965839794587716        0.394536338565625972081853871567193539      
   2.31648169262533712218526753921127695        0.392279803277043120805184732716844806      
   2.31245456117339625776528866543384324        0.390052761298055490196791851668196702      
   2.30840460672851228579689027543154275        0.387854669556606241922980850163646174      
   2.30433186926210054453071099483034122        0.385684998332023394206916132848035457      
   2.30023638897043559681858423644000080        0.383543230848072812977051772717450195      
   2.29611820627425450911149538826016086        0.381428862880810263240925221094189208      
   2.29197736181835791510324765653139472        0.379341402380608470906649966837358928      
   2.28781389647120886795717734372679479        0.377280369107765039950195397435643981      
   2.28362785132452948507508513389659139        0.375245294281125363002553092251694189      
   2.27941926769289538938933667491953873        0.373235720239181449870466404176604736      
   2.27518818711332795118083317395427313        0.371251200113132966839108932989169460      
   2.27093465134488433444726064408318066        0.369291297511420812765056287522653469      
   2.26665870236824535186769464255211604        0.367355586215266333579553025604710642      
   2.26236038238530113243126561027517340        0.365443649884770867576095872622669850      
   2.25803973381873460581917804493233477        0.363555081775150787848011654880948380      
   2.25369679931160280765092450297314012        0.361689484462702629286005854621167245      
   2.24933162172691600972704261648387601        0.359846469580111315469159812379498787      
   2.24494424414721467942222971691177448        0.358025657560731991694090926927238482      
   2.24053470987414427240405506720269827        0.356226677391492576927109379819907369      
   2.23610306242802786287389390553854541        0.354449166374079919039424794656678009      
   2.23164934554743661554805028650372048        0.352692769894087420682725947028585019      
   2.22717360318875810361833685852187418        0.350957141197816241149629063677341598      
   2.22267587952576247695263902955085317        0.349241941176435713475196538024879270      
   2.21815621894916648481720823648468062        0.347546838157221484346047729281100335      
   2.21361466606619535742360403808051000        0.345871507701602123266515874674177983      
   2.20905126570014255062433728751714434        0.344215632409756590909962712182081626      
   2.20446606288992735810235650033029069        0.342578901731516036668738439342987071      
   2.19985910288965039542056650830981886        0.340961011783333942236362914211718729      
   2.19523043116814696031857237226076322        0.339361665171098669975490323480531926      
   2.19058009340853827366480210902282784        0.337780570818572038559406000564737444      
   2.18590813550778060549307886394021832        0.336217443801246659090875427834582496      
   2.18121460357621229057358652263164042        0.334672005185423446318358789656050664      
   2.17649954393709863798900219941764227        0.333143981872318994045299658119663230      
   2.17176300312617473920735435854088035        0.331633106447020392448404738965736088      
   2.16700502789118617916390631322170157        0.330139117032112587675022604268741952      
   2.16222566519142765488506130192145909        0.328661757145810559545402589975745743      
   2.15742496219727950620793705667354056        0.327200775564435439156992253950614793      
   2.15260296628974216316986455116312768        0.325755926189080221400115863127493365      
   2.14775972505996851466262724301067802        0.324326967916316963643297969664392350      
   2.14289528630879420296677340250605988        0.322913664512803316054944170503519611      
   2.13800969804626584880180484636282331        0.321515784493651915298101316009864205      
   2.13310300849116721154847036787743462        0.320133101004431604996874398858846174      
   2.12817526607054328931977117260019626        0.318765391706674636031153452985440839      
   2.12322651941922236357761849012036984        0.317412438666768959291981765334262796      
   2.11825681737933599301237003716053335        0.316074028248119464301737907875296511      
   2.11326620899983696142271195464489364        0.314749951006466549744678962009080497      
   2.10825474353601518435354603199295376        0.313440001588254746567734173941048266      
   2.10322247044901157926968826629502626        0.312143978631948260465283237122148045      
   2.09816943940532990406328388341435738        0.310861684672194267315615127210665897      
   2.09309570027634656871289567406227621        0.309592926046738591074581367711066205      
   2.08800130313781842493222667260541164        0.308337512806002026887746961351334470      
   2.08288629826938853866639463235442523        0.307095258625229050466164944865925397      
   2.07775073615408995031358423139010727        0.305865980719123985392768370441316042      
   2.07259466747784742756976328111634101        0.304649499758892889918786081173149784      
   2.06741814312897721581396120967689278        0.303445639791612480548702273299469255      
   2.06222121419768479097137155859773348        0.302254228161850337537796543406225965      
   2.05700393197556061981125496846128048        0.301075095435463443260160508578103641      
   2.05176634795507393265628494350699015        0.299908075325504793869038469537983920      
   2.04650851382906451349959538169056139        0.298753004620170403103466212185115215      
   2.04123048149023251254535624231266814        0.297609723112721489565444454221312731      
   2.03593230303062628620822160472552826        0.296478073533319010116744352986298657      
   2.03061403074112826962646255620802813        0.295357901482709976800631371190109331      
   2.02527571711093888676301564272450370        0.294249055367707177231265439211350559      
   2.01991741482705850318804583129787503        0.293151386338406012847672988657483351      
   2.01453917677376742665594087597814375        0.292064748227084179732296644972763644      
   2.00914105603210396060892146021205029        0.290988997488731846586271848269714118      
   2.00372310587934051575866831665664808        0.289923993143161837492778970412119909      
   1.99828537978845778491653351146635825        0.288869596718651106671682184743246067      
   1.99282793142761698626201803465918980        0.287825672197066501755459493467019782      
   1.98735081465963018025826157267635763        0.286792085960429454265637826903790231      
   1.98185408354142866544230266553911531        0.285768706738875813861353271343897212      
   1.97633779232352945833682818143330598        0.284755405559968559348954978040475156      
   1.97080199544949986274903998898111834        0.283752055699322577033567354453690174      
   1.96524674755542013374112368526717083        0.282758532632502098284926067386485038      
   1.95967210346934424157560905976156241        0.281774713988152735586633930177259556      
   1.95407811821075874095766445502993418        0.280800479502331352133645434863194427      
   1.94846484699003975091506713946043967        0.279835710973998246423790411903203173      
   1.94283234520790805067523905060886573        0.278880292221637332340511737287691857      
   1.93718066845488229691733161612518418        0.277934109040971148934376442188744725      
   1.93150987251073036779588462905883017        0.276997049163738644377453380274436200      
   1.92582001334391883915107216265119742        0.276069002217504747197511622657716001      
   1.92011114711106059833898307404296019        0.275149859686471766625737854065324815      
   1.91438333015636060113376458470924722        0.274239514873263654361329095198990251      
   1.90863661901105977717178455647489460        0.273337862861655113843272702048001905      
   1.90287107039287708942624122477366746        0.272444800480218461727286366766708143      
   1.89708674120544975321886812505086666        0.271560226266862031130164669567999134      
   1.89128368853777162029354657405425809        0.270684040434234758696366510091963206      
   1.88546196966362973349474816593621218        0.269816144835972418973192755967563073      
   1.87962164204103905761178513486098951        0.268956442933761761203827191959235305      
   1.87376276331167539196784694297581373        0.268104839765199566658997606833957100      
   1.86788539130030647035074689750500673        0.267261241912424380172534509678938302      
   1.86198958401422125390019280624870721        0.266425557471499378717983338191588168      
   1.85607539964265742258423047034248883        0.265597696022525523709215235500528988      
   1.85014289655622707091528801073929245        0.264777568600464803228732633774240851      
   1.84419213330634061357397245503708680        0.263965087666654006540777780490067330      
   1.83822316862462890662643749907135140        0.263160167080990086948811562548138348      
   1.83223606142236359003875272874999999        0.262362722074768761185447421955149624      
   1.82623087078987565720925966811246178        0.261572669224158564916974582205584570      
   1.82020765599597225725739863628289936        0.260789926424293135407868772379681668      
   1.81416647648735173582493237615555649        0.260014412863965024692716775011040288      
   1.80810739188801692016287758915280095        0.259246049000904860480765506498560320      
   1.80203046199868665429478370164884106        0.258484756537630168177778385894184450      
   1.79593574679620559006426922863217091        0.257730458397848646527334858459861809      
   1.78982330643295223989193981842929861        0.256983078703401152097150802526119169      
   1.78369320123624529708396828893880894        0.256242542751730094786435858302639446      
   1.77754549170774822955171553150326858        0.255508776993859378302968826613479088      
   1.77138023852287215281881189452095144        0.254781709012872436724080093291693286      
   1.76519750253017698820910139698467589        0.254061267502875321361188261432095246      
   1.75899734475077091212577569471842268        0.253347382248432181717598970770806955      
   1.75277982637770810234889096212513858        0.252639984104460860867135575739450329      
   1.74654500877538478729526859329827612        0.251939004976576689569531947713068134      
   1.74029295347893360420152970249950132        0.251244377801872915340482619986054939      
   1.73402372219361627220770364995907358        0.250556036530126542954192097365688778      
   1.72773737679421458633548206998759511        0.249873916105418691900665753290198418      
   1.72143397932441973837176197035447018        0.249197952448158894558190903611640308      
   1.71511359199621997068463424122962471        0.248528082437503066666446260153173049      
   1.70877627718928656901542719572643972        0.247864243894155179474767131941089985      
   1.70242209745035820030680839983820012        0.247206375563542951055615276254301769      
   1.69605111549262360164328187552906432        0.246554417099358153063252506412915213      
   1.68966339419510262639669161571538332        0.245908309047452399016272453016214982      
   1.68325899660202565368555607323771894        0.245267992830079541311149779756865354      
   1.67683798592221136727321171765525934        0.244633410730476056940894117693500710      
   1.67040042552844291004583673436466476        0.244004505877771046594784307396978819      
   1.66394637895684242022745831132341462        0.243381222232217708737018765100821945      
   1.65747590990624395550501856131052405        0.242763504570738379677922700460903350      
   1.65098908223756481125248480455172225        0.242151298472775452824501335300894974      
   1.64448595997317523905883953063990524        0.241544550306440705480888742076522865      
   1.63796660729626657178057371356578859        0.240943207214955770007176260151875670      
   1.63143108855021776135503411351350919        0.240347217103376688071472218775221160      
   1.62487946823796033562664060865270839        0.239756528625595682370189458901452395      
   1.61831181102134178045359330486111055        0.239171091171613469762275407962891490      
   1.61172818172048735337823101713751274        0.238590854855075623472993137398118382      
   1.60512864531316033515968255002269498        0.238015770501066670072675017995932895      
   1.59851326693412072548286987285533281        0.237445789634155779518811389357645836      
   1.59188211187448238917327763698536686        0.236880864466688073851884793673785318      
   1.58523524558106865926219636459736716        0.236320947887315742335561161820293484      
   1.57857273365576640326237690162662193        0.235765993449763308102595037864887695      
   1.57189464185487855902920122006444643        0.235215955361821543875104253138071762      
   1.56520103608847514659757922804951773        0.234670788474564682231600888238480865      
   1.55849198241974276239982275045285908        0.234130448271785709347328994463498969      
   1.55176754706433256228472612973182719        0.233594890859644670287408381253221042      
   1.54502779638970673977299781882349436        0.233064072956525048926949804699717716      
   1.53827279691448350599903874756585203        0.232537951883093416546416514024767743      
   1.53150261530778057780385099499892799        0.232016485552557670236787308141464018      
   1.52471731838855718045858424595801654        0.231499632461119305575451937874668980      
   1.51791697312495457151288750630844526        0.230987351678615287723552654205549667      
   1.51110164663363509227682945229730644        0.230479602839345201267555536767616896      
   1.50427140617911975345968245175680269        0.229976346133079471896812577840012328      
   1.49742631917312436150333257486458988        0.229477542296244562485287976815111341      
   1.49056645317389419216248066706257674        0.228983152603281152436063305483054898      
   1.48369187588553721789813764440766093        0.228493138858171412354517973699959317      
   1.47680265515735589566519045056470790        0.228007463386131586339379777681919437      
   1.46989885898317752168902344398222345        0.227526089025466191515835300097800451      
   1.46298055550068315984032322328416083        0.227048979119580238973899675920683422      
   1.45604781299073515023127290897904356        0.226576097509145972107354429334109612      
   1.44910069987670320467035454128585741        0.226107408524420707559745168309393443      
   1.44213928472378909562692538890577707        0.225642876977712450657170214880925020      
   1.43516363623834994537061545427723546        0.225182468155990041422990225455905360      
   1.42817382326722012196440917023433639        0.224726147813634669104480793599025792      
   1.42116991479703174880402407468972993        0.224273882165329672670502226586293922      
   1.41415197995353383440988298827787863        0.223825637879085622034574453902438111      
   1.40712008800091002919159376977022428        0.223381382069397749888951613567065639      
   1.40007430834109501591840195111033482        0.222941082290532877069643533245757660      
   1.39301471051308954064256632436958441        0.222504706529943045374793708856404301      
   1.38594136419227409083602573370301822        0.222072223201803140792154297973354348      
   1.37885433918972122751407678405877573        0.221643601140669857216233507474448764      
   1.37175370545150657813306678318927527        0.221218809595259416010619762935710077      
   1.36463953305801849706232385331459215        0.220797818222341520252630246752758224      
   1.35751189222326640044369665314557659        0.220380597080747084240510767985515980      
   1.35037085329418778226515941009601207        0.219967116625487338900822648369510364      
   1.34321648674995391848795384727310116        0.219557347701981972156521245053901776      
   1.33604886320127426607968797177218010        0.219151261540394020153992355446693066      
   1.32886805338969956381869244211958016        0.218748829750069280547762544332704038      
   1.32167412818692364174774822627909085        0.218350024314078072850954892297070435      
   1.31446715859408394616804437100350683        0.217954817583857223222519003701000112      
   1.30724721574106078707690180268414940        0.217563182273950202022052779357201304      
   1.30001437088577531496540804411021421        0.217175091456843392061468532306519334      
   1.29276869541348623390464843625089240        0.216790518557896513760288593881226145      
   1.28551026083608525786169177554477735        0.216409437350365280407121163073388050      
   1.27823913879139131719889209212631830        0.216031821950514402481732373469938747      
   1.27095540104244352232240348051735559        0.215657646812819104536737807522248232      
   1.26365911947679289145807132981979050        0.215286886725253361510747332952832848      
   1.25635036610579284954506086429841381        0.214919516804663103580132920451190007      
   1.24902921306388850524971247705582336        0.214555512492222679787672056929809473      
   1.24169573260790471311417279957009233        0.214194849548972910745310187758231730      
   1.23434999711633292786634067916840883        0.213837504051439099726320593907294136      
   1.22699207908861685792958811670755410        0.213483452387327409469366668173621484      
   1.21962205114443692518256763017057603        0.213132671251298049042582489560634119      
   1.21223998602299353803119933959964666        0.212785137640813751188053993777534142      
   1.20484595658228918486664319848599441        0.212440828852062055713385995607906740      
   1.19744003579840935499470411083495314        0.212099722475949948743901471926599912      
   1.19002229676480229413369005671267494        0.211761796394169441022130443449186179      
   1.18259281269155760158924568794608485        0.211427028775332700965496342423001140      
   1.17515165690468367622611603626586309        0.211095398071175389892613303785243864      
   1.16769890284538401836815688572253884        0.210766883012826877726735562141493807      
   1.16023462406933239476919988753075765        0.210441462607146047604294393912671022      
   1.15275889424594687380860152716360399        0.210119116133121427179064643644720521      
   1.14527178715766273807645547978050061        0.209799823138334413039592659925762857      
   1.13777337669920428152452760087842811        0.209483563435484382569708945336546652      
   1.13026373687685549836998168505477380        0.209170317098974514799229991917098698      
   1.12274294180772967094990207830772489        0.208860064461557168333703154599760945      
   1.11521106571903786373548614042364157        0.208552786111037690337055349315508378      
   1.10766818294735633072557531645821660        0.208248462887035555787490558287437578      
   1.10011436793789284344991808355964665        0.207947075877801760852611515027591965      
   1.09254969524375194682321118556095100        0.207648606417091418251653865375342617      
   1.08497423952519915010154724774272453        0.207353036081090525907537840671142000      
   1.07738807554892406020340697350008276        0.207060346685395903055286172638899770      
   1.06979127818730246466777255960783375        0.206770520282047310281868934836437735      
   1.06218392241765737153230562434283390        0.206483539156610791740891429830616483      
   1.05456608332151901342482772057732711        0.206199385825312299028464465785724062      
   1.04693783608388382317156430249656209        0.205918043032220676938375438104724217      
   1.03929925599247238823576372892320536        0.205639493746479111549179493383773392      
   1.03165041843698639131038141816660024        0.205363721159584160846510177133954999      
   1.02399139890836454439852551938572182        0.205090708682711507363830527646673888      
   1.01632227299803752372529433490307285        0.204820439944087591146688164850519416      
   1.00864311639718191283449711868949715        0.204552898786406299721610811812970466      
   1.00095400489597316123353869102901978        0.204288069264289909693032692024825837      
  0.993255014382837565959464451556642989        0.204025935641793492111681161307883753      
  0.985546220843703283448805746546238768        0.203766482389952010866944580640987266      
  0.977827700361250379103436056333973627        0.203509694184369360064829335425801002      
  0.970099529114159921954146020638071532        0.203255555902848602672823582352365013      
  0.962361783376362131833069819541147981        0.203004052623062688653640241520434365      
  0.954614539516283586475446783020814080        0.202755169620264946381439010183633950      
  0.946857873996093495980480219853659596        0.202508892365038656346467685088795174      
  0.939091863370949052070260245905815912        0.202265206521085031016580618482657767      
  0.931316584288239859594848761412475103        0.202024097943048939245981995191752017      
  0.923532113486831457740682586716136058        0.201785552674381727811739006448930012      
  0.915738527796307938408435026681474823        0.201549556945240506525798119986885788      
  0.907935904136213669235386706962615508        0.201316097170423276922855555233225375      
  0.900124319515294128746193322522430487        0.201085159947339297770683228726370652      
  0.892303851030735861124700873077702421        0.200856732054014093597367031076545722      
  0.884474575867405558108147944981931369        0.200630800447128525087126334634550873      
  0.876636571297088275513709548702464893        0.200407352260091352570487764462818182      
  0.868789914677724791915877850474426893        0.200186374801144735932909418434155490      
  0.860934683452648117001641761626048445        0.199967855551502126095618490313594241      
  0.853070955149819157138819685906325079        0.199751782163518014790364089127265883      
  0.845198807381061545701217691077439743        0.199538142458889020662736265766232808      
  0.837318317841295645702528883966139870        0.199326924426885800803215803953823130      
  0.829429564307771732299058746740101828        0.199118116222615287627572406488839634      
  0.821532624639302362729455555762728269        0.198911706165312761614823380400102704      
  0.813627576775493941267644673094705195        0.198707682736663280767734588222601737      
  0.805714498735977486773110395402113150        0.198506034579151997793661078732551699      
  0.797793468619638610430539087286007712        0.198306750494442905918099146676242548      
  0.789864564603846711278632438193066641        0.198109819441785563945213979173877318      
  0.781927864943683397135619787166486186        0.197915230536449360674228189349698675      
  0.773983447971170138536643481556508331        0.197722973048184888073172818818664014      
  0.766031392094495163305761098977480768        0.197533036399712001707240272317992683      
  0.758071775797239599392802991561706893        0.197345410165234155822828832701385653      
  0.750104677637602873612742933950553150        0.197160084068978609205189885147504315      
  0.742130176247627373932583598254636924        0.196977047983762106462112959893778577      
  0.734148350332422382958027067925693828        0.196796291929581647742917397760868855      
  0.726159278669387290279393566375814922        0.196617806072229968085649757392247297      
  0.718163040107434091343368944263589578        0.196441580721935355600183178445898650      
  0.710159713566209180524203171395652671        0.196267606332025445545135661952066649      
  0.702149378035314446074948045667512239        0.196095873497614635046315555998172767      
  0.694132112573527674646212493638036432        0.195926372954314770737804671206522628      
  0.686107996308022273066728127194472808        0.195759095576968768987739070455468975      
  0.678077108433586315086756071065090496        0.195594032378406835603180847533318685      
  0.670039528211840920792028420169674454        0.195431174508224958995929742769616851      
  0.661995334970457976402503958209481968        0.195270513251585357737345163233875036      
  0.653944608102377202176727904484109395        0.195112040028038570238789090951408462      
  0.645887427065022576149019390430530951        0.194955746390366880968621264629036347      
  0.637823871379518121433068037309078053        0.194801624023448784160156089603336418      
  0.629754020629903064831802349064659112        0.194649664743144192380918072032205628      
  0.621677954462346374499597587674782709        0.194499860495200103625119672420137823      
  0.613595752584360684409019301018536361        0.194352203354176446761663580272579838      
  0.605507494764015613380350664976771675        0.194206685522391831222194852575456503      
  0.597413260829150486438127222372588322        0.194063299328888932750776781044660706      
  0.589313130666586466264801392507873506        0.193922037228419252861544902041896940      
  0.581207184221338102527481228227382381        0.193782891800446995366042995791524173      
  0.573095501495824306859433255184879561        0.193645855748171808940631658444953439      
  0.564978162549078761283707783591816127        0.193510921897570150209086146997647470      
  0.556855247495959767871836780251547246        0.193378083196455027218903357208600160      
  0.548726836506359547436069172933395989        0.193247332713553888494493129211215684      
  0.540593009804412995059046275692252051        0.193118663637604428058851005392500902      
  0.532453847667705900270180818921810283        0.192992069276468081929953572906665169      
  0.524309430426482639683286788834093508        0.192867543056260996621381873785907710      
  0.516159838462853349915213875536419347        0.192745078520502255110905778114248835      
  0.508005152210000588610369745542428052        0.192624669329279150588241487971671958      
  0.499845452151385491401065542780953142        0.192506309258429303056161927209204130      
  0.491680818819953432638594932092307115        0.192389992198739418539781322087349510      
  0.483511332797339197734854581725634137        0.192275712155160495259287121877918428      
  0.475337074713071674959134188136171417        0.192163463246039285643743012642555543      
  0.467158125243778074539446929854095367        0.192053239702365827509878152517120237      
  0.458974565112387682922436550547697479        0.191945035867036862102006830807306255      
  0.450786475087335160050485068588246954        0.191838846194134960989342705331283829      
  0.442593935981763387519155346162285662        0.191734665248223188046893331877330887      
  0.434397028652725875482535380755094782        0.191632487703655126907713408881875521      
  0.426195834000388736178406161898394416        0.191532308343900108369388605084800628      
  0.417990432967232231949432223454092819        0.191434122060883476268006843821043619      
  0.409780906537251905640773574178992247        0.191337923854341734300303716412435820      
  0.401567335735159301258639465434892186        0.191243708831192420180860061406390046      
  0.393349801625582282778348413994259304        0.191151472204918557367864095318623791      
  0.385128385312264958994425000031268265        0.191061209294967538379674956989129109      
  0.376903167937267222309152166437804445        0.190972915526164297456853048016544827      
  0.368674230680163909359808017188855524        0.190886586428138634002036828922259972      
  0.360441654757243591388548411995821031        0.190802217634766551854596271649883101      
  0.352205521420707002262550945093316020        0.190719804883625483029900247334631270      
  0.343965911957865112055612141638677198        0.190639344015463268075789732972190438      
  0.335722907690336854105887870567489968        0.190560830973680768672913481654785960      
  0.327476589973246513467887023317574904        0.190484261803827991532392892671981373      
  0.319227040194420784680170409853454531        0.190409632653113606025246840262643411      
  0.310974339773585506773470543910189612        0.190336939769927741314508060404189193      
  0.302718570161562083447133496117977546        0.190266179503377952054358368886535222      
  0.294459812839463596344891255227404249        0.190197348302838244972234455669130951      
  0.286198149317890619364002023362316784        0.190130442717511061861019987198343478      
  0.277933661136126741934746551188061102        0.190065459396002117680431504379277274      
  0.269666429861333809210140963975292356        0.190002395085907995600791688677414368      
  0.261396537087746887108520511414840996        0.189941246633416403919809597779442681      
  0.253124064435868960154364265121693339        0.189882010982919002844978851664728017      
  0.244849093551665370065367961254295799        0.189824685176636712161967396461436408      
  0.236571706105758003036330915541213595        0.189769266354257413804093518635568853      
  0.228291983792619233672903198997084683        0.189715751752585966300831262644427274      
  0.220010008329765633530641030244610044        0.189664138705206451015415939692645940      
  0.211725861456951452217141590934540581        0.189614424642156572984161867289916901      
  0.203439624935361879017273181341718434        0.189566607089614142044178608372319177      
  0.195151380546806093003682781657805906        0.189520683669595562782882078636260229      
  0.186861210092910109596850649421405874        0.189476652099666264663131416567546518      
  0.178569195394309431540970544320369030        0.189434510192663006473055694635008871      
  0.170275418289841512263864508441634394        0.189394255856427992020727006680577426      
  0.161979960635738039590992823879247018        0.189355887093554736741835787261824115      
  0.153682904304817047785392802165814044        0.189319402001145627614465557569430795      
  0.145384331185674865887074413767462601        0.189284798770581121479970941892465914      
  0.137084323181877910327016424154770550        0.189252075687300529553846756288304035      
  0.128782962211154329792443649786249648        0.189221231130594338576338499252339254      
  0.120480330204585510321524167547746659        0.189192263573408021700376749975215090      
  0.112176509105797448607004790388504763        0.189165171582157294845201238773196258      
  0.103871580870152001489603846467752805        0.189139953816554776858747026531969499      
   9.55656274639380196232022562368771076E-0002  0.189116609029448014431459069499282902      
   8.72587308635623732950170794712969510E-0002  0.189095136066668835289638153527203983      
   7.89509730547408783850060910503902281E-0002  0.189075533866893995768648923165016893      
   7.06424360316891304497375297581393891E-0002  0.189057801461517091426280646989257532      
   6.23332017963132549168659388142564868E-0002  0.189041937974531701905178074759197761      
   5.40233523574005813771829712958982817E-0002  0.189027942622425743791481862031985392      
   4.57129697298102499619611599021416983E-0002  0.189015814714087007745558652795162665      
   3.74021359336637577939789412535370541E-0002  0.189005553650719858700878084185086796      
   2.90909329935354535012066734918585042E-0002  0.188997158925773080439621237439316317      
   2.07794429376429877826459865132049606E-0002  0.188990630124878848359391884414056093      
   1.24677477970377280162485516717512700E-0002  0.188985966925802816745354181697068292      
   4.15592960479514489919524795077914058E-0003  0.188983169098405309357141071575366765      
  -4.15592960479482088890726909048810807E-0003  0.188982236504613604630866780961565673      
  -1.24677477970374040091584235455665194E-0002  0.188983169098405309284432555573525191      
  -2.07794429376426637819515282937370567E-0002  0.188985966925802816599933561593438538      
  -2.90909329935351295101056412290380719E-0002  0.188990630124878848141251983576685528      
  -3.74021359336634338156689963140535551E-0002  0.188997158925773080148751289840030558      
  -4.57129697298099259996398374098166738E-0002  0.189005553650719858337263733102924176      
  -5.40233523574002574340476485733045622E-0002  0.189015814714087007309181949087168138      
  -6.23332017963129309961138038258949166E-0002  0.189027942622425743282321261970976063      
  -7.06424360316888065545655495554843255E-0002  0.189041937974531701323208437438015574      
  -7.89509730547405545186109802191154103E-0002  0.189057801461517090771473231290926657      
  -8.72587308635620494605952685809931066E-0002  0.189075533866893995040971384298126051      
  -9.55656274639376958239498602935727145E-0002  0.189095136066668834489054539125736481      
 -0.103871580870151677728716633369549257        0.189116609029448013557929815286018253      
 -0.112176509105797124887678149384637484        0.189139953816554775912228951544483131      
 -0.120480330204585186646953077701383096        0.189165171582157293825647540151383991      
 -0.128782962211154006165822648441335909        0.189192263573408020607736997309170909      
 -0.137084323181877586751539575407237481        0.189221231130594337410558628489314577      
 -0.145384331185674542365935276941102600        0.189252075687300528314869063197377097      
 -0.153682904304816724321784400293139923        0.189284798770581120167734075085449183      
 -0.161979960635737716188107612187643663        0.189319402001145626228904511076443414      
 -0.170275418289841188924894342845114513        0.189355887093554735282881892659854446      
 -0.178569195394309108269106649917244018        0.189394255856427990488307924773258865      
 -0.186861210092909786395283588998182288        0.189434510192663004867095406681729242      
 -0.195151380546805769875602424199618863        0.189476652099666262983550215059907402      
 -0.203439624935361555965868670549612606        0.189520683669595561029596557619798690      
 -0.211725861456951129245601313749909407        0.189566607089614140217101653311299216      
 -0.220010008329765310642152585381103611        0.189614424642156571083202644472891844      
 -0.228291983792618910870653365480297513        0.189664138705206449040479885176386734      
 -0.236571706105757680323505621256462167        0.189715751752585964251820070733703859      
 -0.244849093551665047445152251502796578        0.189769266354257411680905129896163078      
 -0.253124064435868637629942271185451368        0.189824685176636709964495985263655981      
 -0.261396537087746564683075419130559699        0.189882010982919000573114813254580316      
 -0.269666429861333486886854982317614504        0.189941246633416401573439534874515460      
 -0.277933661136126419716800880862450263        0.190002395085907993179798397584398289      
 -0.286198149317890297254576825407892932        0.190065459396002115184693960629951215      
 -0.294459812839463274347165619630034961        0.190130442717511059290413330700728788      
 -0.302718570161561761564285410433945390        0.190197348302838242326629975370404524      
 -0.310974339773585185008676861900737476        0.190266179503377949333623486944174080      
 -0.319227040194420463036606820130521426        0.190336939769927738518506315861700629      
 -0.327476589973246191948728018001031779        0.190409632653113603153837872226114301      
 -0.335722907690336532714306713954183505        0.190484261803827988585432422983559430      
 -0.343965911957864790794780838883592946        0.190560830973680765650253297059082404      
 -0.352205521420706681135640210903167589        0.190639344015463264977277666771468885      
 -0.360441654757243270398727639335376416        0.190719804883625479855380160528522427      
 -0.368674230680163588510245246000307664        0.190802217634766548603908033555236877      
 -0.376903167937266901603014052373496318        0.190886586428138630675016297268616966      
 -0.385128385312264638434876783200079860        0.190972915526164294053332048512579243      
 -0.393349801625581962368553887721965671        0.191061209294967534899481262355281648      
 -0.401567335735158981001760945038800671        0.191151472204918553810821403781008576      
 -0.409780906537251585539971865757166622        0.191243708831192416546787974646924117      
 -0.417990432967231912007866592689473710        0.191337923854341730589017716970000251      
 -0.426195834000388416399234302878122108        0.191434122060883472479318271938346230      
 -0.434397028652725555868913384805343318        0.191532308343900104503104634995466728      
 -0.442593935981763068074237670698915905        0.191632487703655122963637024532149800      
 -0.450786475087334840777424505983585268        0.191734665248223184024823302076626366      
 -0.458974565112387363824384197013747843        0.191838846194134956889073558325664972      
 -0.467158125243777755619552154342491715        0.191945035867036857923328828269842842      
 -0.475337074713071356220544601255177832        0.192053239702365823252577262948894040      
 -0.483511332797338879180716004674498927        0.192163463246039281307600884177947224      
 -0.491680818819953114272051365613277181        0.192275712155160490844081054487642842      
 -0.499845452151385173225259136129256455        0.192389992198739414045284239172546884      
 -0.508005152210000270628440765474528782        0.192506309258429298482142346579731490      
 -0.516159838462853032130300675316852569        0.192624669329279145934463492201572140      
 -0.524309430426482322098525777261185880        0.192745078520502250377128984267205998      
 -0.532453847667705582888706429372590924        0.192867543056260991807361402503326317      
 -0.540593009804412677883990935186861243        0.192992069276468077035440016850834434      
 -0.548726836506359230470563271219294562        0.193118663637604423083590397037128790      
 -0.556855247495959451119008638907833536        0.193247332713553883438226907971436248      
 -0.564978162549078444746683625153955191        0.193378083196455022081368335902373243      
 -0.573095501495823990541337172290148754        0.193510921897570144990014477630282973      
 -0.581207184221337786431435152781338366        0.193645855748171803639750797308301444      
 -0.589313130666586150393925064872144595        0.193782891800446989983075667869178453      
 -0.597413260829150170795538160574296660        0.193922037228419247396209064711561364      
 -0.605507494764015297969164133939888769        0.194063299328888927202785587068627421      
 -0.613595752584360369232348281817476176        0.194206685522391825591256612369939125      
 -0.621677954462346059560552746810534685        0.194352203354176441047481723446437268      
 -0.629754020629902750133492007763767533        0.194499860495200097827392708573310316      
 -0.637823871379517806978598140845763381        0.194649664743144186499339550803969609      
 -0.645887427065022261941493477472266008        0.194801624023448778194414559960262853      
 -0.653944608102376888219247076460945245        0.194955746390366874918400233382312629      
 -0.661995334970457662698166848707428663        0.195112040028038564103766980492955227      
 -0.670039528211840607343931164348438245        0.195270513251585351517195268480454915      
 -0.678077108433586001897992275100470174        0.195431174508224952690320187303894446      
 -0.686107996308021960140388837745715706        0.195594032378406829211774538930587728      
 -0.694132112573527361985386167340455409        0.195759095576968762510193654784515417      
 -0.702149378035314133682720518650665530        0.195926372954314764173772486692839655      
 -0.710159713566208868403657628827387825        0.196095873497614628395443585837486094      
 -0.718163040107433779497585889920249897        0.196267606332025438807065486261865596      
 -0.726159278669386978711450792238911069        0.196441580721935348774550925342400818      
 -0.734148350332422071670999623805339313        0.196617806072229961172086053179950458      
 -0.742130176247627062929543761440048300        0.196796291929581640741047316221565680      
 -0.750104677637602562896760178887913144        0.196977047983762099371555970661623388      
 -0.758071775797239288966943959559691210        0.197160084068978602025559801156432489      
 -0.766031392094494853173089567940745838        0.197345410165234148553733756690887522      
 -0.773983447971169828700220335747440922        0.197533036399711994348282542382942432      
 -0.781927864943683087598502986995511181        0.197722973048184880623948952988594016      
 -0.789864564603846402043876990037812093        0.197915230536449353134328829182594665      
 -0.797793468619638301501197013339625774        0.198109819441785556314223832349246623      
 -0.805714498735977178152230703551052716        0.198306750494442898195596928571879552      
 -0.813627576775493632958273326826235240        0.198506034579151989979219452969086762      
 -0.821532624639302054734635444102507924        0.198707682736663272860920106159578693      
 -0.829429564307771424621829654220093853        0.198911706165312753615196419566977057      
 -0.837318317841295338345927460623165294        0.199118116222615279534687107933932819      
 -0.845198807381061238668277422482666984        0.199326924426885792616620008493900558      
 -0.853070955149818850432570863225992731        0.199538142458889012381971449119001215      
 -0.860934683452647810625111451713714393        0.199751782163518006414965295908701351      
 -0.868789914677724485872089865995040999        0.199967855551502117625114266881622434      
 -0.876636571297087969805684418288558116        0.200186374801144727366821744559806414      
 -0.884474575867405252738902883422218667        0.200407352260091343908331983809569269      
 -0.892303851030735556097249751538389582        0.200630800447128516328411084026155171      
 -0.900124319515293824063546638801523592        0.200856732054014084741594168533215216      
 -0.907935904136213364900551555777521935        0.201085159947339288817347760248748783      
 -0.915738527796307634424415069990193133        0.201316097170423267871445560313136922      
 -0.923532113486831154110478024072325594        0.201549556945240497375794675823396406      
 -0.931316584288239556321456300354696593        0.201785552674381718562616110847780543      
 -0.939091863370948749156673072381238223        0.202024097943048929897206488125757296      
 -0.946857873996093193429687968676523073        0.202265206521085021567612102290170222      
 -0.954614539516283284290435508365941286        0.202508892365038646796758443286835514      
 -0.962361783376361830016821965472796115        0.202755169620264936730433924871780602      
 -0.970099529114159620509640391674411281        0.203004052623062678900776709351040295      
 -0.977827700361250078033647788047492670        0.203255555902848592817531429042137456      
 -0.985546220843702982756706276200354411        0.203509694184369350106530728783231723      
 -0.993255014382837265648021488778816074        0.203766482389952000805053942083561705      
  -1.00095400489597286130571618852065858        0.204025935641793481945605075842425229      
  -1.00864311639718161329325524297294120        0.204288069264289899422169816663744303      
  -1.01632227299803722457358943710594365        0.204552898786406289345351782398585432      
  -1.02399139890836424563931010606293192        0.204820439944087580664415501259012526      
  -1.03165041843698609294660412216030407        0.205090708682711496774918537342598580      
  -1.03929925599247209027036928026098469        0.205363721159584150150324857045585675      
  -1.04693783608388352560749349932812937        0.205639493746479100745078430068918884      
  -1.05456608332151871626501740015003398        0.205918043032220666025707706175954064      
  -1.06218392241765707477968863401627473        0.206199385825312288006570524563266616      
  -1.06979127818730216832527772790782461        0.206483539156610780609103018190478250      
  -1.07738807554892376427395908121230726        0.206770520282047299039508964220569583      
  -1.08497423952519885458806699904632861        0.207060346685395891701668618193493430      
  -1.09254969524375165172861517920237079        0.207353036081090514441967630478378086      
  -1.10011436793789254877711878406695660        0.207648606417091406673426767743133694      
  -1.10766818294735603647748102539628200        0.207947075877801749161014023801064786      
  -1.11521106571903756991500096769035258        0.208248462887035543981799776145081490      
  -1.12274294180772937755992591347160800        0.208552786111037678416538869012077590      
  -1.13026373687685520541341016873425151        0.208860064461557156297618938117160159      
  -1.13777337669920398900425209616301306        0.209170317098974502646826247483600974      
  -1.14527178715766244599536304369421261        0.209483563435484370300224002273790442      
  -1.15275889424594658216957488217087966        0.209799823138334400652254841282049200      
  -1.16023462406933210357511739308514512        0.210119116133121414673092136572184992      
  -1.16769890284538372762189250985845031        0.210441462607146034978895117744931078      
  -1.17515165690468338593053932723367391        0.210766883012826864981107034127378075      
  -1.18259281269155731174722174589084678        0.211095398071175377025942502433185852      
  -1.19002229676480200474807950539673722        0.211427028775332687976959568409633532      
  -1.19744003579840906606836306940476067        0.211761796394169427910893178044597636      
  -1.20484595658228889640242325328334296        0.212099722475949935509118232887612744      
  -1.21223998602299325003194751601767974        0.212440828852062042354200190489606826      
  -1.21962205114443663765112636455478925        0.212785137640813737703597770612121018      
  -1.22699207908861657086879522830210097        0.213132671251298035431976584851474567      
  -1.23434999711633264127902934210796684        0.213483452387327395731720252151165869      
  -1.24169573260790442700317151491757994        0.213837504051439085860731112992266726      
  -1.24902921306388821961784504488623693        0.214194849548972896750863204176218890      
  -1.25635036610579256439514635582905841        0.214555512492222665663441085420053820      
  -1.26365911947679260679292405958718771        0.214919516804663089325179262011046186      
  -1.27095540104244323814483297860109268        0.215286886725253347124119905557951116      
  -1.27823913879139103351170307642012378        0.215657646812819090017472973761129325      
  -1.28551026083608497466768412407508388        0.216031821950514387828853765030039612      
  -1.29276869541348595120661715954317428        0.216409437350365265619639502014458737      
  -1.30001437088577503276614325760335990        0.216790518557896498837201510630015064      
  -1.30724721574106050537918869919314921        0.217175091456843377001760380305403457      
  -1.31446715859408366497466319323072573        0.217563182273950186824694446297672342      
  -1.32167412818692336106147423937439205        0.217954817583857207886467719271269359      
  -1.32886805338969928364229590628958212        0.218350024314078057375154032371342455      
  -1.33604886320127398641593411493890373        0.218748829750069264931141431527908211      
  -1.34321648674995363933960283778228953        0.219151261540394004395466055970656276      
  -1.35037085329418750363496632947537903        0.219557347701981956254990361767086663      
  -1.35751189222326612233441146891326906        0.219967116625487322855173109980538824      
  -1.36463953305801821947669139183811748        0.220380597080747068049613614298734856      
  -1.37175370545150630107382670259517441        0.220797818222341503915341409884093471      
  -1.37885433918972095098396354719330483        0.221218809595259399525779844410984514      
  -1.38594136419227381483776858114410117        0.221643601140669840582667551122212621      
  -1.39301471051308926517888924749031426        0.222072223201803124008671558522093788      
  -1.40007430834109474099202366519427423        0.222504706529943028440187416143744448      
  -1.40712008800090975480522768717878638        0.222941082290532859982690651944970498      
  -1.41415197995353356056623719167004081        0.223381382069397732648412598333816715      
  -1.42116991479703147550580129029435212        0.223825637879085604639192999842267970      
  -1.42817382326721984921430674117534545        0.224273882165329655119005014940819617      
  -1.43516363623834967317132531395193433        0.224726147813634651395577232546267514      
  -1.44213928472378882398113403441655295        0.225182468155990023555372185917490867      
  -1.44910069987670293358074300692553560        0.225642876977712432629511761226194565      
  -1.45604781299073487970051673977016505        0.226107408524420689370702283843621276      
  -1.46298055550068288987109244857243006        0.226576097509145953755564736455170343      
  -1.46989885898317725228398255108440084        0.227048979119580220457982150825522085      
  -1.47680265515735562682699835847118949        0.227526089025466172834389981917007088      
  -1.48369187588553694962944767754002758        0.228007463386131567490987471917566548      
  -1.49056645317389392446594052908635025        0.228493138858171393337739949838622664      
  -1.49742631917312409438158432255746633        0.228983152603281133249440988652609307      
  -1.50427140617911948691536246893262044        0.229477542296244543127342633350464476      
  -1.51110164663363482631256842378599997        0.229976346133079452366044994619411921      
  -1.51791697312495430613131039199225058        0.230479602839345181562445694177534995      
  -1.52471731838855691566231025486417455        0.230987351678615267842559392588407236      
  -1.53150261530778031359549355944915097        0.231499632461119285517012617309816424      
  -1.53827279691448324238120549738279914        0.232016485552557649999317461405865451      
  -1.54502779638970647674829055559451960        0.232537951883093396128309492575758367      
  -1.55176754706433229985574080113025012        0.233064072956525028326576417517994360      
  -1.55849198241974250056914942461700451        0.233594890859644649503116526379899130      
  -1.56520103608847488536780206801979341        0.234130448271785688377443283060603989      
  -1.57189464185487829840289845827869290        0.234670788474564661074422260997649057      
  -1.57857273365576614324212081447400461        0.235215955361821522528909588857496753      
  -1.58523524558106839985055324703104097        0.235765993449763286565636754009670585      
  -1.59188211187448213037280777719418571        0.236320947887315720606066806876325965      
  -1.59851326693412046729612752699483581        0.236880864466688051928056631100109990      
  -1.60512864531316007758921591700563123        0.237445789634155757398825972936898349      
  -1.61172818172048709642658221348414639        0.238015770501066647754682758376960287      
  -1.61831181102134152412329833960955631        0.238590854855075600955117859619192338      
  -1.62487946823796007992022935832954736        0.239171091171613447042613899738080056      
  -1.63143108855021750627503029716492659        0.239756528625595659446811009446677020      
  -1.63796660729626631732949486784948904        0.240347217103376664942418147944300607      
  -1.64448595997317498523919698497803883        0.240943207214955746670459437646436096      
  -1.65098908223756455806678365634507980        0.241544550306440681934493096487031719      
  -1.65747590990624370295575765121423624        0.242151298472775429066381352729241897      
  -1.66394637895684216831713019858440227        0.242763504570738355706002912467901840      
  -1.67040042552844265877692767222108725        0.243381222232217684549193225714732543      
  -1.67683798592221111664820162879819727        0.244004505877771022188916058911645276      
  -1.68325899660202540370691852533534011        0.244633410730476032314814644976946950      
  -1.68966339419510237706689379699982626        0.245267992830079516462658452783199630      
  -1.69605111549262335296478457044628855        0.245908309047452373943135957325436507      
  -1.70242209745035795228206596476103563        0.246554417099358127763204261194692667      
  -1.70877627718928632164688753473108152        0.247206375563542925526354839742995758      
  -1.71511359199621972397473878193580756        0.247864243894155153713959593800200642      
  -1.72143397932441949232294563982956261        0.248528082437503040671721620518011237      
  -1.72773737679421434095017327071485461        0.249197952448158868327143438449325726      
  -1.73402372219361602748832423587029102        0.249873916105418665430853365726073176      
  -1.74029295347893336015049495507228443        0.250556036530126516243135654614889633      
  -1.74654500877538454391498719771819270        0.251244377801872888385665275518296474      
  -1.75277982637770785964176498351296976        0.251939004976576662368398448267642015      
  -1.75899734475077067009420055442274496        0.252639984104460833417091552796028215      
  -1.76519750253017674685546584894002527        0.253347382248432154016010216069834024      
  -1.77138023852287191214549800167178255        0.254061267502875293405379986126359760      
  -1.77754549170774798956109864229395567        0.254781709012872408511336170298044639      
  -1.78369320123624505777841701386991754        0.255508776993859349830531015720625742      
  -1.78982330643295200127381600668035359        0.256242542751730066051503013577467242      
  -1.79593574679620535213592794475116107        0.256983078703401123096878061547022996      
  -1.80203046199868641705857320230868023        0.257730458397848617258832812891151047      
  -1.80810739188801668362113929997498521        0.258484756537630138638112232900695271      
  -1.81416647648735149998000086860123754        0.259246049000904830666954180484160328      
  -1.82020765599597202211160160461160561        0.260014412863964994601732059148726575      
  -1.82623087078987542276491790640869775        0.260789926424293105036634389384432094      
  -1.83223606142236335629818010801794268        0.261572669224158534262365263783995924      
  -1.83822316862462867359194094439788191        0.262362722074768730244287956348173092      
  -1.84419213330634038124785192282336685        0.263160167080990055717875819564867465      
  -1.85014289655622683929983646600112692        0.263965087666653975016787713411529223      
  -1.85607539964265719168173386407968175        0.264777568600464771408357257486460119      
  -1.86198958401422102371293005288365430        0.265597696022525491589069580195747362      
  -1.86788539130030624088098985239072640        0.266425557471499346294627377955403581      
  -1.87376276331167516321786037997365243        0.267261241912424347442472065259247425      
  -1.87962164204103882958382672398821873        0.268104839765199533618675221864913024      
  -1.88546196966362950619106845108373599        0.268956442933761727849632981889932886      
  -1.89128368853777139371638895077465456        0.269816144835972385301455228920813472      
  -1.89708674120544952737046881841697809        0.270684040434234724703353358853265937      
  -1.90287107039287686430882926730796329        0.271560226266861996812081533878649266      
  -1.90863661901105955278758176614981879        0.272444800480218427080275565067825361      
  -1.91438333015636037748498554301877250        0.273337862861655078863411931794122091      
  -1.92011114711106037542783510414556409        0.274239514873263619044630100830655518      
  -1.92582001334391861697975530758447128        0.275149859686471730968145061699815345      
  -1.93150987251073014636659163002594526        0.276069002217504711194900740525636834      
  -1.93718066845488207623224789085341775        0.276997049163738608025629963897251283      
  -1.94283234520790783073654267178041420        0.277934109040971112229074423258499584      
  -1.94846484699003953172492881321571745        0.278880292221637295277391915175021731      
  -1.95407811821075852251824749954358328        0.279835710973998208998438906683240554      
  -1.95967210346934402388906938389137352        0.280800479502331314341572100711102878      
  -1.96524674755541991680960976727613291        0.281774713988152697423270727945775700      
  -1.97080199544949964657469285533280805        0.282758532632502059745625395136984349      
  -1.97633779232352924292178138566081658        0.283752055699322538113600334669830902      
  -1.98185408354142845078868226718774870        0.284755405559968520043509700209364404      
  -1.98735081465962996636818611632027323        0.285768706738875774165532988543874893      
  -1.99282793142761677313759852899222546        0.286792085960429414174459104990278740      
  -1.99828537978845757255987340846722556        0.287825672197066461263850311398350022      
  -2.00372310587934030417186349082871177        0.288869596718651065774479984536868425      
  -2.00914105603210374979406018789789254        0.289923993143161796184728655168049043      
  -2.01453917677376721661510381474911931        0.290988997488731804862023726642349611      
  -2.01991741482705829392330599941886279        0.292064748227084137586404320414281397      
  -2.02527571711093867827643839869404994        0.293151386338405970274591191695697066      
  -2.03061403074112806192010557837409634        0.294249055367707134225347800962201976      
  -2.03593230303062607928413487097704053        0.295357901482709933356128136239639727      
  -2.04123048149023230640558200984705294        0.296478073533318966227800029708976762      
  -2.04650851382906430814616816685749964        0.297609723112721445226095400530807167      
  -2.05176634795507372809123150172855946        0.298753004620170358307638154639896465      
  -2.05700393197556041603659427422869940        0.299908075325504748610543953647360567      
  -2.06222121419768458798911478554489487        0.301075095435463397532696278074320637      
  -2.06741814312897701362611171073089397        0.302254228161850291334940846164916817      
  -2.07259466747784722617831656872519942        0.303445639791612433863912091503902343      
  -2.07775073615408974972052795782785876        0.304649499758892842745394283227185976      
  -2.08288629826938833887370857010379659        0.305865980719123937723980782041610684      
  -2.08800130313781822594188269481826675        0.307095258625229002295057336545498352      
  -2.09309570027634637052685773509802423        0.308337512806001978207261949703986139      
  -2.09816943940532970668350799945651521        0.309592926046738541877525227399046340      
  -2.10322247044901138269812249604613006        0.310861684672194217594654510746287062      
  -2.10825474353601498859213045744800382        0.312143978631948210212941799297445833      
  -2.11326620899983676647337866194353046        0.313440001588254695776389097657905767      
  -2.11825681737933579887704309751812559        0.314749951006466498406557382135180944      
  -2.12322651941922217025821394083820988        0.316074028248119412408913229618608825      
  -2.12817526607054309681819699815498437        0.317412438666768906836369873490199200      
  -2.13310300849116701986662648109024276        0.318765391706674583004508808266078398      
  -2.13800969804626565794158306964772390        0.320133101004431551390786017362356220      
  -2.14289528630879401293005744919860054        0.321515784493651861103988627730221165      
  -2.14775972505996832545129269877639135        0.322913664512803261264052752615329024      
  -2.15260296628974197478577885548625924        0.324326967916316908246695150144903787      
  -2.15742496219727931865295948442617502        0.325755926189080165388686190097193294      
  -2.16222566519142746816104294501322661        0.327200775564435382521432825924788730      
  -2.16700502789118599327269006233024886        0.328661757145810502276218242021665043      
  -2.17176300312617455415077488492328341        0.330139117032112529762520944856184617      
  -2.17649954393709845376888593680294257        0.331633106447020333882691032081943982      
  -2.18121460357621210719175164919468060        0.333143981872318934816271544993037545      
  -2.18590813550778042295133528435695671        0.334672005185423386415700844195383302      
  -2.19058009340853809196495143660731247        0.336217443801246598504053539641833631      
  -2.19523043116814677946240791118393308        0.337780570818571977277661579118698330      
  -2.19985910288965021540987323590031792        0.339361665171098607987834316815541483      
  -2.20446606288992717893891104945746016        0.340961011783333879531569635129234234      
  -2.20905126570014237230990792905637572        0.342578901731515973235339191893563068      
  -2.21361466606619517995995066346112357        0.344215632409756526736239210840404843      
  -2.21815621894916630820608234032050826        0.345871507701602058340493448299468737      
  -2.22267587952576230119578369235369481        0.347546838157221418655488301608550958      
  -2.22717360318875792871748672949799488        0.349241941176435647007591376069979953      
  -2.23164934554743644150493156643356390        0.350957141197816173892191285052983608      
  -2.23610306242802768969022432973982849        0.352692769894087352622382776773712562      
  -2.24053470987414410008154388857705968        0.354449166374079850162809561753928988      
  -2.24494424414721450796257768907513361        0.356226677391492507220553243136977387      
  -2.24933162172691583913194197698068624        0.358025657560731921143614319851434487      
  -2.25369679931160263792205895657468546        0.359846469580111244060463594925810858      
  -2.25803973381873443695822274701924235        0.361689484462702557004462161279830818      
  -2.26236038238530096443988715030430911        0.363555081775150714678654425929427800      
  -2.26665870236824518474755102760801534        0.365443649884770793503611056057724931      
  -2.27093465134488416820000128251419301        0.367355586215266258588268436251069799      
  -2.27518818711332778580809885909356246        0.369291297511420736838931109244046411      
  -2.27941926769289522489275956889111955        0.371251200113132889961722849263220510      
  -2.28362785132452932145628875150654486        0.373235720239181372025008341595345582      
  -2.28781389647120870521777653643983473        0.375245294281125284171809560772127660      
  -2.29197736181835775324484859653293570        0.377280369107764960116538410427600631      
  -2.29611820627425434813569555260404500        0.379341402380608390052024523156436945      
  -2.30023638897043543672697239128204722        0.381428862880810181346836330543291482      
  -2.30433186926210038532486717974786272        0.383543230848072730024551005348569582      
  -2.30840460672851212747838578782899556        0.385684998332023310176587671593591238      
  -2.31245456117339610033568604503475338        0.387854669556606156794927025270681800      
  -2.31648169262533696564612055263660733        0.390052761298055403950618134335803004      
  -2.32048596133817311149251202337897334        0.392279803277043033419984164203670022      
  -2.32446732779138893086008831805524427        0.394536338565625883536190902838054515      
  -2.32842575269050487317044607282530524        0.396822924009647365580088389049213807      
  -2.33236119696746526493089174722820672        0.399140130667282943883438523705406203      
  -2.33627362178102389567152685342397342        0.401488544264453772110256090745297999      
  -2.34016298851712736536449983497359724        0.403868765667870266258569698789089665      
  -2.34402925878929618954194033075525197        0.406281411376506968018187543752594018      
  -2.34787239443900365835122216836594181        0.408727114032351953041589303705451072      
  -2.35169235753605244580836916315106573        0.411206522951318420581465516340128975      
  -2.35548911037894896553262243505312304        0.413720304675253128122670186988792678      
  -2.35926261549527546926742927662424795        0.416269143546026183440306996015025153      
  -2.36301283564205988451539139229257498        0.418853742302739566320465330815527682      
  -2.36673973380614338763702436143680318        0.421474822703147826431771713885234319      
  -2.37044327320454570878553023577632153        0.424133126170443911204288429854909303      
  -2.37412341728482816507217104443976049        0.426829414466626253202364245637687201      
  -2.37778012972545441837925242689348937        0.429564470393730343353397375537481762      
  -2.38141337443614895426018342340266258        0.432339098524279306823817685647093885      
  -2.38502311555825327838857040322141593        0.435154125962383775572466666387984512      
  -2.38860931746507982704082998027910307        0.438010403137001931632460841155746637      
  -2.39217194476226358811936733241507793        0.440908804628956318598415555383767038      
  -2.39571096228811142924596238054183018        0.443850230033395253012653740040610975      
  -2.39922633511394912947763657547147487        0.446835604859483808811518340520414866      
  -2.40271802854446611121993735917191921        0.449865881469212824772804936533687667      
  -2.40618600811805786893527549023869504        0.452942040057324659429203923095987180      
  -2.40963023960716609126668212635524717        0.456065089674471990014614201416127728      
  -2.41305068901861647322011761511556463        0.459236069295851362251612237564645991      
  -2.41644732259395421507126213411663358        0.462456048937687031105020223396586374      
  -2.41982010680977720468554941668519325        0.465726130824083522332351383636080129      
  -2.42316900837806687996306857565013606        0.469047450606917976847016949287731042      
  -2.42649399424651676814285526855227407        0.472421178641606458275274485591457015      
  -2.42979503159885869872402190762059565        0.475848521321752815262219713078130236      
  -2.43307208785518668678413708044387464        0.479330722475875269477250356543116924      
  -2.43632513067227848349825658591812699        0.482869064829605598527619831559896524      
  -2.43955412794391479068503227782974393        0.486464871536969633091302857679332967      
  -2.44275904780119613622938001810577492        0.490119507784586912689678092292663844      
  -2.44593985861285740725427424578206831        0.493834382472872966637037438827807071      
  -2.44909652898558003793735373825535390        0.497610949978591136231474489955823753      
  -2.45222902776430184889117085024068816        0.501450712003383580573305334986781048      
  -2.45533732403252453504909463459245307        0.505355219513214691577928856351020966      
  -2.45842138711261879902208654900659300        0.509326074773986307497317111598664473      
  -2.46148118656612712691480570454751892        0.513364933488934740292025305922581356      
  -2.46451669219406420361276858658282316        0.517473507043796776157550001668434921      
  -2.46752787403721496457558564641725143        0.521653564866137717687614666829035067      
  -2.47051470237643028119462389275754003        0.525906936905671669118071190307621791      
  -2.47347714773292027679680037588643059        0.530235516242875314543958676381191943      
  -2.47641518086854527039959602356541496        0.534641261833704352111712192286536886      
  -2.47932877278610434534579242542529513        0.539126201398769758700730227774255092      
  -2.48221789472962153996987564086332279        0.543692434465922718054716801046457508      
  -2.48508251818462965747152069288747350        0.548342135575836247751098421003599397      
  -2.48792261487845169219506787529709275        0.553077557660862590047978240351941238      
  -2.49073815678047986953742711115408723        0.557901035608193000088290442642994561      
  -2.49352911610245229673039912449681878        0.562814990019155859214931313376569598      
  -2.49629546529872722176698189222587411        0.567821931177365776613669644530621262      
  -2.49903717706655489776483749632484342        0.572924463239386822067437941899093854      
  -2.50175422434634705008372786508195348        0.578125288662604213267107446399881548      
  -2.50444658032194394353738774249809802        0.583427212886118348698605507003352688      
  -2.50711421842087904706398932409029721        0.588833149281691530355910529829751061      
  -2.50975711231464129324306511105464526        0.594346124393100465788329897611867441      
  -2.51237523591893493007049342921045761        0.599969283483687097065713864259848684      
  -2.51496856339393696242691450002405050        0.605705896413468030861285408925695312      
  -2.51753706914455218069873370377092929        0.611559363868871665862658438784601920      
  -2.52008072782066577403468250475366440        0.617533223970036283187470093713671377      
  -2.52259951431739352574474618041652159        0.623631159282637734181993811122317751      
  -2.52509340377532958837213077490897283        0.629857004263439577324918593590944709      
  -2.52756237158079183599282934762750918        0.636214753171191253677713651006750323      
  -2.53000639336606479132125937274737928        0.642708568477163097930855958598528646      
  -2.53242544500964012522437883074319676        0.649342789812525177664947350855889117      
  -2.53481950263645472627064788115434278        0.656121943492977555037814048411910854      
  -2.53718854261812633796418578090856743        0.663050752664553269029846740530536401      
  -2.53953254157318676133847867767491558        0.670134148118376549479463203127741545      
  -2.54185147636731262060802282604586209        0.677377279826406108549605930215296159      
  -2.54414532411355368960033940869258569        0.684785529254870195401419831301951693      
  -2.54641406217255877671487125761679168        0.692364522517255253181584484856914320      
  -2.54865766815279916617936812463554047        0.700120144434398462483381993449538534      
  -2.55087611991078961339848550746097646        0.708058553575518202883970717554232546      
  -2.55306939555130689221346216013609921        0.716186198360965549566666212427132517      
  -2.55523747342760589191590306590766149        0.724509834315173552307781077092814982      
  -2.55738033214163326188287758839204440        0.733036542566808923443285875939019845      
  -2.55949795054423860172474650444385353        0.741773749702594627522080903497345110      
  -2.56159030773538319486135642058629578        0.750729249091787272120492914669074283      
  -2.56365738306434628346648544511824034        0.759911223809991589321277485067485943      
  -2.56569915612992888274468969078318716        0.769328271304025415366487087925625276      
  -2.56771560678065513252898597867745639        0.778989429954083284538272472199961488      
  -2.56970671511497118421211176319782524        0.788904207705680323903552079253762296      
  -2.57167246148144162104842856039555753        0.799082612962014102656093168854702838      
  -2.57361282647894340988787979803386082        0.809535187947716772938339801999236709      
  -2.57552779095685738242777777466743623        0.820273044777777659313303055174862372      
  -2.57741733601525724409257707671551149        0.831307904491036197393484337859609072      
  -2.57928144300509610867619311613642058        0.842652139336467333387013671755667363      
  -2.58112009352839055690584417610139853        0.854318818632957227310193136069027570      
  -2.58293326943840221711083324699490564        0.866321758559918284731278334925024208      
  -2.58472095283981686620414175894636527        0.878675576277524312997056261312124927      
  -2.58648312608892104920918082855456128        0.891395748822261985741460306546539672      
  -2.58821977179377621558853659495743059        0.904498677276712254346940698290076447      
  -2.58993087281439037065605438221072802        0.918001756772949725564559291165911524      
  -2.59161641226288724037813154918339367        0.931923452957795780799929371132791914      
  -2.59327637350367294789463073280231042        0.946283385626690684602605132852636026      
  -2.59491074015360020011438351326643228        0.961102420322697897930848123697396726      
  -2.59651949608212998276482908841924735        0.976402768799929710641197298378237930      
  -2.59810262541149076229992309627823255        0.992208099368622863740688629588218570      
  -2.59966011251683519309505802707157259         1.00854365827472332144073889567091937      
  -2.60119194202639432838235847617164211         1.02543640342315923925593233975405336      
  -2.60269809882162933340435156403428243         1.04291515193455759466083373631025187      
  -2.60417856803738069928866494549478965         1.06101074323424843344572790729559667      
  -2.60563333506201495617107170522946559         1.07975621961509267831891579494643655      
  -2.60706238553756888411888284541353934         1.09918702649807467499415502341908398      
  -2.60846570535989122043138377199666520         1.11934123494407341780744104510494329      
  -2.60984328067878186191872093383946086         1.14025978935564736939639556814846143      
  -2.61119509789812856078536832033342444         1.16198678375979623747181504700529414      
  -2.61252114367604111276904063405060240         1.18456977059457889347076075006877178      
  -2.61382140492498303621067038129326646         1.20806010655012728755666236302529388      
  -2.61509586881190074075582962086087560         1.23251334075754149690513965919210560      
  -2.61634452275835018441275343551604072         1.25798965150139856715070357242248874      
  -2.61756735444062101771691109698073951         1.28455433868279634483583348069043681      
  -2.61876435178985821377687213917218033         1.31227838051670935931534380979432423      
  -2.61993550299218118300102789101616701         1.34123906445566084530214614123577070      
  -2.62108079648880037132955420465702603         1.37152070414844301394135270693791427      
  -2.62220022097613134082083790220252608         1.40321545643959109584436204277760723      
  -2.62329376540590633146643760917067821         1.43642425508307011267547599514954542      
  -2.62436141898528330313350890030175569         1.47125788109699117920127118092082938      
  -2.62540317117695245655849380801239024         1.50783819367153749822659102811390494      
  -2.62641901169924023234075549004117698         1.54629955044734280839576942928524930      
  -2.62740893052621078690972997520388242         1.58679045204835299444437277742925825      
  -2.62837291788776494446406815897579572         1.62947545329569469602426681930593024      
  -2.62931096426973662390615235808365643         1.67453739295719115939620360776373471      
  -2.63022306041398673982029250955710419         1.72218000573965477512764341227819131      
  -2.63110919731849457656783726880166808         1.77263099522099855523511088912751055      
  -2.63196936623744663459737457716130288         1.82614566549727965268461261307596016      
  -2.63280355868132294809314448599734876         1.88301123376356630205197861346959560      
  -2.63361176641698087310974389529377163         1.94355197758787862580683655530683375      
  -2.63439398146773634536616814389133715         2.00813541163992053604379980988964783      
  -2.63515019611344260689720782925879438         2.07717974236369023195547431673558281      
  -2.63588040289056640078520059074941871         2.15116292007993893646377104335700952      
  -2.63658459459226163322012661501044013         2.23063370266695703958796579099397756      
  -2.63726276426844050216103306897944947         2.31622527239846809865308529646338186      
  -2.63791490522584209189677628801093415         2.40867212082262088967578900848749780      
  -2.63854101102809843282908109735202243         2.50883115486073310258546989903618707      
  -2.63914107549579802582593387758525226         2.61770830884484152277490186302018240      
  -2.63971509270654683051834965186777203         2.73649241438367893897102054080075920      
  -2.64026305699502671693858332784730146         2.86659874733322001383874300929460979      
  -2.64078496295305137992289102299088278         3.00972563885839524854196699312076011      
  -2.64128080542961971572698889162974402         3.16792896367219285957464505853094356      
  -2.64175057953096666032740380815307687         3.34372145768779941680586591949605576      
  -2.64219428062061148890696239627202924         3.54020708895973637382130634560605538      
  -2.64261190431940357604772198186834257         3.76126581772792818747966848954782219      
  -2.64300344650556561617970883933636619         4.01181226047940342893217689097066532      
  -2.64336890331473430385889535117300459         4.29816521003644537566495735009764358      
  -2.64370827113999847347291816047365310         4.62858770337774179877705358172435767      
  -2.64402154663193469799811381851805905         5.01409712337011680279346617992448322      
  -2.64430872669864034645652656730388795         5.46971717417212419899046802067422233      
  -2.64456980850576409974662450219648041         6.01648104187980547794392503397203504      
  -2.64480478947653392454654518526552209         6.68476999560296261588221205595710423      
  -2.64501366729178250501377957779604158         7.52015593934864618176802168008352970      
  -2.64519643988997013203029368328584377         8.59425186551907402463276532561356831      
  -2.64535310546720504976718029234084121         10.0264127619074828391705631399345854      
  -2.64548366247726125936802845059602600         12.0314776070890185124992352391639879      
  -2.64558810963159377957529548244317938         15.0391243588979826659436894233600383      
  -2.64566644589935136414906534923754923         20.0519349198595976651738377427987007      
  -2.64571867050738667595267755306816002         30.0776549989170884403228968833991324      
  -2.64574478294026391760481246837900712         60.1550131435210056464546596935043405      
