   9.81024967590665397665361524559557438         1.03720635365420715421707859545943245E-0036
   9.81020126430478238599785193480758503         1.03816095621208129519447573929831884E-0036
   9.81005602997697057994881706548826813         1.04102999891341447362142607715037249E-0036
   9.80981397435662274053889907452058163         1.04582923435127653200597247848937697E-0036
   9.80947509983273011879403179191724706         1.05258507581318682183362828429132294E-0036
   9.80903940974984745635452160043434837         1.06133483783683757317584537919086686E-0036
   9.80850690840805997606999881896628908         1.07212707723726215032352109668968178E-0036
   9.80787760106294094189428281111598639         1.08502203893677322574546014414009616E-0036
   9.80715149392549978849902752285812723         1.10009221228570560703357414520782322E-0036
   9.80632859416212082111808722169186334         1.11742300501129987401486077694751261E-0036
   9.80540890989449248622761022551913984         1.13711354349817903406847856328543342E-0036
   9.80439245019952721375993045414190364         1.15927760981334212437102020876096968E-0036
   9.80327922510927183164238179126120869         1.18404472777082951575132880692405187E-0036
   9.80206924561080855354520759176662008         1.21156141241908167618998631253184221E-0036
   9.80076252364614654081577628958584481         1.24199259966456011770521837371141378E-0036
   9.79935907211210403966934303716834176         1.27552327536042864216996209214431277E-0036
   9.79785890486018109479961572064446291         1.31236032613687655761091772364587855E-0036
   9.79626203669642284066539062677929835         1.35273463758479647804333981221790503E-0036
   9.79456848338127337180251757108682500         1.39690346918994306071278004863755547E-0036
   9.79277826162942019360343551306688357         1.44515313972289396244227715705550405E-0036
   9.79089138910962925509948666678767112         1.49780206170482980894535118037412265E-0036
   9.78890788444457056537416894541343767         1.55520416918722566084894080465477577E-0036
   9.78682776721063439532842233937371380         1.61775278951731438041088174118088655E-0036
   9.78465105793773806661196360244830489         1.68588501714105383386231511203542087E-0036
   9.78237777810912332962758449103075997         1.76008665597295020121323233346803192E-0036
   9.78000795016114433260821085233771140         1.84089780661402667894427568963261436E-0036
   9.77754159748304618385938217064438832         1.92891918593131753468316563466730291E-0036
   9.77497874441673410935265284023389705         2.02481927946474482136846135318597757E-0036
   9.77231941625653320794823652333996881         2.12934244208078204435478778426766533E-0036
   9.76956363924893880661801255484304927         2.24331807957521436238872433155694949E-0036
   9.76671144059235741813278755697274420         2.36767106392392927664502471346479248E-0036
   9.76376284843683830377045531113213956         2.50343355804147487332325734668559741E-0036
   9.76071789188379564369442258478712724         2.65175845276054888121471880533938554E-0036
   9.75757660098572131774436711400205063         2.81393464991216284151705589039145418E-0036
   9.75433900674588829947406538175465795         2.99140446159532925591437059919337531E-0036
   9.75100514111804466636367129399905575         3.18578343783485828545037676821739673E-0036
   9.74757503700609822922644142521129279         3.39888298384676935964302773646607262E-0036
   9.74404872826379178392248726878023995         3.63273618525410787645346939846367274E-0036
   9.74042624969436898858468897132200193         3.88962732622705848344567013864712095E-0036
   9.73670763705023086965442744032843184         4.17212566331999337399517170667114912E-0036
   9.73289292703258296011728157835048243         4.48312410870659587342951043916230709E-0036
   9.72898215729107307342129380132740605         4.82588358289409818368411419777530786E-0036
   9.72497536642341971665282903119596579         5.20408392157863329732790841793319724E-0036
   9.72087259397503114663743910138170138         5.62188236734542573473737645258017955E-0036
   9.71667388043861507272549506636677912         6.08398084828805953951573042921843826E-0036
   9.71237926725377901011466335178369324         6.59570344691462183143961171339801967E-0036
   9.70798879680662128765357710830438706         7.16308569938718287890447421660203735E-0036
   9.70350251242931271416329063025908907         7.79297764370483022146078504838114687E-0036
   9.69892045839966890740530135809145061         8.49316286363190290081062137308973932E-0036
   9.69424267994071328991707989249233898         9.27249616222373715457168826513814213E-0036
   9.68946922322023075602816269781265416         1.01410629557296244552887727446347977E-0035
   9.68460013535031201446193385400492693         1.11103640186183728313458060523240491E-0035
   9.67963546438688861102025042117427276         1.21935298492139386473335936662391995E-0035
   9.67457525932925863594004980055001655         1.34055696817842039739493861497312539E-0035
   9.66941957011960312060301600247694060         1.47636610674633686959889633505752114E-0035
   9.66416844764249312837127405847347487         1.62874870101721680001060312388511769E-0035
   9.65882194372438754441392703357303276         1.79996289072183361769915552407652973E-0035
   9.65338011113312156948104730057895525         1.99260250465487641103745973875642427E-0035
   9.64784300357738592267348202352173167         2.20965062006345838580251227933153364E-0035
   9.64221067570619675834853125799071001         2.45454219872236221244567719927363745E-0035
   9.63648318310835630239320480609490728         2.73123742078046182444763836765752520E-0035
   9.63066058231190421318836005906220967         3.04430764077549157235353991103782125E-0035
   9.62474293078355967267856661689720648         3.39903625269893712882118752768503674E-0035
   9.61873028692815421305403358858686697         3.80153718463860560326996641640886300E-0035
   9.61262271008805528464237124509991015         4.25889426283757486325142146206657885E-0035
   9.60642026054258057069933921843580633         4.77932530754838129503990769354631485E-0035
   9.60012299950740305487905781135421531         5.37237557011968659846372659149706499E-0035
   9.59373098913394684725542630282034435         6.04914601815940224266853298886614979E-0035
   9.58724429250877377485770150286492049         6.82256305474349146664678055309360022E-0035
   9.58066297365296074277434032727929679         7.70769755661887384563494601006960075E-0035
   9.57398709752146787197030092772802866         8.72214268158693053416623059816022772E-0035
   9.56721673000249742005402702743390215         9.88646178327350423282998946751129836E-0035
   9.56035193791684349132130867814338925         1.12247200512048525557981976928069970E-0034
   9.55339278901723254249411877279089352         1.27651162496177394320776167688577840E-0034
   9.54633935198765469066336742294117358         1.45407342624719412131616088266613105E-0034
   9.53919169644268583003529484411946675         1.65904381903272840166388292256863639E-0034
   9.53194989292680056417193678959076235         1.89599396408506226943625632063173501E-0034
   9.52461401291367596050674393871848136         2.17030717971026546102704615554042664E-0034
   9.51718412880548613400701708506593812         2.48833120674244139505638127354332878E-0034
   9.50966031393218766694533258790877601         2.85756039012578137848922748539517646E-0034
   9.50204264255079587183257645548022500         3.28685390449998729477402182387307548E-0034
   9.49433118984465190465557972642859086         3.78669745395017171812376140060235242E-0034
   9.48652603192268073565265161567012468         4.36951746535829205592739052590508762E-0034
   9.47862724581863998495053930080824248         5.05005873559469423842916007851715174E-0034
   9.47063490949035963047650335500442284         5.84583886528859034011753825726670737E-0034
   9.46254910181897259564928479178312969         6.77769571509692456676661659819361706E-0034
   9.45436990260813622444275258761065433         7.87044767657132981068059762125758437E-0034
   9.44609739258324465150595850081495672         9.15369091020601439048844068766400423E-0034
   9.43773165339063207511318812285920230         1.06627630553685147293702398669303157E-0033
   9.42927276759676694080738249324267873         1.24399094927328640158261614048109094E-0033
   9.42072081868743704369001239623388178         1.45356963275429200392563898843898295E-0033
   9.41207589106692555740011675086174619         1.70107242191166268615742595597973648E-0033
   9.40333807005717799791476642049769599         1.99377094528707730943463944964429363E-0033
   9.39450744189696013039268442113162441         2.34040137886389506777634556587257208E-0033
   9.38558409374100682737214201504985105         2.75147233115368580362626037947360758E-0033
   9.37656811365916188672355665683407854         3.23963996170108866986182543518975619E-0033
   9.36745959063550881784644132999838568         3.82016552502031226357177965561869399E-0033
   9.35825861456749260468949459456582940         4.51147407276713123531649078831139242E-0033
   9.34896527626503245426167577868351938         5.33583743668802168783903846961907238E-0033
   9.33957966744962553939107931204717133         6.32021006248552760189603217546545283E-0033
   9.33010188075344174457730533735934465         7.49725303176937549024421557907813744E-0033
   9.32053200971840942387181957103919651         8.90659002353400476901352355631692618E-0033
   9.31087014879529217980950303955666597         1.05963494393027195867587891940769435E-0032
   9.30111639334275667250321091757155768         1.26250599634498953501507352666853551E-0032
   9.29127083962643146810168836388854159         1.50639831009806247220138640091165676E-0032
   9.28133358481795693589962911735012448         1.79999865451497468025471301194494265E-0032
   9.27130472699402620347700880433528611         2.15390876039086936333007989021277817E-0032
   9.26118436513541717933307855057044794         2.58108276515157916340656673941776664E-0032
   9.25097259912601565256856471146395005         3.09736783019223821760019526986329873E-0032
   9.24066952975182947925768646703943446         3.72217297839571533656240847828150365E-0032
   9.23027525869999386523957380059235673         4.47929744376169375861884923715042835E-0032
   9.21978988855776775514654312619107568         5.39795766369618346764299623217923389E-0032
   9.20921352281152133757446568180165333         6.51406189431509936747114491758832822E-0032
   9.19854626584571467638814389580125976         7.87179381765273246895449685263215690E-0032
   9.18778822294186747824219239959223628         9.52558210572490135445526311482773112E-0032
   9.17693950027752000648540233354339178         1.15425525585447097009595043906714228E-0031
   9.16600020492518515170394921415545040         1.40055842190148870156839825231208457E-0031
   9.15497044485129166924608503475227846         1.70171221567022733268526808209258479E-0031
   9.14385032891511859415813359871626833         2.07039391469847711343005443340723421E-0031
   9.13263996686772084404868347290026915         2.52230884698681792549258556331790988E-0031
   9.12133946935084602048484453996054650         3.07693533398636397782897627220285476E-0031
   9.10994894789584241961130106359126186         3.75845786583684694528113176629594213E-0031
   9.09846851492255826276965560265900440         4.59693724521737743691937009169753473E-0031
   9.08689828373823215798221316273593715         5.62977934004730841953938336194500440E-0031
   9.07523836853637480325090280126179360         6.90358047674507477020582665460654803E-0031
   9.06348888439564194270847365133594911         8.47644834552362408110928038918545452E-0031
   9.05164994727869858674543314582593048         1.04209238073178075087981155651065397E-0030
   9.03972167403107450732241625602753109         1.28276627645441323754885171937602015E-0030
   9.02770418238001101976378495655742376         1.58100803061893191918711467482413850E-0030
   9.01559759093329906241425604062704222         1.95102142556633903325430761443627120E-0030
   9.00340201917810858562624198856178248         2.41061353690060693029395219313322095E-0030
   8.99111758747980926163136298972671075         2.98213210336148721461806384434654483E-0030
   8.97874441708078252693524758734978894         3.69365239119606445704889814852818866E-0030
   8.96628263009922496896028391167305077         4.58048136515208886266041408652017406E-0030
   8.95373234952794306874641224512138324         5.68706576760265145514406185115650724E-0030
   8.94109369923313931160536188061006160         7.06941479604404641018975354716902931E-0030
   8.92836680395318967770893004871886407         8.79817897660473442121141866199581302E-0030
   8.91555178929741252467697726040393368         1.09625665188221321052245970889824988E-0029
   8.90264878174482887431577089952723555         1.36753294391318142113632808524989830E-0029
   8.88965790864291411574214646526137911         1.70791173339913381071691535812435816E-0029
   8.87657929820634113721367267106204833         2.13545811078677055004304517199752068E-0029
   8.86341307951571489906960181827094753         2.67307177055464732170432852528177876E-0029
   8.85015938251629846027185964359807512         3.34980870742120567362408773443838469E-0029
   8.83681833801673047111967835702130167         4.20257134091139214691801903408936969E-0029
   8.82339007768773414479570200753788749         5.27827161801067950662568091170939433E-0029
   8.80987473406081772048549380743576489         6.63660180256344526938133419892449406E-0029
   8.79627244052696643089634978128430199         8.35358665119544699403710988619182733E-0029
   8.78258333133532598708517125487812674         1.05261411216758554267843611682147418E-0028
   8.76880754159187759358886943435589900         1.32779230725400630346064497585704613E-0028
   8.75494520725810450693436782036906671         1.67668550333021092940530278413940858E-0028
   8.74099646514965015068873163146916106         2.11947988366302682153183868585665367E-0028
   8.72696145293496780029328695106603083         2.68200092453674595382987627990458559E-0028
   8.71284030913396185100879514091489248         3.39731775080842040570676614023784881E-0028
   8.69863317311662068238181935993909596         4.30781158632977477491197788917854116E-0028
   8.68434018510164113272535897040776967         5.46784461308473816531745053404641633E-0028
   8.66996148615504459718963338548919800         6.94720615562175408871380997437039606E-0028
   8.65549721818878476308156869573233942         8.83556596061697617687670325990139000E-0028
   8.64094752395934699617407739115316469         1.12482331852571656087137456282937742E-0027
   8.62631254706633939182862285571289449         1.43336094369065112056866499939306071E-0027
   8.61159243195107550483682523880347161         1.82828412285740340729066050380113211E-0027
   8.59678732389514877196899299198021349         2.33423299253317005091148129612867809E-0027
   8.58189736901899864129945398803535277         2.98299566602576715390333442501670396E-0027
   8.56692271428046842246041090438465734         3.81561402261437227272413657718967699E-0027
   8.55186350747335487205775664580850141         4.88511865370036552631219677281669298E-0027
   8.53671989722594952856385619639296847         6.26008337602802564009695684580859196E-0027
   8.52149203299957181108373062198714260         8.02924802975275685863985559071651935E-0027
   8.50618006508709389647236618895458736         1.03075346344653377107171591284015088E-0026
   8.49078414461145738936201592017824912         1.32438820202693362349714510454870170E-0026
   8.47530442352418179973936157431637472         1.70314552035377169983088214268890415E-0026
   8.45974105460386484279326020975870670         2.19209578022600301530767719070269715E-0026
   8.44409419145467457583451038257949529         2.82380015389965822872184760633298495E-0026
   8.42836398850483338716963783144268664         3.64057832921882324462274910228489145E-0026
   8.41255060100509385189111842674308494         4.69747095400058567012256750176825508E-0026
   8.39665418502720646962672641257285565         6.06611198068581582560164351859005375E-0026
   8.38067489746237929937081775615034355         7.83979336595359278433005765101309883E-0026
   8.36461289601972950660033094936838521         1.01400931082776089465154636545156125E-0025
   8.34846833922472683795811009181522087         1.31255541236479824096415740205081028E-0025
   8.33224138641762903886582673617733634         1.70030548841127486152572034540033186E-0025
   8.31593219775190922950829700902283977         2.20427148550984704840461586171479529E-0025
   8.29954093419267525471035814775580360         2.85974441305774088422594999585990248E-0025
   8.28306775751508102330668303469991917         3.71285978538230348297750720858306623E-0025
   8.26651283030272985268397177999926163         4.82396592295103216373074881764547612E-0025
   8.24987631594606983425386512601994783         6.27204861625666456673734901149109502E-0025
   8.23315837864078123569367463843160398         8.16054634093773492424332053998570065E-0025
   8.21635918338615595587061853590888487         1.06249967609636039369283604757577572E-0024
   8.19947889598346904844368881573123359         1.38430960105714400864813924940630100E-0024
   8.18251768303434233021555428233378770         1.80479382529704472932336103350846096E-0024
   8.16547571193910009038502440749228233         2.35454489095717981649783670900182206E-0024
   8.14835315089511691692855987329393537         3.07373501295372816477613165913792222E-0024
   8.13115016889515765641711640291181940         4.01514272273737360927362282147396276E-0024
   8.11386693572570952365224830160000313         5.24814340289298209910771168321402063E-0024
   8.09650362196530637758287624498726669         6.86397285146444262482560575182477398E-0024
   8.07906039898284518004143949899059034         8.98267277577648810413814460388014851E-0024
   8.06153743893589465391530517242185818         1.17622592420281652506708971836234060E-0023
   8.04393491476899615744629552815883259         1.54108301470803557479691375247482750E-0023
   8.02625300021195679142801805175008137         2.02025597311441553918445289298324071E-0023
   8.00849186977813475614734113930428505         2.64988355954924271110443405279149055E-0023
   7.99065169876271697499285016289221362         3.47762012956086352195749243512245259E-0023
   7.97273266324098900172944354652050546         4.56633081008570726534569594441895019E-0023
   7.95473494006659722851438558572448382         5.99897964427525210440416332404424044E-0023
   7.93665870686980341180612131733273027         7.88509786845775924486830446492933473E-0023
   7.91850414205573153339297804300257664         1.03693456871380563974835510755105094E-0022
   7.90027142480260701384452738240712114         1.36428484001976902246175006386764252E-0022
   7.88196073505998829576386023284301877         1.79582100540886399049111219986146079E-0022
   7.86357225354699081429433399658200363         2.36494029314375578357393964199309595E-0022
   7.84510616175050337240948616225802919         3.11581230737015950969078156688170951E-0022
   7.82656264192339693858977005041699658         4.10687224263991628531389227587905739E-0022
   7.80794187708272588456455651621500343         5.41545193360510562459065533194516431E-0022
   7.78924405100792168087245890600700496         7.14392071359744933822216563528742841E-0022
   7.77046934823897906806747685281525068         9.42783000245378217392296396122305999E-0022
   7.75161795407463472147271683373035482         1.24467175498102610504513962547580597E-0021
   7.73269005457053842745753306723766892         1.64384425004981934456231355786026288E-0021
   7.71368583653741678928784056908264919         2.17182084340484379345992396624262451E-0021
   7.69460548753922948067308228214635011         2.87038115319363304166127626229953202E-0021
   7.67544919589131806520688342120991639         3.79491559703749833204815531295145355E-0021
   7.65621715065854739997179780152396325         5.01887496205224753124410618450441093E-0021
   7.63690954165343964165174222661682360         6.63967847718624108228836149182457469E-0021
   7.61752655943430087356872527340600885         8.78655934381982485541325940777893688E-0021
   7.59806839530334037213330531083814154         1.16309841260604826277040369740810295E-0020
   7.57853524130478253127085860318622662         1.54004916151414477485036886676376680E-0020
   7.55892729022297146345820116379247359         2.03970747733247328168994490852333106E-0020
   7.53924473558046829607738692428137854         2.70215987237204710635777383733432328E-0020
   7.51948777163614118186559905471778491         3.58062384840580204488330152111180513E-0020
   7.49965659338324804231196020030684222         4.74575720772143212386396830290724422E-0020
   7.47975139654751206292381028031504011         6.29138306669805748975472043219003363E-0020
   7.45977237758518995935653661705800333         8.34209576467141121122710170395340419E-0020
   7.43971973368113303347238982101877309         1.10633656283626759262268451628878687E-0019
   7.41959366274684103846487934824747605         1.46749634153708068011453044265170251E-0019
   7.39939436341850887225631426582421195         1.94687946087070098993726310477935496E-0019
   7.37912203505506611844683680988057754         2.58325913025475802738159461300932170E-0019
   7.35877687773620945416388809988105243         3.42813840225672470399260956115000295E-0019
   7.33835909226042794423144618585134805         4.54993056552299477780751841000584403E-0019
   7.31786888014302124114858575717894103         6.03951153274339415690760493380378825E-0019
   7.29730644361411071043692563956563537         8.01759386207437574441630306508477679E-0019
   7.27667198561664350098635395964536203         1.06445190702468841368523720208539168E-0018
   7.25596570980438958009805087556044863         1.41332598340073237111931916156008041E-0018
   7.23518782053993175299326436919598907         1.87666820877813364685769839322161522E-0018
   7.21433852289264868662553508650349862         2.49204594869553542352111814935690042E-0018
   7.19341802263669095770311091302595990         3.30934864310117098894226012390491526E-0018
   7.17242652624895014489714020092340907         4.39482368038353276848787157828293108E-0018
   7.15136424090702098527988364198712846         5.83643113289822591094720665381067761E-0018
   7.13023137448715661510563803076283016         7.75094697507506018946003636443847333E-0018
   7.10902813556221691511531990737309131         1.02933837849662529130383646952389370E-0017
   7.08775473339960998061371263728985906         1.36694823009369804811000249078694078E-0017
   7.06641137795922673663623620347816541         1.81522710024116939787927150784191064E-0017
   7.04499827989136871858975418530368872         2.41040131411338805395749673942069058E-0017
   7.02351565053466903881938641064002800         3.20052864527800648602556539892892514E-0017
   7.00196370191400655962054792698259835         4.24935031725964593465151043235680687E-0017
   6.98034264673841329328248458032326758         5.64139204696392266060888718828735084E-0017
   6.95865269839897504981642195531032119         7.48871712529314828534822237194352565E-0017
   6.93689407096672535308808705706450192         9.93986377851294061139042316424001773E-0017
   6.91506697919053264614080024620775966         1.31916694638067833494492971706212535E-0016
   6.89317163849498080656156791846963383         1.75049093260606939147161316601526569E-0016
   6.87120826497824299280863359497390101         2.32249718509819870131744556303598508E-0016
   6.84917707540994884248476580731383995         3.08091841911177748842582747929243377E-0016
   6.82707828722904504360617477317421368         4.08629120881015339461469046253937418E-0016
   6.80491211854164929998235571597203322         5.41872332574656510852614453567018546E-0016
   6.78267878811889771188735414023683206         7.18418689496710017964344200800873996E-0016
   6.76037851539478559326793678976213355         9.52282221229990102613120038996752558E-0016
   6.73801152046400174679893074652342472         1.26198898538289726201254566653703014E-0015
   6.71557802407975621816056153563446126         1.67202091868495320402392462514798364E-0015
   6.69307824765160155097697854793898116         2.21471842862287418504893965980956070E-0015
   6.67051241324324756391930194202681746         2.93278627875978265052226429204880768E-0015
   6.64788074357036967154045880842843787         3.88259244275277641433798107980983267E-0015
   6.62518346199841077047279713948101562         5.13850865815056098704541261511606355E-0015
   6.60242079254037671268297341997401355         6.79861865228698402176245141036395396E-0015
   6.57959295985462538754190280938195428         8.99222096907470573887965551202406496E-0015
   6.55670018924264943453063930159849782         1.18896851853675231879540228933353901E-0014
   6.53374270664685260846591630004077464         1.57153924041586144100681158954742790E-0014
   6.51072073864831981919172511436317170         2.07647153627458107558455714314035943E-0014
   6.48763451246458086774573935150405401         2.74262860017136602973741900825055451E-0014
   6.46448425594736790107160642222392745         3.62111792470052846678980735444691724E-0014
   6.44127019758036660741012280065946450         4.77911373866177806954618579773375402E-0014
   6.41799256647696117456408664684501688         6.30486038092550687202085975696970351E-0014
   6.39465159237797303329317932092790438         8.31421719735698074902382858323011225E-0014
   6.37124750564939340815656557537410434         1.09592142016550276111852847845218291E-0013
   6.34778053728010969818202020244309138         1.44392286508625828422462116834487798E-0013
   6.32425091887962570980128603539472459         1.90155752683031726716273127714711466E-0013
   6.30065888267577576455204385224699210         2.50305392140068167478049823385561455E-0013
   6.27700466151243270410732831158729157         3.29321866215449948898166805458241251E-0013
   6.25328848884720981525345496429893193         4.33066825725556688458818653815359956E-0013
   6.22951059874915669749753103864416143         5.69203563881525381180971751080187472E-0013
   6.20567122589644909604540649669383593         7.47744118970787197269662036683294146E-0013
   6.18177060557407272295048121756981975         9.81760278786509181757585774538831641E-0013
   6.15780897367150108929311848954263915         1.28830684824878185957761449114705816E-0012
   6.13378656668036737130952370309789050         1.68961956997052918903173141665375120E-0012
   6.10970362169213033344782964727133153         2.21466810760817885840764013030499019E-0012
   6.08556037639573433138778554070783714         2.90116762513451072573012542946701018E-0012
   6.06135706907526341811887529811519158         3.79818213499213147246253753827357994E-0012
   6.03709393860758957622989096539549056         4.96949073931420993468906120714031573E-0012
   6.01277122446001509962095917833005125         6.49793642752491847417704982331648386E-0012
   5.98838916668790914790676133810867489         8.49103910413127461545015181229289109E-0012
   5.96394800593233849683720138233239691         1.10882336497339359256006173328355448E-0011
   5.93944798341769250811905799474851096         1.44701946734001560257578789486065759E-0011
   5.91488934094930234207921027553805970         1.88708380069650945884407523704267047E-0011
   5.89027232091105443666684672338699022         2.45927522414114099919955642293039126E-0011
   5.86559716626299827634865630003433558         3.20270209185522069059144374951387470E-0011
   5.84086412053894847450735679899413629         4.16786589295045265460838524000242742E-0011
   5.81607342784408119301003916647707522         5.41992197324392911700248343070742893E-0011
   5.79122533285252492266869627027727786         7.04285513365050626996618493454775782E-0011
   5.76632008080494564837096032992936672         9.14482112949915983111817173009881802E-0011
   5.74135791750612642271449425948094798         1.18649722523355871921399338228002083E-0010
   5.71633908932254137203366798578326223         1.53821697884601047817467837741726590E-0010
   5.69126384317992415876210084561582984         1.99260926045474848447669215616367565E-0010
   5.66613242656083092412936489189494023         2.57913848587513860729166673294490867E-0010
   5.64094508750219773524462081266848906         3.33556536293206404775708753687633877E-0010
   5.61570207459289256067419764890593887         4.31023374482546818115653938448124013E-0010
   5.59040363697126179867412905293062608         5.56497296453692027790733703905502223E-0010
   5.56505002432267138229242192573830139         7.17877687708751377245093444962867308E-0010
   5.53964148687704248560935737778107941         9.25246178260144977057344819100322601E-0010
   5.51417827540638185543740854580808460         1.19145563814396752009519407843865299E-0009
   5.48866064122230679285540434214603156         1.53287402790282579671509211752989494E-0009
   5.46308883617356480900437218884633041         1.97032261938066851596750973579440440E-0009
   5.43746311264354797962505567626615535         2.53025784437272257955960699273297214E-0009
   5.41178372354780202286942436511487769         3.24625807780277539678208931059690489E-0009
   5.38605092233153012497057210639431591         4.16089153865382378844783445332627924E-0009
   5.36026496296709153840723677099125036         5.32805982696402302804926648609358102E-0009
   5.33442609995149497725076764833802054         6.81593417228151581303820910700009261E-0009
   5.30853458830388683443371648233612631         8.71062916944408483562704993812731661E-0009
   5.28259068356303424573033365583765186         1.11207927307091184373699301899757147E-0008
   5.25659464178480302529011190800891107         1.41833325212887911935955674633317324E-0008
   5.23054671953963049761613566988381263         1.80705498639861108422517042072762118E-0008
   5.20444717390999325093036413279436855         2.29990139042619158815779623197057340E-0008
   5.17829626248786983691810002501082500         2.92405839909676033160649044722693751E-0008
   5.15209424337219844189377326913166147         3.71360794485374897830575773948966405E-0008
   5.12584137516632955447979873426650324         4.71122063901102883845538904332781908E-0008
   5.09953791697547365493964969302428918         5.97024847228875635105320678382740786E-0008
   5.07318412840414395135542285637052327         7.55730794714387357601885579752963540E-0008
   5.04678026955359418788905650461578775         9.55546342070457926141674365587009321E-0008
   5.02032660101925155041499977766133356         1.20681436821017900469925067587187751E-0007
   4.99382338388814469486051815213340297         1.52239526225380622603282889216127546E-0007
   4.96727087973632692363795703962617769         1.91825681058578906201203247510806044E-0007
   4.94066935062629453560117181385209756         2.41419627662207327983782700206282107E-0007
   4.91401905910440037500596794244847803         3.03472275472329374208515623347618519E-0007
   4.88732026819826260500177879136919338         3.81013346146128180893860803642404587E-0007
   4.86057324141416873122894061853956351         4.77782422618905149253284068874370776E-0007
   4.83377824273447490114280381359841322         5.98388222216037050610519976155094778E-0007
   4.80693553661500050473254610941129966         7.48501812419454447238251854914364243E-0007
   4.78004538798241810234892682842671239         9.35090559692258601233113160895391376E-0007
   4.75310806223163870540134077517661726         1.16670085412021614541553023124150559E-0006
   4.72612382522319243573039569011265571         1.45379911131206173691973336704926911E-0006
   4.69909294328060458950784778684755828         1.80918224642023057098411475227742119E-0006
   4.67201568318776713156108535457973835         2.24847077436024777721022832592802598E-0006
   4.64489231218630564606445027237733086         2.79069994897917493962899577045150447E-0006
   4.61772309797294176958453110696888805         3.45902694815837198098012262375408881E-0006
   4.59050830869685113251114880814089035         4.28157507991782287041634623846265632E-0006
   4.56324821295701683495008643571825789         5.29243936655862816427620313131306188E-0006
   4.53594307979957848319768741187973687         6.53288170092812387350488029093998376E-0006
   4.50859317871517681296126205725206072         8.05274810253551989771386648817242472E-0006
   4.48119877963629392553279920639624811         9.91214547224250611546178883492055434E-0006
   4.45376015293458916316677807805585799         1.21834206912113070677548405843177199E-0005
   4.42627756941823064995591487054300233         1.49534909674311899997583668851262872E-0005
   4.39875130032922252454145833811284976         1.83265810301544628503690720858392094E-0005
   4.37118161734072789103716845790222772         2.24274301290320618872927337565985632E-0005
   4.34356879255438751458837179932869749         2.74050398190316523169480773668382121E-0005
   4.31591309849763428802948594167915652         3.34370421974232591364897828364311572E-0005
   4.28821480812100349614514283645084752         4.07347775788046485683303446470905469E-0005
   4.26047419479543890408151696691005994         4.95491804975955874490567903601147579E-0005
   4.23269153230959469649567810895365513         6.01775833342441042793266338114883749E-0005
   4.20486709486713329407174003793094170         7.29715576554340084107938944162247193E-0005
   4.17700115708401907407326525143305078         8.83459243814286684978103258247727199E-0005
   4.14909399398580802164181128660264578         1.06789074937474811221011995018390850E-0004
   4.12114588100493333859166610327501553         1.28874756346098555437735161464606823E-0004
   4.09315709397798703649071788485070980         1.55275483443533514997190162574084216E-0004
   4.06512790914299754085703808344388947         1.86777750654080228809411819697717573E-0004
   4.03705860313670333334012521338312781         2.24299223548050749302335677269223992E-0004
   4.00894945299182265879486038900949329         2.68908096171411366575643585055525320E-0004
   3.98080073613431932419506352298474973         3.21844803203290303358647329589825298E-0004
   3.95261273038066461637211106667583610         3.84546275606647511923859718011732101E-0004
   3.92438571393509536560238180393060676         4.58672923720226812315816843802262678E-0004
   3.89611996538686818210533612564319410         5.46138521725268505777464061455653046E-0004
   3.86781576370750989255180603949639901         6.49143151035652945073425253095966041E-0004
   3.83947338824806420371957753437062304         7.70209336237067552723593693127528591E-0004
   3.81109311873633462047058345197104958         9.12221474486800881566833355648128325E-0004
   3.78267523527412364526099335173756044         1.07846861646015972350530607384448681E-0003
   3.75422001833446828643218662420259410         1.27269060262646249344234229328739677E-0003
   3.72572774875887190256702595043913893         1.49912749147648840566867271813998580E-0003
   3.69719870775453241023200976153624485         1.76257213494731682201358860542561688E-0003
   3.66863317689156688246177426525329903         2.06842565941406979294866592447450505E-0003
   3.64003143810023256537803752289774584         2.42275549708382393443922606300745208E-0003
   3.61139377366814434037042962647031760         2.83235548147273371625392034018274880E-0003
   3.58272046623748865930173389532128729         3.30480737118321988949990633872562762E-0003
   3.55401179880223398023487383672685805         3.84854299809283863621960731201172030E-0003
   3.52526805470533773121351905236756704         4.47290604944378904767335215447862325E-0003
   3.49648951763594982966244998179018260         5.18821228886396016590494482796880892E-0003
   3.46767647162661278500781601636220225         6.00580680040709643214199739565874122E-0003
   3.43882920105045841215114375747065148         6.93811660440257900201025568493785828E-0003
   3.40994799061840118346440169794921634         7.99869674728092294249018643349182114E-0003
   3.38103312537632824700660404580689772         9.20226771362056922742391204802391729E-0003
   3.35208489070228613869533945683925090         1.05647417525820406169027438822200967E-0002
   3.32310357230366421619923977289000791         1.21032354589869811428728218110010315E-0002
   3.29408945621437484234975915335823859         1.38360657091508312183877646791815993E-0002
   3.26504282879203034590271491968047583         1.57827258320746353282407258186123029E-0002
   3.23596397671511678751184768933260919         1.79638387079286059220194095485298340E-0002
   3.20685318698016455880818964347784099         2.04010833393598136792697346070477002E-0002
   3.17771074689891584251028573953384387         2.31170913496342427413530590413467398E-0002
   3.14853694409548896152129303816057238         2.61353098385935855578378151311242805E-0002
   3.11933206650353964499968775771637993         2.94798270872695690794894619332858494E-0002
   3.09009640236341923942073789505371921         3.31751577596415873002329780203972344E-0002
   3.06083024021932989267605095931244113         3.72459845204459171841938278639122109E-0002
   3.03153386891647673928838125753336618         4.17168533857956546533370325045544195E-0002
   3.00220757759821711484847895260431462         4.66118206624039216915902420297199308E-0002
   2.97285165570320682781008349314683631         5.19540500236527654821881238683433746E-0002
   2.94346639296254351680820670207443958         5.77653591266297095809844051937301097E-0002
   2.91405207939690712169461551906226477         6.40657162005912271919850094328363251E-0002
   2.88460900531369749651291083816810936         7.08726882373374954283548528324635711E-0002
   2.85513746130416919266380678418555852         7.82008437862866374889791419650166591E-0002
   2.82563773824056344053914385159122835         8.60611148947282679941747964169491349E-0002
   2.79611012727323735793081931252096932         9.44601244236288381637996055157190362E-0002
   2.76655491982779041354818891218016781        0.103399486791224548828715582797469203      
   2.73697240760218817400458484132416826        0.112875092122555616005397290591236979      
   2.70736288256388336266040603855924589        0.122876385776976915294647433478469450      
   2.67772663694693425873676776559830603        0.133385657242965554615343224737078418      
   2.64806396324912046513994785440922326        0.144377354377164616426135648352903264      
   2.61837515422905607346283678733617320        0.155817440861220831298007362649277625      
   2.58866050290330025465528758344429662        0.167662816486586148726007025180008524      
   2.55892030254346530388066907299747397        0.179860821378348410297787664015636344      
   2.52915484667332216810105229636490341        0.192348846453297985612102903873605677      
   2.49936442906590348495830421577971798        0.205054073190271909741675439343033270      
   2.46954934374060416154292543303715144        0.217893366086521118078155255514214775      
   2.43970988496027952166674892099899098        0.230773340897999855697678688841659700      
   2.40984634722834105027961466202809068        0.243590630834135326730706100370776800      
   2.37995902528584976369385030536234540        0.256232371226752755811404848949994559      
   2.35004821410860723430382027389190759        0.268576920757950967651350222920631599      
   2.32011420890424429851095493755922641        0.280494834067857138590112922078387597      
   2.29015730510930747658753729718540466        0.291850096444745652482867476879808365      
   2.26017779838634313323510686326210522        0.302501626324640596630995026149799666      
   2.23017598462097940761563884625796253        0.312305045519738294095147925413889341      
   2.20015215991900594165567117819593872        0.321114710509315008568656635883441971      
   2.17010662060345143544528204238974931        0.328785990850344570047595424573863719      
   2.14003966321165905857526628481568910        0.335177772919305878070974129019782062      
   2.10995158449235974627702010498045900        0.340155158938180083120987209164297692      
   2.07984268140274340925051956747517620        0.343592322757677395226880590487498013      
   2.04971325110552808608636953164156849        0.345375475393485345334286730132667136      
   2.01956359096602706720820536269291253        0.345405885090711781200620570496699145      
   1.98939399854921401928175006282002402        0.343602889006600030673535272677912678      
   1.95920477161678613905656404767925985        0.339906826749564185135056564217056299      
   1.92899620812422536562597349743295782        0.334281820301954229652527919416180075      
   1.89876860621785768010982584024186134        0.326718320594502814503185330850628322      
   1.86852226423191052178359729066666753        0.317235338492786619834278519504806286      
   1.83825748068556834969596727951966874        0.305882277480158886121027128106959407      
   1.80797455428002637883527789184265930        0.292740287124290233974408806203773157      
   1.77767378389554251992331289522779387        0.277923060696770609627110202883028552      
   1.74735546858848755193256041382878970        0.261577007220015699614527089880947315      
   1.71701990758839355644056560914781424        0.243880737815741510695596115810438809      
   1.68666740029500064295213469488034514        0.225043818516550267980975866737587337      
   1.65629824627530199433701907044339671        0.205304756579142339576301836716325292      
   1.62591274526058726154728813982692853        0.184928204610630411789808598105434593      
   1.59551119714348433679489132545817237        0.164201386194869579257879869550679868      
   1.56509390197499953438591373005916341        0.143429767789962912774213425698211027      
   1.53466115996155620842374568505644874        0.122932023970717388787232788649053166      
   1.50421327146203183660881389686033121        0.103034366030980686897766091830141107      
   1.47375053698479359937766091000620000         8.40643268827865334360217999999631675E-0002
   1.44327325718473248363900999932647039         6.63441173721470438023655938510344414E-0002
   1.41278173286029594037901423543123873         5.01836898125642654094923797923301387E-0002
   1.38227626495051912542216119510130574         3.58736629347500172042388468285048208E-0002
   1.35175715453205475264828846987280847         2.36782777890474191131217929542463334E-0002
   1.32122470281620158897985962410500116         1.38285656749110034480369702027309195E-0002
   1.29067921114593162046705543301255476         6.51591623330041459001485309965425721E-0003
   1.26012098099291591881135095920740349         1.88623584114158999549600143941634123E-0003
   1.22955031395454923768107517378577922         3.48829336313544629708814526610268844E-0005
   1.19896751175097336818498626832455954         1.00255754178644730687702707454038334E-0003
   1.16837287622209928288214241358808948         4.77230703447673750644709998838065078E-0003
   1.13776670932462809771830437842284650         1.12677888536898197620161074687980378E-0002
   1.10714931312907088129077301022551195         2.03529041915628355128910383664020663E-0002
   1.07652098981676734085494098136558509         3.18328845516764716833407405149384537E-0002
   1.04588204167690341449692431174616161         4.54568766489391261194889579321401487E-0002
   1.01523277110352779890743487688047461         6.09220310160382979994635132004268967E-0002
  0.984573480592567442202560296898146963         7.78790570661631528307073630319614762E-0002
  0.953904472738842031247332171091716906         9.59391634339306792822829873362297363E-0002
  0.923226050233077502947887474157456631        0.114682258523827605162729393095760815      
  0.892538515858918608987660966230129025        0.133666243763995057932159698460227371      
  0.861842172489940563492388594085137271        0.152437192553477138620441773003985808      
  0.831137323086659803117752983280417765        0.170540172747476267019325724666250353      
  0.800424270693543889062262151203514006        0.187530441122298324102361618457518763      
  0.769703318436020580516421422518582383        0.202984715850396374811639919040639440      
  0.738974769517486109067436117789462198        0.216512218671048045406033345146045200      
  0.708238927216312683586568832378943834        0.227765173014004867489033540402135117      
  0.677496094882855255133869948256780109        0.236448448405194471140396611529064595      
  0.646746575936457571422303351132169339        0.242328055337058383442777231003702290      
  0.615990673862457550390301087279248110        0.245238218377171565160312886940049522      
  0.585228692209192002438500819343461475        0.245086788233960000999420448518659295      
  0.554460934585000730892848361977544973        0.241858795074073242351250194466236434      
  0.523687704655230040262384232912342996        0.235617994540856195030560619565389947      
  0.492909306139235681865877982453487361        0.226506313303384320348089331840572388      
  0.462126042807385266407027006724038665        0.214741160952004656290537598719384740      
  0.431338218478060173083197552440103387        0.200610637815472366709166950875917576      
  0.400546137014656984817654631687443786        0.184466731817290489665204137927375124      
  0.369750102322588479209904535019827946        0.166716659737573167243416233649637287      
  0.338950418346284204803158514064682378        0.147812567109814953127313850095019163      
  0.308147389066190672272018957421413690        0.128239854428865859636652617417333167      
  0.277341318495771190137289965578760073        0.108504443483893536691066180700979993      
  0.246532510678505374618322604349513850         8.91193347747089892969059907946788130E-0002
  0.215721269684888363236521247297664868         7.05908337143333467467699171397816520E-0002
  0.184907899609429761786561274072611900         5.34048385914807820108261249747549616E-0002
  0.154092704567652354294499944610130752         3.80135863695048958944683965788450507E-0002
  0.123275988693090605584301492838145843         2.48232430506151258675970009742152457E-0002
   9.24580561342889860763443547495950053E-0002   1.41827036816163590487726925839304279E-0002
   6.16392110518001484432329442731732841E-0002   6.37393369516905994215275547071712206E-0003
   3.08197576151829857496984989692256334E-0002   1.60413915744175894267081017412555928E-0003
   6.00704543221772133721764985001508439E-0016   6.10756575799580829429030901240158396E-0031
  -3.08197576151817843465407667523240301E-0002   1.60413915744163415616417722210144653E-0003
  -6.16392110517989470578612875243762410E-0002   6.37393369516881368442256442024462673E-0003
  -9.24580561342877847206159620682588071E-0002   1.41827036816159978579295923469544130E-0002
 -0.123275988693089404270073260256577903         2.48232430506146593224480575064514420E-0002
 -0.154092704567651153033628358570812600         3.80135863695043363481783624851120250E-0002
 -0.184907899609428560590902294409464588         5.34048385914801442483475661283027902E-0002
 -0.215721269684887162117930190222511937         7.05908337143326475762653106615404077E-0002
 -0.246532510678504173588654025444894610         8.91193347747082470872975983909057469E-0002
 -0.277341318495769989208397542798259369        0.108504443483892770869367864716522051      
 -0.308147389066189471455755374098634816        0.128239854428865090159815553968772437      
 -0.338950418346283004111375341932055055        0.147812567109814199943924667486379399      
 -0.369750102322587278654452117238378322        0.166716659737572449760707365731088271      
 -0.400546137014655784410381965888691542        0.184466731817289826236474857728931365      
 -0.431338218478058972835952173781238655        0.200610637815471774155888841673617492      
 -0.462126042807384066331654870957533072        0.214741160952004149472164839783773537      
 -0.492909306139234481974223349012293308        0.226506313303383911790960815800875509      
 -0.523687704655228840566289548011832783        0.235617994540855894625328222717104075      
 -0.554460934584999531404154141735355149        0.241858795074073057126065659710619051      
 -0.585228692209190803169045532918367835        0.245086788233959934973739277230798361      
 -0.615990673862456351351921040030261700        0.245238218377171619281708216177316378      
 -0.646746575936456372626832567798979711        0.242328055337058555606681642414367326      
 -0.677496094882854056593140056162708080        0.236448448405194756290284898114892898      
 -0.708238927216311485312408944657556981        0.227765173014005257792299578457597727      
 -0.738974769517484911071672716636003462        0.216512218671048530498767029640145995      
 -0.769703318436019382810878242467363678        0.202984715850396942103733847520791974      
 -0.800424270693542691658760062432437315        0.187530441122298959132918941652316774      
 -0.831137323086658606028109874943747227        0.170540172747476953851235038874791796      
 -0.861842172489939366728419257675711898        0.152437192553477860262253722767866622      
 -0.892538515858917412561176978972139151        0.133666243763995796775051376438658841      
 -0.923226050233076306870697082430944676        0.114682258523828343420371911519434995      
 -0.953904472738840835531240173889952788         9.59391634339313994218176968694049392E-0002
 -0.984573480592566246859367929319027964         7.78790570661638379837589170784793023E-0002
  -1.01523277110352660394893969365309743         6.09220310160389323431354987163784581E-0002
  -1.04588204167690221993492007079372585         4.54568766489396952185544777524053145E-0002
  -1.07652098981676614670121752740575990         3.18328845516769627863046164823692477E-0002
  -1.10714931312906968755711615840942474         2.03529041915632377962069139352846317E-0002
  -1.13776670932462690441649579801385083         1.12677888536901245184337004685465196E-0002
  -1.16837287622209809002395951168144471         4.77230703447693827518560872430039991E-0003
  -1.19896751175097217578220207360917706         1.00255754178653994501593768199572797E-0003
  -1.22955031395454804574545822034918227         3.48829336313371590688825628328209421E-0005
  -1.26012098099291472735466517038504679         1.88623584114146322794757926434570233E-0003
  -1.29067921114593042950106000528264914         6.51591623330018103399426130672847908E-0003
  -1.32122470281620039851630891102999879         1.38285656749106678360300004391091758E-0002
  -1.35175715453205356269893186608866683         2.36782777890469880549845157722028881E-0002
  -1.38227626495051793599874302035571458         3.58736629347494989734349099994835133E-0002
  -1.41278173286029475149327361867192309         5.01836898125636697026403661870722258E-0002
  -1.44327325718473129530268076284072666         6.63441173721463814794769656599490978E-0002
  -1.47375053698479241160247145361280821         8.40643268827858162488368649330743564E-0002
  -1.50421327146203064940648708215498295        0.103034366030979927213415330243329115      
  -1.53466115996155502180599871971183450        0.122932023970716599314084237657013484      
  -1.56509390197499834836445805218087009        0.143429767789962106296238340657295042      
  -1.59551119714348315138143248799750671        0.164201386194868768383206387275452530      
  -1.62591274526058607675352569505184250        0.184928204610629608718366353851841566      
  -1.65629824627530081017464645446862795        0.205304756579141555890619977786293992      
  -1.68666740029499945943283911225792378        0.225043818516549514463312928363996680      
  -1.71701990758839237357602791751907138        0.243880737815740797173681814588381727      
  -1.74735546858848636973445500863900946        0.261577007220015034837310212288428298      
  -1.77767378389554133840330759450464182        0.277923060696770001171057630229160687      
  -1.80797455428002519800503382103952883        0.292740287124289688180109244420029494      
  -1.83825748068556716956713875642508757        0.305882277480158408059136567840294800      
  -1.86852226423190934236783171038087427        0.317235338492786213299216242175864710      
  -1.89876860621785650141876356022172668        0.326718320594502482032458882347043684      
  -1.92899620812422418767124772260635285        0.334281820301953972569138538140961388      
  -1.95920477161678496184980071563002083        0.339906826749564003610115080553433926      
  -1.98939399854921284283456772904464103        0.343602889006599923806001165740780595      
  -2.01956359096602589153221508593007915        0.345405885090711747110959399412370302      
  -2.04971325110552691119317475927571528        0.345375475393485381268816767979875682      
  -2.07984268140274223515171602101513918        0.343592322757677497669639367297629987      
  -2.10995158449235857298419566561437661        0.340155158938180247910082468127759527      
  -2.14003966321165788610000087904330283        0.335177772919306100516580023326240093      
  -2.17010662060345026379914752773319991        0.328785990850344845049001660423978091      
  -2.20015215991900477085023122899020610        0.321114710509315330728063587624802735      
  -2.23017598462097823766244883952206725        0.312305045519738657826212646573276533      
  -2.26017779838634196414571376465220322        0.302501626324640996260460273920369559      
  -2.29015730510930630837347954703089532        0.291850096444746082343937936456282005      
  -2.32011420890424313118376233698301069        0.280494834067857593106570416573182219      
  -2.35004821410860606787501387101590284        0.268576920757951441411714711043641672      
  -2.37995902528584859817494228159938620        0.256232371226753243632743659933652298      
  -2.40984634722833988568210821846135357        0.243590630834135823711964715981263897      
  -2.43970988496027835800213816485003933        0.230773340898000357262648398672905990      
  -2.46954934374060299882269526422374060        0.217893366086521620008403437545733754      
  -2.49936442906590232319393021356446695        0.205054073190272408199941531424205500      
  -2.52915484667332100730400060609596200        0.192348846453298477156806923729871883      
  -2.55892030254346414406239629294229561        0.179860821378348891889408974462588861      
  -2.58866050290329909582724065171764421        0.167662816486586617726170328619448158      
  -2.61837515422905491563645286892345273        0.155817440861221285462162725340371220      
  -2.64806396324911930832665422828628876        0.144377354377165053890742307723186683      
  -2.67772663694693310294798171194882603        0.133385657242965973880466007789949329      
  -2.70736288256388220790753472609076216        0.122876385776977315202853035930611959      
  -2.73697240760218702029902521468394015        0.112875092122555995717798771646858865      
  -2.76655491982778926090132757947193293        0.103399486791224907798960556239725062      
  -2.79611012727323620635403243292371691         9.44601244236291761107339947371714408E-0002
  -2.82563773824056229004379702308110736         8.60611148947285848738427345961004240E-0002
  -2.85513746130416804326125493136200199         7.82008437862869334665434670687144230E-0002
  -2.88460900531369634821449810018532258         7.08726882373377708504442159263246498E-0002
  -2.91405207939690597451167513766714838         6.40657162005914825598951164261209186E-0002
  -2.94346639296254237075206090975206821         5.77653591266299455250842501307845823E-0002
  -2.97285165570320568289204340137459740         5.19540500236529827378088169965866331E-0002
  -3.00220757759821597107984444021580133         4.66118206624041210766054330795205193E-0002
  -3.03153386891647559668044085919313883         4.17168533857958370475809135854667031E-0002
  -3.06083024021932875124008175410274134         3.72459845204460835108059178737587732E-0002
  -3.09009640236341809916800539517426352         3.31751577596417385089687276859944207E-0002
  -3.11933206650353850594144579729828943         2.94798270872697061319923319030782778E-0002
  -3.14853694409548782366878366219558074         2.61353098385937094148318279207020724E-0002
  -3.17771074689891470587473909291985012         2.31170913496343543516847037505357033E-0002
  -3.20685318698016342340082386018191390         2.04010833393599139707041738845356351E-0002
  -3.23596397671511565334386878167253189         1.79638387079286957936777628861556626E-0002
  -3.26504282879202921298531666772593040         1.57827258320747156445522710635470961E-0002
  -3.29408945621437371069412299445271366         1.38360657091509028044226532516931116E-0002
  -3.32310357230366308581653469129453252         1.21032354589870447809167613804948634E-0002
  -3.35208489070228500959672187349901886         1.05647417525820970441344799359734231E-0002
  -3.38103312537632711920321770824190339         9.20226771362061913455866384357480935E-0003
  -3.40994799061840005696737757026996568         7.99869674728096697325691555443132271E-0003
  -3.43882920105045728697159991052003730         6.93811660440261775333725456086029287E-0003
  -3.46767647162661166115685751798463567         6.00580680040713045493331119156456948E-0003
  -3.49648951763594870715116878722905578         5.18821228886398996629916109502235820E-0003
  -3.52526805470533661005299389479213145         4.47290604944381508868593674268680560E-0003
  -3.55401179880223286043617011788960530         3.84854299809286133967991131417957680E-0003
  -3.58272046623748754087590357634689912         3.30480737118323963820394632310285535E-0003
  -3.61139377366814322332851111877726541         2.83235548147275085626381983893734857E-0003
  -3.64003143810023144973105557925363451         2.42275549708383877746962213533330136E-0003
  -3.66863317689156576822073987096500544         2.06842565941408261878929373970791946E-0003
  -3.69719870775453129740792002577593653         1.76257213494732788094555959155048789E-0003
  -3.72572774875887079117086399770724789         1.49912749147649792083959077592246259E-0003
  -3.75422001833446717647492148592881205         1.27269060262647066317231900564651575E-0003
  -3.78267523527412253675357985802092425         1.07846861646016672350212473709176611E-0003
  -3.81109311873633351342396212346019870         9.12221474486806867033977717390524160E-0004
  -3.83947338824806309814467447428526526         7.70209336237072660349620996735834564E-0004
  -3.86781576370750878845953282579109399         6.49143151035657294895257294678707253E-0004
  -3.89611996538686707950658970331447770         5.46138521725272202913636240705437087E-0004
  -3.92438571393509426450804437746854550         4.58672923720229948568611652521206510E-0004
  -3.95261273038066351679304999266106173         3.84546275606650167251609601919096206E-0004
  -3.98080073613431822614213120283203703         3.21844803203292547221376013685989056E-0004
  -4.00894945299182156227889416185893885         2.68908096171413259158678522962084872E-0004
  -4.03705860313670223837194724913999206         2.24299223548052342623619805230433053E-0004
  -4.06512790914299644744745527596814059         1.86777750654081567717020550001920079E-0004
  -4.09315709397798594465052174529735355         1.55275483443534638064066809096056544E-0004
  -4.12114588100493224833163265358622738         1.28874756346099495760938481197452573E-0004
  -4.14909399398580693297270095315279173         1.06789074937475597132863116564827513E-0004
  -4.17700115708401798700582275882762477         8.83459243814293241962688569574974672E-0005
  -4.20486709486713220861669430296046171         7.29715576554345545162162484558162750E-0005
  -4.23269153230959361266374213470359889         6.01775833342445583244914229296693686E-0005
  -4.26047419479543782188338773702783641         4.95491804975959643090065492904949003E-0005
  -4.28821480812100241559150120957090029         4.07347775788049608361963598104340244E-0005
  -4.31591309849763320913099654600718597         3.34370421974235174510546134269788810E-0005
  -4.34356879255438643735568292738610032         2.74050398190318656472726817826659504E-0005
  -4.37118161734072681548091196143173682         2.24274301290322377793034916350258283E-0005
  -4.39875130032922145067224952314645908         1.83265810301546076398735819123577399E-0005
  -4.42627756941822957778435239263317981         1.49534909674313089959447932013770683E-0005
  -4.45376015293458809270344383767108654         1.21834206912114047108330899479730854E-0005
  -4.48119877963629285678825824448195310         9.91214547224258611172969954817728979E-0006
  -4.50859317871517574594606245095790781         8.05274810253558533498042238783461958E-0006
  -4.53594307979957741792236017045437941         6.53288170092817731947667397832422663E-0006
  -4.56324821295701577142514539657251691         5.29243936655867175021359975788273502E-0006
  -4.59050830869685007074709053308043412         4.28157507991785836209198157399837110E-0006
  -4.61772309797294070959183477859740495         3.45902694815840083872393216633269512E-0006
  -4.64489231218630458785357759067121249         2.79069994897919836901994622815613088E-0006
  -4.67201568318776607514248043363534523         2.24847077436026677177405770927194443E-0006
  -4.69909294328060353489193705180201334         1.80918224642024594807724081315893503E-0006
  -4.72612382522319138292758777423924958         1.45379911131207416782050518951963952E-0006
  -4.75310806223163765442202641715578900         1.16670085412022618050356283676923655E-0006
  -4.78004538798241705320347876979366341         9.35090559692266691013941830774678797E-0007
  -4.80693553661499945743131899218121305         7.48501812419460959862383631201395577E-0007
  -4.83377824273447385569613407807032549         5.98388222216042286441614575693735555E-0007
  -4.86057324141416768764714640127987388         4.77782422618909352958213067204726579E-0007
  -4.88732026819826156329515982337580841         3.81013346146131551456411290010807447E-0007
  -4.91401905910439933518480544749663844         3.03472275472332073207260533815282537E-0007
  -4.94066935062629349767572840702284102         2.41419627662209486421975522335519293E-0007
  -4.96727087973632588761847662601847904         1.91825681058580630131413973495002859E-0007
  -4.99382338388814366075722582576095570         1.52239526225381997750920588488147305E-0007
  -5.02032660101925051823810172053501558         1.20681436821018996026933409601458572E-0007
  -5.04678026955359315764873988601274665         9.55546342070466643462684471803299775E-0008
  -5.07318412840414292306185573229094353         7.55730794714394285474087071019219639E-0008
  -5.09953791697547262860298090583678023         5.97024847228881134207751341410938478E-0008
  -5.12584137516632853011015781254311625         4.71122063901107243631616511872964408E-0008
  -5.15209424337219741950127032767354304         3.71360794485378350271632357761413060E-0008
  -5.17829626248786881651282566506545399         2.92405839909678763906959956374866067E-0008
  -5.20444717390999223252238934246540427         2.29990139042621316245593565325406412E-0008
  -5.23054671953962948121551172473450147         1.80705498639862810966967671916045954E-0008
  -5.25659464178480201090687027186005965         1.41833325212889253998979642875136655E-0008
  -5.28259068356303323337448588176112839         1.11207927307092241109002043767005702E-0008
  -5.30853458830388582411525411384486916         8.71062916944416795160939292792379388E-0009
  -5.33442609995149396897966212077354635         6.81593417228158111617417697700312266E-0009
  -5.36026496296709053219343931310960146         5.32805982696407428123127574244861256E-0009
  -5.38605092233152912082401364215145859         4.16089153865386397225167223767309203E-0009
  -5.41178372354780102080001541565248653         3.24625807780280686924797414232256875E-0009
  -5.43746311264354697964268626209877825         2.53025784437274720398448535041900306E-0009
  -5.46308883617356381111891173225086785         1.97032261938068776296934013556570300E-0009
  -5.48866064122230579707670156975453171         1.53287402790284082563606821770188695E-0009
  -5.51417827540638086177529139140478790         1.19145563814397924383785006565950179E-0009
  -5.53964148687704149407363288530467257         9.25246178260154113655900153357697206E-0010
  -5.56505002432267039289287615249036063         7.17877687708758490831570286165355185E-0010
  -5.59040363697126081142052697299117566         5.56497296453697561094290643751504742E-0010
  -5.61570207459289157557628305675710868         4.31023374482551118211908133416616012E-0010
  -5.64094508750219675231211622702718103         3.33556536293209743462182016708630614E-0010
  -5.66613242656082994337197145975551437         2.57913848587516450628279543044239060E-0010
  -5.69126384317992318018949824650367953         1.99260926045476855717527723034530649E-0010
  -5.71633908932254039565551433622029968         1.53821697884602602172897904022184464E-0010
  -5.74135791750612544854042601766388789         1.18649722523357074524999366900159944E-0010
  -5.76632008080494467641059220062177364         9.14482112949925279798325481278252502E-0011
  -5.79122533285252395293162110991631612         7.04285513365057807804616944381965448E-0011
  -5.81607342784408022550582788849587758         5.41992197324398453665450440856027816E-0011
  -5.84086412053894750924555827936076956         4.16786589295049539175548869970528639E-0011
  -5.86559716626299731333879728300823148         3.20270209185525362155264552628965670E-0011
  -5.89027232091105347591843172749384216         2.45927522414116635435737612874465170E-0011
  -5.91488934094930138360172149976404680         1.88708380069652896614291162641057739E-0011
  -5.93944798341769155192195522495483460         1.44701946734003059951852455652759171E-0011
  -5.96394800593233754292992189789101024         1.10882336497340511352799604316957644E-0011
  -5.98838916668790819629871981876014078         8.49103910413136305808961368913542377E-0012
  -6.01277122446001415032154761126445822         6.49793642752498632056970958408329733E-0012
  -6.03709393860758862924847855255732673         4.96949073931426194506665192682026828E-0012
  -6.06135706907526247346480836373311092         3.79818213499217131594252800163751999E-0012
  -6.08556037639573338907038743905020410         2.90116762513454122815436877244533372E-0012
  -6.10970362169212939347640067062848609         2.21466810760820219444477783135883600E-0012
  -6.13378656668036643369334098999201813         1.68961956997054703094098345735623080E-0012
  -6.15780897367150015404143593316614845         1.28830684824879549230718359637720391E-0012
  -6.18177060557407179007252937445316617         9.81760278786519591917184767390532428E-0013
  -6.20567122589644816555039249560364281         7.47744118970795141847482577361272084E-0013
  -6.22951059874915576939463848971258742         5.69203563881531440571085958447141258E-0013
  -6.25328848884720888955184386838513766         4.33066825725561307346912828958616057E-0013
  -6.27700466151243178081613496987193762         3.29321866215453467759696196700752147E-0013
  -6.30065888267577484368038077606062274         2.50305392140070846824625689782243409E-0013
  -6.32425091887962479135824185628097240         1.90155752683033765745036909266807380E-0013
  -6.34778053728010878217665958245755024         1.44392286508627379349295565124948038E-0013
  -6.37124750564939249459792911761976441         1.09592142016551455178943746144704493E-0013
  -6.39465159237797212219028348032806731         8.31421719735707034133105752784741872E-0014
  -6.41799256647696026592592364115450478         6.30486038092557491661974387563294580E-0014
  -6.44127019758036570124566052171508031         4.77911373866182972462914181737217103E-0014
  -6.46448425594736699738978834743496932         3.62111792470056766215033147554692647E-0014
  -6.48763451246457996655548445558381364         2.74262860017139575763392438383802497E-0014
  -6.51072073864831892050192778130224468         2.07647153627460361316706575456188427E-0014
  -6.53374270664685171228544623532308964         1.57153924041587852029714440835505625E-0014
  -6.55670018924264854086834144466090349         1.18896851853676525650381797084242997E-0014
  -6.57959295985462449640659724631823127         8.99222096907480370493943451501086504E-0015
  -6.60242079254037582408345529648419381         6.79861865228705817504132693445184023E-0015
  -6.62518346199840988441783657406683708         5.13850865815061709535696632990977978E-0015
  -6.64788074357036878803880080583582658         3.88259244275281885399279371125965358E-0015
  -6.67051241324324668297966630693620612         2.93278627875981474054038085099594010E-0015
  -6.69307824765160067260805979890437074         2.21471842862289844149810153889465582E-0015
  -6.71557802407975534237102881927202766         1.67202091868497153346810108368319085E-0015
  -6.73801152046400087359742775195053797         1.26198898538291110857046472002306825E-0015
  -6.76037851539478472266308166328764684         9.52282221230000559694030538392047675E-0016
  -6.78267878811889684388773940030343889         7.18418689496717913123032267388710505E-0016
  -6.80491211854164843459654816835160000         5.41872332574662470199262515576777225E-0016
  -6.82707828722904418084271542641684901         4.08629120881019836529457261108329180E-0016
  -6.84917707540994798235216978845160034         3.08091841911181141647598621298359753E-0016
  -6.87120826497824213531539006547991265         2.32249718509822429263285707896903030E-0016
  -6.89317163849497995171613999047350402         1.75049093260608869053299431110686781E-0016
  -6.91506697919053179395162489896808065         1.31916694638069288602526422544460504E-0016
  -6.93689407096672450356357505369925984         9.93986377851305030349240443479898624E-0017
  -6.95865269839897420296495775978607297         7.48871712529323096185863212956178898E-0017
  -6.98034264673841244911242627470385154         5.64139204696398496535886006702221192E-0017
  -7.00196370191400571814022712893825518         4.24935031725969288058651365398261397E-0017
  -7.02351565053466820003710819121768169         3.20052864527804185465348444020448207E-0017
  -7.04499827989136788251379698695926414         2.41040131411341469721824597614413203E-0017
  -7.06641137795922590327485175837168898         1.81522710024118946620005993671935374E-0017
  -7.08775473339960914997512588584420077         1.36694823009371316264309039351162853E-0017
  -7.10902813556221608720772891709712691         1.02933837849663667397044883143844232E-0017
  -7.13023137448715578993721391533981700         7.75094697507514590595519599909817558E-0018
  -7.15136424090702016285877048062911768         5.83643113289829045577171534489224817E-0018
  -7.17242652624894932523145495799246466         4.39482368038358136897111654006016530E-0018
  -7.19341802263669014080094335792300801         3.30934864310120758273297792912864649E-0018
  -7.21433852289264787249494771382556060         2.49204594869556297642382096093555343E-0018
  -7.23518782053993094164229231916261640         1.87666820877815439245540416931523030E-0018
  -7.25596570980438877153470185471014009         1.41332598340074799139375536565286322E-0018
  -7.27667198561664269521860816180272039         1.06445190702470017513759188113786248E-0018
  -7.29730644361410990747273566708008946         8.01759386207446430659573104934920934E-0019
  -7.31786888014302044099587654243576040         6.03951153274346084620455985011656272E-0019
  -7.33835909226042714689811491305576682         4.54993056552304499933624355404082810E-0019
  -7.35877687773620865965780412711624191         3.42813840225676252691645882094245493E-0019
  -7.37912203505506532677584159144026796         2.58325913025478651506109062120949649E-0019
  -7.39939436341850808342822127482069993         1.94687946087072244853176742774356104E-0019
  -7.41959366274684025248747399949579645         1.46749634153709684576186730563698842E-0019
  -7.43971973368113225035342939419780500         1.10633656283627977236085158844977922E-0019
  -7.45977237758518917910375018014924125         8.34209576467150298978208043048105443E-0020
  -7.47975139654751128554489861331982837         6.29138306669812665824024270651149908E-0020
  -7.49965659338324726781459571924276681         4.74575720772148426067591297256038813E-0020
  -7.51948777163614041025742573589504156         3.58062384840584135055165571281571637E-0020
  -7.53924473558046752736602022885979972         2.70215987237207674414347559279664954E-0020
  -7.55892729022297069765122796262001308         2.03970747733249563395351593566099983E-0020
  -7.57853524130478176837583710191959453         1.54004916151416163602311013143557112E-0020
  -7.59806839530333961215776497534637447         1.16309841260606098460864542932170660E-0020
  -7.61752655943430011652016675545768496         8.78655934381992086466505846258913742E-0021
  -7.63690954165343888753763728985164421         6.63967847718631355636906929510940209E-0021
  -7.65621715065854664879958924770947542         5.01887496205230225350562277417254570E-0021
  -7.67544919589131731698398501678405495         3.79491559703753966175428592812516053E-0021
  -7.69460548753922873540687868504656509         2.87038115319366426524941790760350575E-0021
  -7.71368583653741604698568725586230333         2.17182084340486738904532890767007520E-0021
  -7.73269005457053768812675626047046271         1.64384425004983718113418067255301083E-0021
  -7.75161795407463398512061342970346227         1.24467175498103959249742902783285424E-0021
  -7.77046934823897833470131434951189613         9.42783000245388419538940515369859091E-0022
  -7.78924405100792095049947533137920134         7.14392071359752653541375390671713656E-0022
  -7.80794187708272515719196035674713054         5.41545193360516405849682085856162165E-0022
  -7.82656264192339621422474017998095055         4.10687224263996053263488507605878344E-0022
  -7.84510616175050265105917177126063795         3.11581230737019302728511314116600927E-0022
  -7.86357225354699009596585452140540409         2.36494029314378118321833092555765265E-0022
  -7.88196073505998758046430528557869128         1.79582100540888324606623426358122916E-0022
  -7.90027142480260630158095668088428082         1.36428484001978362621636776073913600E-0022
  -7.91850414205573082417242134111161408         1.03693456871381672018389243549956937E-0022
  -7.93665870686980270563557833564436873         7.88509786845784335309791407665583552E-0023
  -7.95473494006659652540082594240537406         5.99897964427531597700148526151638768E-0023
  -7.97273266324098830167980668854589679         4.56633081008575579309411267733942866E-0023
  -7.99065169876271627801404529755642379         3.47762012956090040869334974341824660E-0023
  -8.00849186977813406224624716602960764         2.64988355954927076284764981024180704E-0023
  -8.02625300021195610061148349419483015         2.02025597311443688260580725341605058E-0023
  -8.04393491476899546972113846662516918         1.54108301470805182234274090180357476E-0023
  -8.06153743893589396928831317656410335         1.17622592420282889980561216011720540E-0023
  -8.07906039898284449851936956082464591         8.98267277577658240459200002422394148E-0024
  -8.09650362196530569917245471220183073         6.86397285146451452434271503968702220E-0024
  -8.11386693572570884836017081117024088         5.24814340289303694922168533694663266E-0024
  -8.13115016889515698425004781501611539         4.01514272273741547642186871990116240E-0024
  -8.14835315089511624789313420553443265         3.07373501295376014035457840455818362E-0024
  -8.16547571193909942448784476941979087         2.35454489095720425178823536283329578E-0024
  -8.18251768303434166746319281027776948         1.80479382529706341356735996826647962E-0024
  -8.19947889598346838884268660793546349         1.38430960105715830408177782895781615E-0024
  -8.21635918338615529942748558797345927         1.06249967609637133798671412585178069E-0024
  -8.23315837864078058241488977906190406         8.16054634093781876430335021359487989E-0025
  -8.24987631594606918414587595308321859         6.27204861625672883456673457712518270E-0025
  -8.26651283030272920575319459688942900         4.82396592295108146052499047316408593E-0025
  -8.28306775751508037955950278701126011         3.71285978538234132126547331428624463E-0025
  -8.29954093419267461415312836026611306         2.85974441305776994698041403638686706E-0025
  -8.31593219775190859214733972298670330         2.20427148550986938614734622085329087E-0025
  -8.33224138641762840470743244693013824         1.70030548841129204233898414569260900E-0025
  -8.34846833922472620700853768668849680         1.31255541236481146471798698255086684E-0025
  -8.36461289601972887886580764591712604         1.01400931082777108002753135916427026E-0025
  -8.38067489746237867485753904069287766         7.83979336595367129257914226341277667E-0026
  -8.39665418502720584834085597904388902         6.06611198068587638395554478357835640E-0026
  -8.41255060100509323383878811586054759         4.69747095400063241757858899715690151E-0026
  -8.42836398850483277235694757018892323         3.64057832921885935829384588114304723E-0026
  -8.44409419145467396426752812399746542         2.82380015389968614899083224256308721E-0026
  -8.45974105460386423447802187306371882         2.19209578022602461792667420445241900E-0026
  -8.47530442352418119468187098532401607         1.70314552035378842754461929990086249E-0026
  -8.49078414461145678756824475204904496         1.32438820202694658676954052954961430E-0026
  -8.50618006508709329794825390325599019         1.03075346344654382521491013968323743E-0026
  -8.52149203299957121583518441007345551         8.02924802975283490134367075753535339E-0027
  -8.53671989722594893659675092110374022         6.26008337602808626915339529937977715E-0027
  -8.55186350747335428337793478348601421         4.88511865370041266689967316682234842E-0027
  -8.56692271428046783707368248721103119         3.81561402261440895694048078670080234E-0027
  -8.58189736901899805921159654668988269         2.98299566602579572572620924094615831E-0027
  -8.59678732389514819318575149861747103         2.33423299253319232374394639989692378E-0027
  -8.61159243195107492936391205035274714         1.82828412285742078514198080582434485E-0027
  -8.62631254706633881967171765749954548         1.43336094369066469132754481609298502E-0027
  -8.64094752395934642733882714084241096         1.12482331852572716814818062172757972E-0027
  -8.65549721818878419757358756759607223         8.83556596061705916188445613056464828E-0028
  -8.66996148615504403501450271499634075         6.94720615562181907108842294289705545E-0028
  -8.68434018510164057388862719913876030         5.46784461308478909792691576981780197E-0028
  -8.69863317311662012688900198082499951         4.30781158632981473301599341768065442E-0028
  -8.71284030913396129886537464380171840         3.39731775080845178380187288787820336E-0028
  -8.72696145293496725150471276860476981         2.68200092453677061792394921826255088E-0028
  -8.74099646514964960526042008533208201         2.11947988366304622702849800438219730E-0028
  -8.75494520725810396487170206779281639         1.67668550333022621243447333476593502E-0028
  -8.76880754159187705489719941501190031         1.32779230725401835169108532562870091E-0028
  -8.78258333133532545176981363807084735         1.05261411216759505026449220670993457E-0028
  -8.79627244052696589896258791347786626         8.35358665119552209654622473584205490E-0029
  -8.80987473406081719193857766010946226         6.63660180256350465479549113406712273E-0029
  -8.82339007768773361964084812537106726         5.27827161801072651229554147140098882E-0029
  -8.83681833801672994936206980640818887         4.20257134091142939206914745881050462E-0029
  -8.85015938251629794191664596149299886         3.34980870742123521577900831753633963E-0029
  -8.86341307951571438412189896136448417         2.67307177055467077864701176808865897E-0029
  -8.87657929820634062567856296528859728         2.13545811078678919499583477045730974E-0029
  -8.88965790864291360762467855563865784         1.70791173339914864667603104975992917E-0029
  -8.90264878174482836962095970032819179         1.36753294391319323897915227539450987E-0029
  -8.91555178929741202340980390566156305         1.09625665188222263446843133398149611E-0029
  -8.92836680395318917987434184306443695         8.79817897660480965329438937478165546E-0030
  -8.94109369923313881720827225044521076         7.06941479604410653487290540848217970E-0030
  -8.95373234952794257779170069012458073         5.68706576760269955963186820231172062E-0030
  -8.96628263009922448145279595664090836         4.58048136515212739320101634564399127E-0030
  -8.97874441708078204287979473437368777         3.69365239119609535395023100962789877E-0030
  -8.99111758747980878103272267070521907         2.98213210336151201844180875460381347E-0030
  -9.00340201917810810848915751804932539         2.41061353690062686545614880735149662E-0030
  -9.01559759093329858874343656901931333         1.95102142556635507389990814006409573E-0030
  -9.02770418238001054956390542361395939         1.58100803061894484114500381969782452E-0030
  -9.03972167403107404059811734473195084         1.28276627645442365934677056040348492E-0030
  -9.05164994727869812350132123658426936         1.04209238073178916615322172102195758E-0030
  -9.06348888439564148294912077651353432         8.47644834552369211235815790635777414E-0031
  -9.07523836853637434698084660005914198         6.90358047674512983406245626682668754E-0031
  -9.08689828373823170520595683640407999         5.62977934004735304123626156059925858E-0031
  -9.09846851492255781349166787005471437         4.59693724521741364037951286300556580E-0031
  -9.10994894789584197383601611707259779         3.75845786583687635438928021510306435E-0031
  -9.12133946935084557821666200162316765         3.07693533398638789691612194637558305E-0031
  -9.13263996686772040529196835115493951         2.52230884698683740336335150322381979E-0031
  -9.14385032891511815891721624520798702         2.07039391469849299434842531016516237E-0031
  -9.15497044485129123752526110162145985         1.70171221567024029701552316033984467E-0031
  -9.16600020492518472350747961164156702         1.40055842190149929820260186734044308E-0031
  -9.17693950027751958181751318793151121         1.15425525585447964235397425320066275E-0031
  -9.18778822294186705710707501150286216         9.52558210572497241782493336095412757E-0032
  -9.19854626584571425878995469882388948         7.87179381765279077474493045867460080E-0032
  -9.20921352281152092351732620147245024         6.51406189431514726716605726798758133E-0032
  -9.21978988855776734463453993931508238         5.39795766369622286905814316376762228E-0032
  -9.23027525869999345827675849491062704         4.47929744376172621138403576239855090E-0032
  -9.24066952975182907584807560124150005         3.72217297839574210081787138264502050E-0032
  -9.25097259912601525271613977554600686         3.09736783019226031926110428105453585E-0032
  -9.26118436513541678304178592653966149         2.58108276515159743866855624535970488E-0032
  -9.27130472699402581075075972726058555         2.15390876039088449454815216113829188E-0032
  -9.28133358481795654674229963675990120         1.79999865451498722489825170452052643E-0032
  -9.29127083962643108251711930551559921         1.50639831009807288624628872771738240E-0032
  -9.30111639334275629049520784544571397         1.26250599634499819186192349324459036E-0032
  -9.31087014879529180138183621844537496         1.05963494393027916446624567444369074E-0032
  -9.32053200971840904902822392923655120         8.90659002353406482931325883030016429E-0033
  -9.33010188075344137332148042982384572         7.49725303176942561816387738746218810E-0033
  -9.33957966744962517172668928388862065         6.32021006248556949672880602266542056E-0033
  -9.34896527626503209019234932899937123         5.33583743668805674946563128391363254E-0033
  -9.35825861456749224421882494062741381         4.51147407276716061835129317809875226E-0033
  -9.36745959063550846097798617178728742         3.82016552502033692148640786743535542E-0033
  -9.37656811365916153346083814192908772         3.23963996170110939098077327740782049E-0033
  -9.38558409374100647771864670386477814         2.75147233115370324052424930764295882E-0033
  -9.39450744189695978435186325250436326         2.34040137886390976131344020138998489E-0033
  -9.40333807005717765549003467763085223         1.99377094528708970842901707955635925E-0033
  -9.41207589106692521859485402761516390         1.70107242191167316350546318681969714E-0033
  -9.42072081868743670850756256376942425         1.45356963275430086982561469678018699E-0033
  -9.42927276759676660925105366702155920         1.24399094927329391439456215938448356E-0033
  -9.43773165339063174718625262999223287         1.06627630553685784811127310280328593E-0033
  -9.44609739258324432721165284776599124         9.15369091020606856474977425630735930E-0034
  -9.45436990260813590378427742825358119         7.87044767657137591130515610525799423E-0034
  -9.46254910181897227862980489581270878         6.77769571509696385250245418937553882E-0034
  -9.47063490949035931709914757670128408         5.84583886528862386587286056544938039E-0034
  -9.47862724581863967521840054815836486         5.05005873559472288938342082717068368E-0034
  -9.48652603192268042956878681983907005         4.36951746535831657576651360480416315E-0034
  -9.49433118984465160222300981159084068         3.78669745395019273243818278392942168E-0034
  -9.50204264255079557305428630900386965         3.28685390450000533047028889668320166E-0034
  -9.50966031393218737182427103089588641         2.85756039012579687991268061795101113E-0034
  -9.51718412880548584254609684324888768         2.48833120674245473739742468768843454E-0034
  -9.52461401291367567270884161371252647         2.17030717971027696148139992368214118E-0034
  -9.53194989292680028003989283050313563         1.89599396408507219650608811139290713E-0034
  -9.53919169644268554957191351951529581         1.65904381903273698291838124207767529E-0034
  -9.54633935198765441387141679316648718         1.45407342624720154987412258911283538E-0034
  -9.55339278901723226937633066265297562         1.27651162496178038315884736175218407E-0034
  -9.56035193791684322188037864994877512         1.12247200512049084652343152834764419E-0034
  -9.56721673000249715429261435438426622         9.88646178327355284132752851269646188E-0035
  -9.57398709752146760989102856767423370         8.72214268158697285592900389116225041E-0035
  -9.58066297365296048437979489683384940         7.70769755661891074675565833291205594E-0035
  -9.58724429250877352015043325187312256         6.82256305474352368766590107177595996E-0035
  -9.59373098913394659623794908919035010         6.04914601815943041756991387451631172E-0035
  -9.60012299950740280755384907624626645         5.37237557011971127068812677369265566E-0035
  -9.60642026054258032706883996181089518         4.77932530754840293100004182620934082E-0035
  -9.61262271008805504470898600162808619         4.25889426283759386375141452923862388E-0035
  -9.61873028692815397682013040391545661         3.80153718463862231316519166044986003E-0035
  -9.62474293078355944014647702427915706         3.39903625269895184519897103154016270E-0035
  -9.63066058231190398436037905634479963         3.04430764077550455146913633693527531E-0035
  -9.63648318310835607727159083306903968         2.73123742078047328761158207842386658E-0035
  -9.64221067570619653693550617410102520         2.45454219872237235102674533211764835E-0035
  -9.64784300357738570497123108593775476         2.20965062006346736548399358750518732E-0035
  -9.65338011113312135549171914262748492         1.99260250465488437544229261229180903E-0035
  -9.65882194372438733413963364353199934         1.79996289072184069148102804356470742E-0035
  -9.66416844764249292181409075872747574         1.62874870101722309149267616173150483E-0035
  -9.66941957011960291776498142903463474         1.47636610674634247302890440667724065E-0035
  -9.67457525932925843682316588292361392         1.34055696817842539487461797661824388E-0035
  -9.67963546438688841562648236262130502         1.21935298492139832787109740799270733E-0035
  -9.68460013535031182279321011213247657         1.11103640186184127446258375324379040E-0035
  -9.68946922322023056808637496554425785         1.01410629557296601971977492543761885E-0035
  -9.69424267994071310570408307939774535         9.27249616222376920369607765641939493E-0036
  -9.69892045839966872692291357207940812         8.49316286363193167659332866946887932E-0036
  -9.70350251242931253741329315963336122         7.79297764370485609195013282162348249E-0036
  -9.70798879680662111463771440418314430         7.16308569938720616743624189787690551E-0036
  -9.71237926725377884083464301088250046         6.59570344691464282240541763156398447E-0036
  -9.71667388043861490718298781414528809         6.08398084828807848334817791422200721E-0036
  -9.72087259397503098483407877555428073         5.62188236734544285222304830365909602E-0036
  -9.72497536642341955859021256560637032         5.20408392157864878334292221439519060E-0036
  -9.72898215729107291910098121018769022         4.82588358289411221043307560342129908E-0036
  -9.73289292703258280954079594084429205         4.48312410870660859325693026136236154E-0036
  -9.73670763705023072282325488557882199         4.17212566332000492182841592948690164E-0036
  -9.74042624969436884550027866372394739         3.88962732622706897892001431124030242E-0036
  -9.74404872826379164458625139369796140         3.63273618525411742576259768374422428E-0036
  -9.74757503700609809363975517504056225         3.39888298384677805715215760987611941E-0036
  -9.75100514111804453452787285459460432         3.18578343783486621510393870270653523E-0036
  -9.75433900674588817139045591922281846         2.99140446159533649246568985183757718E-0036
  -9.75757660098572119341421076185877236         2.81393464991216945160365417280223920E-0036
  -9.76071789188379552311894643148149203         2.65175845276055492429957881551289349E-0036
  -9.76376284843683818695084938793548878         2.50343355804148040251958977605122712E-0036
  -9.76671144059235730507020482623355830         2.36767106392393433943967516428129835E-0036
  -9.76956363924893869731356889860767082         2.24331807957521900127729712561514486E-0036
  -9.77231941625653310240301073233929386         2.12934244208078629739979454141844071E-0036
  -9.77497874441673400756768660323615183         2.02481927946474872269028175348696824E-0036
  -9.77754159748304608583568006417407913         1.92891918593132111489229969671930768E-0036
  -9.78000795016114423834674033076085875         1.84089780661402996552224039934326887E-0036
  -9.78237777810912323912927587700651840         1.76008665597295321884848434968922355E-0036
  -9.78465105793773797987771007774704890         1.68588501714105660474674326335129798E-0036
  -9.78682776721063431235907993606169589         1.61775278951731692450168911580874189E-0036
  -9.78890788444457048617055653740410351         1.55520416918722799610011022235694771E-0036
  -9.79089138910962917966238596175969170         1.49780206170483195151234589103261095E-0036
  -9.79277826162942012193359104474903089         1.44515313972289592686315891620438535E-0036
  -9.79456848338127330390063669190971265         1.39690346918994486006851916535065438E-0036
  -9.79626203669642277653214350089410584         1.35273463758479812409973769112753582E-0036
  -9.79785890486018103443563531730868516         1.31236032613687806094425440773241533E-0036
  -9.79935907211210398307522512449863321         1.27552327536043001227821298508247190E-0036
  -9.80076252364614648799207942867803508         1.24199259966456136310645020450613106E-0036
  -9.80206924561080850449245313118293523         1.21156141241908280450933778878167758E-0036
  -9.80327922510927178636105386188477804         1.18404472777083053379780222494133149E-0036
  -9.80439245019952717225047596439857994         1.15927760981334303820515304253803339E-0036
  -9.80540890989449244849043885696668985         1.13711354349817984906182570672691100E-0036
  -9.80632859416212078715357142497658421         1.11742300501130059490209603511839555E-0036
  -9.80715149392549975830750251403889953         1.10009221228570623795791147448296264E-0036
  -9.80787760106294091547604656835583769         1.08502203893677377029799903439387243E-0036
  -9.80850690840805995342531207959146039         1.07212707723726261157703462566235295E-0036
  -9.80903940974984743748360785836092974         1.06133483783683795371345231472484181E-0036
  -9.80947509983273010369707729544537610         1.05258507581318712377272080623743554E-0036
  -9.80981397435662272921605282449625126         1.04582923435127675701770742904973963E-0036
  -9.81005602997697057240019081383274653         1.04102999891341462294602903958436735E-0036
  -9.81020126430478238222352018341447562         1.03816095621208136965255270418145288E-0036
  -9.81024967590665397665361524559550042         1.03720635365420715421707859546089353E-0036
