   9.81024967590665397665361524559557438         1.18213296617054777755691262022209254E-0009
   9.81020126430478238599785193480758503         1.18284611786189130793270620318604658E-0009
   9.81005602997697057994881706548826813         1.18498809637306203834522145073489724E-0009
   9.80981397435662274053889907452058163         1.18856648653776746019141929665605051E-0009
   9.80947509983273011879403179191724706         1.19359397826708773557754842314055292E-0009
   9.80903940974984745635452160043434837         1.20008843973174817222731627543898244E-0009
   9.80850690840805997606999881896628908         1.20807302062117538407761806648812402E-0009
   9.80787760106294094189428281111598639         1.21757628629266930722493897590152670E-0009
   9.80715149392549978849902752285812723         1.22863238387003774396680465195458304E-0009
   9.80632859416212082111808722169186334         1.24128124160749740021740548247870207E-0009
   9.80540890989449248622761022551913984         1.25556880310411117369902918714517279E-0009
   9.80439245019952721375993045414190364         1.27154729823922355143354374487777519E-0009
   9.80327922510927183164238179126120869         1.28927555300317663546188632259545065E-0009
   9.80206924561080855354520759176662008         1.30881934072316003122280058710632800E-0009
   9.80076252364614654081577628958584481         1.33025177753474708639778965928232096E-0009
   9.79935907211210403966934303716834176         1.35365376532917442432370323728240240E-0009
   9.79785890486018109479961572064446291         1.37911448581875144026442214095109342E-0009
   9.79626203669642284066539062677929835         1.40673194981235475415808195905300633E-0009
   9.79456848338127337180251757108682500         1.43661360628463135824052633793503099E-0009
   9.79277826162942019360343551306688357         1.46887701636167500890194877582006789E-0009
   9.79089138910962925509948666678767112         1.50365059793850310429846718315391345E-0009
   9.78890788444457056537416894541343767         1.54107444729625015832739044257342405E-0009
   9.78682776721063439532842233937371380         1.58130124480695318535241276205557312E-0009
   9.78465105793773806661196360244830489         1.62449725260931355332702625680350755E-0009
   9.78237777810912332962758449103075997         1.67084341301900177802095687313596823E-0009
   9.78000795016114433260821085233771140         1.72053655741211252497461801244346632E-0009
   9.77754159748304618385938217064438832         1.77379073640166222985097671480290285E-0009
   9.77497874441673410935265284023389705         1.83083868332728871696603868931082026E-0009
   9.77231941625653320794823652333996881         1.89193342441182253049875076490747390E-0009
   9.76956363924893880661801255484304927         1.95735005042113295695441453100453429E-0009
   9.76671144059235741813278755697274420         2.02738766631352426669671710943052838E-0009
   9.76376284843683830377045531113213956         2.10237153720206956966814182312708881E-0009
   9.76071789188379564369442258478712724         2.18265545100018332466788059332057652E-0009
   9.75757660098572131774436711400205063         2.26862432040278871185154225116979025E-0009
   9.75433900674588829947406538175465795         2.36069704940110561774188938559697189E-0009
   9.75100514111804466636367129399905575         2.45932969237037704830806410558231381E-0009
   9.74757503700609822922644142521129279         2.56501893694276470326694342279874800E-0009
   9.74404872826379178392248726878023995         2.67830594542268125374338787919199353E-0009
   9.74042624969436898858468897132200193         2.79978059346457758485194038340643281E-0009
   9.73670763705023086965442744032843184         2.93008614916500398500960131496338938E-0009
   9.73289292703258296011728157835048243         3.06992444067944342347714699961189236E-0009
   9.72898215729107307342129380132740605         3.22006156602513867538380146833213312E-0009
   9.72497536642341971665282903119596579         3.38133420494736429456016714302624266E-0009
   9.72087259397503114663743910138170138         3.55465659969117072435217835910462626E-0009
   9.71667388043861507272549506636677912         3.74102827932700281915186194515826377E-0009
   9.71237926725377901011466335178369324         3.94154261103222506149756658138145554E-0009
   9.70798879680662128765357710830438706         4.15739627155051319543475126921835691E-0009
   9.70350251242931271416329063025908907         4.38989974307171901230510132679274668E-0009
   9.69892045839966890740530135809145061         4.64048895014801853414582382295832006E-0009
   9.69424267994071328991707989249233898         4.91073816815947474055615991398834822E-0009
   9.68946922322023075602816269781265416         5.20237434945749009192005368827135336E-0009
   9.68460013535031201446193385400492693         5.51729303086721742667038083739675597E-0009
   9.67963546438688861102025042117427276         5.85757600596776471043996160671865261E-0009
   9.67457525932925863594004980055001655         6.22551096777242852713192643793710318E-0009
   9.66941957011960312060301600247694060         6.62361335241757378915064500830554925E-0009
   9.66416844764249312837127405847347487         7.05465064259733485652807916189355335E-0009
   9.65882194372438754441392703357303276         7.52166942115870266763281990090619127E-0009
   9.65338011113312156948104730057895525         8.02802550095829449769174765100695614E-0009
   9.64784300357738592267348202352173167         8.57741749729980421581559047107357486E-0009
   9.64221067570619675834853125799071001         9.17392425461079679203802140218458981E-0009
   9.63648318310835630239320480609490728         9.82204659014888642720245016063295113E-0009
   9.63066058231190421318836005906220967         1.05267538752095820116427589453590765E-0008
   9.62474293078355967267856661689720648         1.12935360394018932763047025094164440E-0008
   9.61873028692815421305403358858686697         1.21284616570391844462742421864370201E-0008
   9.61262271008805528464237124509991015         1.30382428576687527229783366112874912E-0008
   9.60642026054258057069933921843580633         1.40303078964900259658610716953848444E-0008
   9.60012299950740305487905781135421531         1.51128823263130280901741206918505451E-0008
   9.59373098913394684725542630282034435         1.62950798324028876841429390877122028E-0008
   9.58724429250877377485770150286492049         1.75870039268780305680064396890308795E-0008
   9.58066297365296074277434032727929679         1.89998618523627936853091545165380942E-0008
   9.57398709752146787197030092772802866         2.05460922177050308597109822101743792E-0008
   9.56721673000249742005402702743390215         2.22395080844418960541076341142874367E-0008
   9.56035193791684349132130867814338925         2.40954574443827805094453846250767764E-0008
   9.55339278901723254249411877279089352         2.61310032796418951698256394137432794E-0008
   9.54633935198765469066336742294117358         2.83651256806295553448390300794495522E-0008
   9.53919169644268583003529484411946675         3.08189488193713090430596640568781871E-0008
   9.53194989292680056417193678959076235         3.35159959401464209723868053517314810E-0008
   9.52461401291367596050674393871848136         3.64824759425920846360879997214456860E-0008
   9.51718412880548613400701708506593812         3.97476056006631921376017298623217781E-0008
   9.50966031393218766694533258790877601         4.33439719916188748643324457469278519E-0008
   9.50204264255079587183257645548022500         4.73079403109907882162563474364790718E-0008
   9.49433118984465190465557972642859086         5.16801129318922462583948906996340082E-0008
   9.48652603192268073565265161567012468         5.65058463409805171541539923994521123E-0008
   9.47862724581863998495053930080824248         6.18358334613046462103613309840571571E-0008
   9.47063490949035963047650335500442284         6.77267598682673396207387411599041097E-0008
   9.46254910181897259564928479178312969         7.42420435350320492425347202412661871E-0008
   9.45436990260813622444275258761065433         8.14526690261271935245437851280720553E-0008
   9.44609739258324465150595850081495672         8.94381285134267033792749644125154018E-0008
   9.43773165339063207511318812285920230         9.82874836406189738408300694886524233E-0008
   9.42927276759676694080738249324267873         1.08100564137403643387077702065676055E-0007
   9.42072081868743704369001239623388178         1.18989321213284600435250837137691723E-0007
   9.41207589106692555740011675086174619         1.31079356177368932954669835982480680E-0007
   9.40333807005717799791476642049769599         1.44511647474098066986719061472465360E-0007
   9.39450744189696013039268442113162441         1.59444502439664275913745244427851039E-0007
   9.38558409374100682737214201504985105         1.76055763620311122544944221799708579E-0007
   9.37656811365916188672355665683407854         1.94545303508851922502722087194304982E-0007
   9.36745959063550881784644132999838568         2.15137846114293492893725555568646190E-0007
   9.35825861456749260468949459456582940         2.38086158954812278345073445866871540E-0007
   9.34896527626503245426167577868351938         2.63674664939679765888293040016046361E-0007
   9.33957966744962553939107931204717133         2.92223530275326565223997866598656378E-0007
   9.33010188075344174457730533735934465         3.24093292101325302287254318003382773E-0007
   9.32053200971840942387181957103919651         3.59690098154530852567187574126943949E-0007
   9.31087014879529217980950303955666597         3.99471640510732958182722012077457564E-0007
   9.30111639334275667250321091757155768         4.43953876517689143462236976603989014E-0007
   9.29127083962643146810168836388854159         4.93718642586270166528926070568324498E-0007
   9.28133358481795693589962911735012448         5.49422280745375918363309535204238004E-0007
   9.27130472699402620347700880433528611         6.11805414014566132211427971408892589E-0007
   9.26118436513541717933307855057044794         6.81704024958048252742487840704647615E-0007
   9.25097259912601565256856471146395005         7.60062012539097740812231047227406857E-0007
   9.24066952975182947925768646703943446         8.47945425915665380513426957886823720E-0007
   9.23027525869999386523957380059235673         9.46558600466897225735273793117491175E-0007
   9.21978988855776775514654312619107568         1.05726245152294998919730779751643153E-0006
   9.20921352281152133757446568180165333         1.18159521544389483997052759727240684E-0006
   9.19854626584571467638814389580125976         1.32129596637127860497384290936438481E-0006
   9.18778822294186747824219239959223628         1.47833128073467659687103681462203982E-0006
   9.17693950027752000648540233354339178         1.65492547108205628394933785499913330E-0006
   9.16600020492518515170394921415545040         1.85359486674158257297029952978840217E-0006
   9.15497044485129166924608503475227846         2.07718668202459527440091617428417201E-0006
   9.14385032891511859415813359871626833         2.32892308405141566646494396906423282E-0006
   9.13263996686772084404868347290026915         2.61245115283549916489372476514832746E-0006
   9.12133946935084602048484453996054650         2.93189951712570290700033854559378795E-0006
   9.10994894789584241961130106359126186         3.29194255193746867961425139640342610E-0006
   9.09846851492255826276965560265900440         3.69787313909822130687854294984937781E-0006
   9.08689828373823215798221316273593715         4.15568512204037364270504076956091646E-0006
   9.07523836853637480325090280126179360         4.67216673221442018468230890323154456E-0006
   9.06348888439564194270847365133594911         5.25500642876387194404505734397644559E-0006
   9.05164994727869858674543314582593048         5.91291277759919308679907981378678780E-0006
   9.03972167403107450732241625602753109         6.65575020303754573273771766394639501E-0006
   9.02770418238001101976378495655742376         7.49469267727478735554767732670527818E-0006
   9.01559759093329906241425604062704222         8.44239767290457839470990590686622420E-0006
   9.00340201917810858562624198856178248         9.51320299453334090571470854018196396E-0006
   8.99111758747980926163136298972671075         1.07233494305677119999593002115043269E-0005
   8.97874441708078252693524758734978894         1.20912325290659087053429939781610263E-0005
   8.96628263009922496896028391167305077         1.36376872060334813667214368229561368E-0005
   8.95373234952794306874641224512138324         1.53863093448965251751036938872002942E-0005
   8.94109369923313931160536188061006160         1.73638190465958693339990834730472125E-0005
   8.92836680395318967770893004871886407         1.96004707456115353607163275529769866E-0005
   8.91555178929741252467697726040393368         2.21305160233399028957550412285967779E-0005
   8.90264878174482887431577089952723555         2.49927256319763605738899082797455974E-0005
   8.88965790864291411574214646526137911         2.82309779950242905121505718384038922E-0005
   8.87657929820634113721367267106204833         3.18949222805887755312162814288437801E-0005
   8.86341307951571489906960181827094753         3.60407250567087455521622541876492190E-0005
   8.85015938251629846027185964359807512         4.07319105402065765637371836775601773E-0005
   8.83681833801673047111967835702130167         4.60403055479512395581053284965906106E-0005
   8.82339007768773414479570200753788749         5.20471014579717930533682973877303378E-0005
   8.80987473406081772048549380743576489         5.88440467931747658116426406156310810E-0005
   8.79627244052696643089634978128430199         6.65347854577008203692966327024540337E-0005
   8.78258333133532598708517125487812674         7.52363571897045628408199966837880132E-0005
   8.76880754159187759358886943435589900         8.50808784481004211867323001318170165E-0005
   8.75494520725810450693436782036906671         9.62174237268509162007093973890455330E-0005
   8.74099646514965015068873163146916106         1.08814129189282858738671864527256670E-0004
   8.72696145293496780029328695106603083         1.23060542535192072045688811076425254E-0004
   8.71284030913396185100879514091489248         1.39170245150992806178427749703772335E-0004
   8.69863317311662068238181935993909596         1.57383774840496291101432029900332484E-0004
   8.68434018510164113272535897040776967         1.77971879779735248003218952874250801E-0004
   8.66996148615504459718963338548919800         2.01239136767520221194741852983826600E-0004
   8.65549721818878476308156869573233942         2.27527969332407604478180434035157871E-0004
   8.64094752395934699617407739115316469         2.57223103778102042912299695653182997E-0004
   8.62631254706633939182862285571289449         2.90756503766825800578269968703947860E-0004
   8.61159243195107550483682523880347161         3.28612826508611072778035857959834035E-0004
   8.59678732389514877196899299198021349         3.71335445988088495200642223333603998E-0004
   8.58189736901899864129945398803535277         4.19533090851449792043427497735123459E-0004
   8.56692271428046842246041090438465734         4.73887146513518120580907623048050716E-0004
   8.55186350747335487205775664580850141         5.35159672631543927330477572002764298E-0004
   8.53671989722594952856385619639296847         6.04202188214496274451524386592453205E-0004
   8.52149203299957181108373062198714260         6.81965277161114066417934050537718765E-0004
   8.50618006508709389647236618895458736         7.69509066792560373582076453905013682E-0004
   8.49078414461145738936201592017824912         8.68014630788829663844743051023717867E-0004
   8.47530442352418179973936157431637472         9.78796365649728872488809664607750913E-0004
   8.45974105460386484279326020975870670         1.10331538615213798839196838445288329E-0003
   8.44409419145467457583451038257949529         1.24319398000785021188107114557967666E-0003
   8.42836398850483338716963783144268664         1.40023115475349426745116870513089917E-0003
   8.41255060100509385189111842674308494         1.57641930050835749681504963141412576E-0003
   8.39665418502720646962672641257285565         1.77396198026927390884905119912242266E-0003
   8.38067489746237929937081775615034355         1.99529284449602244627495850919618273E-0003
   8.36461289601972950660033094936838521         2.24309564846935152605796020802924832E-0003
   8.34846833922472683795811009181522087         2.52032532884457690516364911252557336E-0003
   8.33224138641762903886582673617733634         2.83023006952301598412273955500232178E-0003
   8.31593219775190922950829700902283977         3.17637425595219819477862213521696811E-0003
   8.29954093419267525471035814775580360         3.56266218076732298769596823450902459E-0003
   8.28306775751508102330668303469991917         3.99336232182741821879029831607280138E-0003
   8.26651283030272985268397177999926163         4.47313196572302274699505859172841598E-0003
   8.24987631594606983425386512601994783         5.00704189531364598050094449616050102E-0003
   8.23315837864078123569367463843160398         5.60060079842102450690076159663466525E-0003
   8.21635918338615595587061853590888487         6.25977898616293793104813598913967560E-0003
   8.19947889598346904844368881573123359         6.99103093337098263101946653689703915E-0003
   8.18251768303434233021555428233378770         7.80131607003982670974458992436762047E-0003
   8.16547571193910009038502440749228233         8.69811716192439931047652163227344684E-0003
   8.14835315089511691692855987329393537         9.68945552057004898062926451575535613E-0003
   8.13115016889515765641711640291181940         1.07839021788258245372872242685505436E-0002
   8.11386693572570952365224830160000313         1.19905840581625961520623331869696131E-0002
   8.09650362196530637758287624498726669         1.33191840401736691664081809691560406E-0002
   8.07906039898284518004143949899059034         1.47799337381800526670078932118794327E-0002
   8.06153743893589465391530517242185818         1.63835976480865645890004439898698203E-0002
   8.04393491476899615744629552815883259         1.81414472432773215419955045279299830E-0002
   8.02625300021195679142801805175008137         2.00652234697465740433066560342573042E-0002
   8.00849186977813475614734113930428505         2.21670859988441862859500245487809918E-0002
   7.99065169876271697499285016289221362         2.44595475106990556724756995577065441E-0002
   7.97273266324098900172944354652050546         2.69553912170464158725700182087442287E-0002
   7.95473494006659722851438558572448382         2.96675697940824178350459910213934533E-0002
   7.93665870686980341180612131733273027         3.26090838911413926786820811530447946E-0002
   7.91850414205573153339297804300257664         3.57928384172415713246552166615026021E-0002
   7.90027142480260701384452738240712114         3.92314748933908577422919285375283327E-0002
   7.88196073505998829576386023284301877         4.29371783031272294143040975002653529E-0002
   7.86357225354699081429433399658200363         4.69214570867210830588670881512993511E-0002
   7.84510616175050337240948616225802919         5.11948952157268097832376629950198257E-0002
   7.82656264192339693858977005041699658         5.57668756641346435400441830108149478E-0002
   7.80794187708272588456455651621500343         6.06452750699847710506767377904730603E-0002
   7.78924405100792168087245890600700496         6.58361299660690201136737301940678056E-0002
   7.77046934823897906806747685281525068         7.13432756582655933400778724208954847E-0002
   7.75161795407463472147271683373035482         7.71679596514898569115130617324649826E-0002
   7.73269005457053842745753306723766892         8.33084324702917938134037057272924096E-0002
   7.71368583653741678928784056908264919         8.97595197949110926693479594246385058E-0002
   7.69460548753922948067308228214635011         9.65121810314937327863499859272657394E-0002
   7.67544919589131806520688342120991639        0.103553060749984409459453076852732068      
   7.65621715065854739997179780152396325        0.110864040842295136734953297351945619      
   7.63690954165343964165174222661682360        0.118421802757734418190057154510545120      
   7.61752655943430087356872527340600885        0.126197410736179251353189085173765288      
   7.59806839530334037213330531083814154        0.134155928547879109093019366565362170      
   7.57853524130478253127085860318622662        0.142256083819164919915847088511434260      
   7.55892729022297146345820116379247359        0.150449995523496739651593451470077899      
   7.53924473558046829607738692428137854        0.158682981585444319757880907897766541      
   7.51948777163614118186559905471778491        0.166893464710000002397984784756789969      
   7.49965659338324804231196020030684222        0.175012995430526461861824287261644749      
   7.47975139654751206292381028031504011        0.182966411876763332876366269860313544      
   7.45977237758518995935653661705800333        0.190672155803862114625312153464472546      
   7.43971973368113303347238982101877309        0.198042763893736217955178111682649718      
   7.41959366274684103846487934824747605        0.204985552138366652175490433012372061      
   7.39939436341850887225631426582421195        0.211403509139820530010334734526570847      
   7.37912203505506611844683680988057754        0.217196411318168684209455534736332407      
   7.35877687773620945416388809988105243        0.222262169221782633287020499063835209      
   7.33835909226042794423144618585134805        0.226498409317177099195187177715857515      
   7.31786888014302124114858575717894103        0.229804289753830293802878858849853686      
   7.29730644361411071043692563956563537        0.232082541640376162830575434031371414      
   7.27667198561664350098635395964536203        0.233241719357914629426180570022008158      
   7.25596570980438958009805087556044863        0.233198634445963063653171370784283319      
   7.23518782053993175299326436919598907        0.231880937752682044786979858991945881      
   7.21433852289264868662553508650349862        0.229229804030101992899114055698367253      
   7.19341802263669095770311091302595990        0.225202662230260132959856803486131880      
   7.17242652624895014489714020092340907        0.219775903742968047708158510482003635      
   7.15136424090702098527988364198712846        0.212947490105956597854339789427176517      
   7.13023137448715661510563803076283016        0.204739371779613924608892232659228382      
   7.10902813556221691511531990737309131        0.195199620943198096601196693042057568      
   7.08775473339960998061371263728985906        0.184404174525093528307657430392359014      
   7.06641137795922673663623620347816541        0.172458079455907521465821460749565454      
   7.04499827989136871858975418530368872        0.159496131081436420245351821474859138      
   7.02351565053466903881938641064002800        0.145682798440808755011133528116475890      
   7.00196370191400655962054792698259835        0.131211337317025804392210886833890099      
   6.98034264673841329328248458032326758        0.116302004145444947090281788546809691      
   6.95865269839897504981642195531032119        0.101199301451421957931520526433155884      
   6.93689407096672535308808705706450192         8.61682087558615008878991373290914984E-0002
   6.91506697919053264614080024620775966         7.14893819084001205849156575278121899E-0002
   6.89317163849498080656156791846963383         5.74533384046523756469811513595736115E-0002
   6.87120826497824299280863359497390101         4.43536859458205316918176024436415560E-0002
   6.84917707540994884248476580731383995         3.24794955048941084890696573794081949E-0002
   6.82707828722904504360617477317421368         2.21069673137058666870847774083637498E-0002
   6.80491211854164929998235571597203322         1.34905869453703356192950424139718794E-0002
   6.78267878811889771188735414023683206         6.85401713122207620537522540739077229E-0003
   6.76037851539478559326793678976213355         2.38101686525320512939897197012773037E-0003
   6.73801152046400174679893074652342472         2.06720155168514219294190288100618686E-0004
   6.71557802407975621816056153563446126         4.09639692622210027889753527980615733E-0004
   6.69307824765160155097697854793898116         3.00478282606269413127796372249959391E-0003
   6.67051241324324756391930194202681746         7.93827562478192692062051418669842663E-0003
   6.64788074357036967154045880842843787         1.50838827851509915910769663436643820E-0002
   6.62518346199841077047279713948101562         2.42417842615188351162752901115268469E-0002
   6.60242079254037671268297341997401355         3.51399219664214961729007696793854149E-0002
   6.57959295985462538754190280938195428         4.74381605986138161304287119129719335E-0002
   6.55670018924264943453063930159849782         6.07354155111713539520286815456132026E-0002
   6.53374270664685260846591630004077464         7.45797885728601849186851477207233086E-0002
   6.51072073864831981919172511436317170         8.84816225713021600145518819424567358E-0002
   6.48763451246458086774573935150405401        0.101929239655374412233270819659229630      
   6.46448425594736790107160642222392745        0.114406974894141429825780003899460833      
   6.44127019758036660741012280065946450        0.125414958958951354540352517528187893      
   6.41799256647696117456408664684501688        0.134489952238579382758510829401147616      
   6.39465159237797303329317932092790438        0.141226395459781123827155366378366351      
   6.37124750564939340815656557537410434        0.145296728892245487125550785427985238      
   6.34778053728010969818202020244309138        0.146469953475224478061130539357476956      
   6.32425091887962570980128603539472459        0.144627372359262397729895656703619014      
   6.30065888267577576455204385224699210        0.139774469022994519468003376042837418      
   6.27700466151243270410732831158729157        0.132047955148984453774432044736082670      
   6.25328848884720981525345496429893193        0.121717162153682025897538749210551702      
   6.22951059874915669749753103864416143        0.109179155754496954626173601386993047      
   6.20567122589644909604540649669383593         9.49472204357281766632432872065600426E-0002
   6.18177060557407272295048121756981975         7.96326829974268200716551395030206832E-0002
   6.15780897367150108929311848954263915         6.39204097581290827734190893817265829E-0002
   6.13378656668036737130952370309789050         4.85387040293328071277831761990377672E-0002
   6.10970362169213033344782964727133153         3.42247284937005824987347449114917940E-0002
   6.08556037639573433138778554070783714         2.16869568248218245405328501581127123E-0002
   6.06135706907526341811887529811519158         1.15664935184877530330086898680940014E-0002
   6.03709393860758957622989096539549056         4.39936267777572778556933380880249517E-0003
   6.01277122446001509962095917833005125         5.82028404993526911383386577815256039E-0004
   5.98838916668790914790676133810867489         3.42447348395634617314750554821465813E-0004
   5.96394800593233849683720138233239691         3.71884873226665192639914214330081322E-0003
   5.93944798341769250811905799474851096         1.05481770295521350962241128751238361E-0002
   5.91488934094930234207921027553805970         2.04657147712139179967176428378707915E-0002
   5.89027232091105443666684672338699022         3.29168362250610608482291246982750290E-0002
   5.86559716626299827634865630003433558         4.71811472412195952179168635385196436E-0002
   5.84086412053894847450735679899413629         6.24084752076970472018540350232985824E-0002
   5.81607342784408119301003916647707522         7.76653302574401942555960254464328700E-0002
   5.79122533285252492266869627027727786         9.19896191368780844444040937522377772E-0002
   5.76632008080494564837096032992936672        0.104450618300130932656133218748619855      
   5.74135791750612642271449425948094798        0.114210568144370150495297414287272609      
   5.71633908932254137203366798578326223        0.120583799955930449402594797899266494      
   5.69126384317992415876210084561582984        0.123089108637935103218770054556101288      
   5.66613242656083092412936489189494023        0.121491182966449445572746761987191320      
   5.64094508750219773524462081266848906        0.115827328577097075699487717598406896      
   5.61570207459289256067419764890593887        0.106416472147315455202677464819299413      
   5.59040363697126179867412905293062608         9.38484971195862758166517958631240490E-0002
   5.56505002432267138229242192573830139         7.89532824790159128670625752504334866E-0002
   5.53964148687704248560935737778107941         6.27503193613085618805457124270859594E-0002
   5.51417827540638185543740854580808460         4.63813633633972232014033361488595831E-0002
   5.48866064122230679285540434214603156         3.10301214999412731698909167734044515E-0002
   5.46308883617356480900437218884633041         1.78343384016658664425709527692431160E-0002
   5.43746311264354797962505567626615535         7.79670197174263219901194310857947627E-0003
   5.41178372354780202286942436511487769         1.70161040698921935831809104055059875E-0003
   5.38605092233153012497057210639431591         4.49297488761835733062105733947653165E-0005
   5.36026496296709153840723677099125036         2.98335915287012301555929356898895251E-0003
   5.33442609995149497725076764833802054         1.03088914300605437569747734755113957E-0002
   5.30853458830388683443371648233612631         2.14521448292225975620808146632776786E-0002
   5.28259068356303424573033365583765186         3.55161419382234940060828257714239264E-0002
   5.25659464178480302529011190800891107         5.13395726626175337625786465865945810E-0002
   5.23054671953963049761613566988381263         6.75858991220979405478201353085950705E-0002
   5.20444717390999325093036413279436855         8.28520754741428152225665851064958747E-0002
   5.17829626248786983691810002501082500         9.57884169628691342475178406171294532E-0002
   5.15209424337219844189377326913166147        0.105219506342603701783037216209836485      
   5.12584137516632955447979873426650324        0.110255188054349983632206841336825225      
   5.09953791697547365493964969302428918        0.110380830890205137432945257234396265      
   5.07318412840414395135542285637052327        0.105517219090344180451562908350193571      
   5.04678026955359418788905650461578775         9.60426438912198400020410546060712618E-0002
   5.02032660101925155041499977766133356         8.27728900195054785764183178895353806E-0002
   4.99382338388814469486051815213340297         6.68986158933347137859714312427885355E-0002
   4.96727087973632692363795703962617769         4.98837893616801826749524432300517280E-0002
   4.94066935062629453560117181385209756         3.33329687946655023582036533973200667E-0002
   4.91401905910440037500596794244847803         1.88388815981788856384861024915308723E-0002
   4.88732026819826260500177879136919338         7.82452382028183333449767109136467732E-0003
   4.86057324141416873122894061853956351         1.39551319628198292516560612179119132E-0003
   4.83377824273447490114280381359841322         2.18401011892432138272780339528303752E-0004
   4.80693553661500050473254610941129966         4.43895355129326134536910442376764940E-0003
   4.78004538798241810234892682842671239         1.36510904801580654018833224144390872E-0002
   4.75310806223163870540134077517661726         2.69224390149184968559587352114074940E-0002
   4.72612382522319243573039569011265571         4.28767320235178881953731824284425814E-0002
   4.69909294328060458950784778684755828         5.98270999967918273205913123756881005E-0002
   4.67201568318776713156108535457973835         7.59483393127862083445967405045339453E-0002
   4.64489231218630564606445027237733086         8.94711778998147164726183781699283310E-0002
   4.61772309797294176958453110696888805         9.88780590000676367000277720997358717E-0002
   4.59050830869685113251114880814089035        0.103078556190018950912512535096164751      
   4.56324821295701683495008643571825789        0.101543551149282527969259489966019408      
   4.53594307979957848319768741187973687         9.43808238137699467697494900592109577E-0002
   4.50859317871517681296126205725206072         8.23405025970075519215598197067364271E-0002
   4.48119877963629392553279920639624811         6.67463846610865787072047187416240233E-0002
   4.45376015293458916316677807805585799         4.93576863481127302911943173525032412E-0002
   4.42627756941823064995591487054300233         3.21743563378039117608465661805728516E-0002
   4.39875130032922252454145833811284976         1.72066275977562546459673917671308612E-0002
   4.37118161734072789103716845790222772         6.23498679573900231653402880280461805E-0003
   4.34356879255438751458837179932869749         5.89361892861150952374885034234683176E-0004
   4.31591309849763428802948594167915652         9.75526882035007626729688866054249331E-0004
   4.28821480812100349614514283645084752         7.37234802098291949377095264095298007E-0003
   4.26047419479543890408151696691005994         1.90158490415092068889843807246927907E-0002
   4.23269153230959469649567810895365513         3.44759050403124667969986217826731815E-0002
   4.20486709486713329407174003793094170         5.18198288145658458713954203421412092E-0002
   4.17700115708401907407326525143305078         6.88456053784047867021361376712723384E-0002
   4.14909399398580802164181128660264578         8.33575829776164293211608730022109234E-0002
   4.12114588100493333859166610327501553         9.34504740734941812776552661063561193E-0002
   4.09315709397798703649071788485070980         9.77646951722764038580873864049718233E-0002
   4.06512790914299754085703808344388947         9.56780416622000954389101421650763514E-0002
   4.03705860313670333334012521338312781         8.74055065570624982710554790209760740E-0002
   4.00894945299182265879486038900949329         7.39900973461741290007210028224184108E-0002
   3.98080073613431932419506352298474973         5.71815346124408374088622332556129905E-0002
   3.95261273038066461637211106667583610         3.92149704346574202868246341507902734E-0002
   3.92438571393509536560238180393060676         2.25162831076944182327045820405547467E-0002
   3.89611996538686818210533612564319410         9.37199691680748571977634226125153188E-0003
   3.86781576370750989255180603949639901         1.60862131391203294750158263755535572E-0003
   3.83947338824806420371957753437062304         3.26939163995340305129342150646196112E-0004
   3.81109311873633462047058345197104958         5.73102038436709250490759191798827777E-0003
   3.78267523527412364526099335173756044         1.70799336106886656251301095882998226E-0002
   3.75422001833446828643218662420259410         3.27736346343479950420678038176727010E-0002
   3.72572774875887190256702595043913893         5.05654747689755355874324304772968786E-0002
   3.69719870775453241023200976153624485         6.78748677188861754455975204828966230E-0002
   3.66863317689156688246177426525329903         8.21577109381764654174540455156833559E-0002
   3.64003143810023256537803752289774584         9.12817462417827306886779527454207423E-0002
   3.61139377366814434037042962647031760         9.38510590212319168417353289071212081E-0002
   3.58272046623748865930173389532128729         8.94292342619653481187952811327836520E-0002
   3.55401179880223398023487383672685805         7.86239641003756770503662614468502783E-0002
   3.52526805470533773121351905236756704         6.30155320175898813661876395184001974E-0002
   3.49648951763594982966244998179018260         4.49348861117895682011233062382073590E-0002
   3.46767647162661278500781601636220225         2.71205195531463787553957706337230139E-0002
   3.43882920105045841215114375747065148         1.23034163836915406466600935383658072E-0002
   3.40994799061840118346440169794921634         2.78253938024788799820595649056832961E-0003
   3.38103312537632824700660404580689772         5.72683880178485845330123892614090827E-0005
   3.35208489070228613869533945683925090         4.57672598101456986821376790787040094E-0003
   3.32310357230366421619923977289000791         1.56495555228440092509127765882124626E-0002
   3.29408945621437484234975915335823859         3.15335897316827369332934534835030532E-0002
   3.26504282879203034590271491968047583         4.96965046579611445328111964361893311E-0002
   3.23596397671511678751184768933260919         6.72104294200654512571407422167994726E-0002
   3.20685318698016455880818964347784099         8.12202240345466623960769768396276123E-0002
   3.17771074689891584251028573953384387         8.94108415707802573265000589504140189E-0002
   3.14853694409548896152129303816057238         9.03966754629459553302546112304196823E-0002
   3.11933206650353964499968775771637993         8.39660453313294186849925946881673787E-0002
   3.09009640236341923942073789505371921         7.11358725310716797926663201612541771E-0002
   3.06083024021932989267605095931244113         5.40019743452015377246532297169097757E-0002
   3.03153386891647673928838125753336618         3.54044795573719644430995346924087858E-0002
   3.00220757759821711484847895260431462         1.84599696763533714226356794858202054E-0002
   2.97285165570320682781008349314683631         6.03646099271142231506242738081867885E-0003
   2.94346639296254351680820670207443958         2.59679257399174886324618511474124273E-0004
   2.91405207939690712169461551906226477         2.13655511792398391768071627714706650E-0003
   2.88460900531369749651291083816810936         1.13642755475337956216415248754257552E-0002
   2.85513746130416919266380678418555852         2.63630051718168948935699396309120735E-0002
   2.82563773824056344053914385159122835         4.45323407914982667715747425670768064E-0002
   2.79611012727323735793081931252096932         6.26921068984038895786716862862917648E-0002
   2.76655491982779041354818891218016781         7.76342193455596602043891386216250044E-0002
   2.73697240760218817400458484132416826         8.66903411645133355049735460682600954E-0002
   2.70736288256388336266040603855924589         8.82143748964267860938467166686154477E-0002
   2.67772663694693425873676776559830603         8.18911636221746321282188030393769895E-0002
   2.64806396324912046513994785440922326         6.88115822546081588794906787075444116E-0002
   2.61837515422905607346283678733617320         5.12948771336000526616210678325289946E-0002
   2.58866050290330025465528758344429662         3.24846538406570920283736971117908237E-0002
   2.55892030254346530388066907299747397         1.57871156422631633579198055646778716E-0002
   2.52915484667332216810105229636490341         4.25108242345045617275033972171842552E-0003
   2.49936442906590348495830421577971798         2.80445884450461743125919173025390933E-0006
   2.46954934374060416154292543303715144         3.84146886838412870804154140508290027E-0003
   2.43970988496027952166674892099899098         1.50741658109467806022013200484804787E-0002
   2.40984634722834105027961466202809068         3.16263266955411878718013995162950108E-0002
   2.37995902528584976369385030536234540         5.04127967737093587309804223745894740E-0002
   2.35004821410860723430382027389190759         6.79051269384509935436049936568544458E-0002
   2.32011420890424429851095493755922641         8.07918538207429741016634378569877364E-0002
   2.29015730510930747658753729718540466         8.66082725156469607206154978211519952E-0002
   2.26017779838634313323510686326210522         8.42150035497400171560662253417073378E-0002
   2.23017598462097940761563884625796253         7.40307355021160418157408195781506246E-0002
   2.20015215991900594165567117819593872         5.79695969408133502725043830986335240E-0002
   2.17010662060345143544528204238974931         3.90895304782316360156923294929988641E-0002
   2.14003966321165905857526628481568910         2.10142500155307585027510269182711662E-0002
   2.10995158449235974627702010498045900         7.23687271390751517702620984520219853E-0003
   2.07984268140274340925051956747517620         4.38867496495085131165125936417364327E-0004
   2.04971325110552808608636953164156849         1.95791620287436156426118898360624984E-0003
   2.01956359096602706720820536269291253         1.15118906997008599568381127039263728E-0002
   1.98939399854921401928175006282002402         2.72378742780902487527450501640012225E-0002
   1.95920477161678613905656404767925985         4.60439768374382894018715721282523418E-0002
   1.92899620812422536562597349743295782         6.42094617021995909178653610544355106E-0002
   1.89876860621785768010982584024186134         7.81178552977420661940913447154281824E-0002
   1.86852226423191052178359729066666753         8.49787805480242435484098097900722497E-0002
   1.83825748068556834969596727951966874         8.33936647149725011442319695090923887E-0002
   1.80797455428002637883527789184265930         7.36490940146818319509590108242354250E-0002
   1.77767378389554251992331289522779387         5.76743775022721115186547653322180318E-0002
   1.74735546858848755193256041382878970         3.86667217224038681591179136217799161E-0002
   1.71701990758839355644056560914781424         2.04550221316509693810944759416539877E-0002
   1.68666740029500064295213469488034514         6.72783299256294887550729554596876324E-0003
   1.65629824627530199433701907044339671         2.81072187086590273384889372520304245E-0004
   1.62591274526058726154728813982692853         2.43969257352906277448086969933802604E-0003
   1.59551119714348433679489132545817237         1.27744458875969491543681234608346599E-0002
   1.56509390197499953438591373005916341         2.91760957984917476064705845946718247E-0002
   1.53466115996155620842374568505644874         4.82766133221571598868044590393398045E-0002
   1.50421327146203183660881389686033121         6.61348419063640621224192859574520088E-0002
   1.47375053698479359937766091000620000         7.90478866705749841042829139552064238E-0002
   1.44327325718473248363900999932647039         8.43211501125363471800037959067594039E-0002
   1.41278173286029594037901423543123873         8.08360218059549245745088168579955434E-0002
   1.38227626495051912542216119510130574         6.92941576640203708605814465467825082E-0002
   1.35175715453205475264828846987280847         5.20833295165228736622777261152900036E-0002
   1.32122470281620158897985962410500116         3.27885692939813791890677705497912496E-0002
   1.29067921114593162046705543301255476         1.54473725191963205527510576564207455E-0002
   1.26012098099291591881135095920740349         3.70309786955019671327618338362505322E-0003
   1.22955031395454923768107517378577922         3.42893125565664396112407911849324565E-0005
   1.19896751175097336818498626832455954         5.22386878066498625800814718576787861E-0003
   1.16837287622209928288214241358808948         1.81832846952601751437104780252601742E-0002
   1.13776670932462809771830437842284650         3.61725911907857770034489402407012727E-0002
   1.10714931312907088129077301022551195         5.53735103460911569348275555895113808E-0002
   1.07652098981676734085494098136558509         7.16966235749495786307734472906568310E-0002
   1.04588204167690341449692431174616161         8.16523733305066473511558529934575085E-0002
   1.01523277110352779890743487688047461         8.30999774984546643792890016254727390E-0002
  0.984573480592567442202560296898146963         7.57125592804199983407631507970829118E-0002
  0.953904472738842031247332171091716906         6.10561308452020837987107721299231531E-0002
  0.923226050233077502947887474157456631         4.22622110205442022494559061447214849E-0002
  0.892538515858918608987660966230129025         2.33613372389791118073974754377730917E-0002
  0.861842172489940563492388594085137271         8.41865611159824415734557107135987483E-0003
  0.831137323086659803117752983280417765         6.56921898109962431950632027547146122E-0004
  0.800424270693543889062262151203514006         1.75662932028669273643514629193618895E-0003
  0.769703318436020580516421422518582383         1.14862198944939388893826250284058250E-0002
  0.738974769517486109067436117789462198         2.77448674751449614577175751139913214E-0002
  0.708238927216312683586568832378943834         4.70112612556594217495884488301533783E-0002
  0.677496094882855255133869948256780109         6.51033251947778413341271737820268778E-0002
  0.646746575936457571422303351132169339         7.80853012092086523808007369008220428E-0002
  0.615990673862457550390301087279248110         8.31252813294765544249810472201196733E-0002
  0.585228692209192002438500819343461475         7.91157478352658645247894772482960997E-0002
  0.554460934585000730892848361977544973         6.69202859828067974058871417370863205E-0002
  0.523687704655230040262384232912342996         4.91906202689602847801561047698000996E-0002
  0.492909306139235681865877982453487361         2.97919469400256766729051671952384211E-0002
  0.462126042807385266407027006724038665         1.29606565900812393501185468561041822E-0002
  0.431338218478060173083197552440103387         2.37794334128249661797385909571921791E-0003
  0.400546137014656984817654631687443786         3.62202306358546900879304305223450596E-0004
  0.369750102322588479209904535019827946         7.35797530297353559159386016913020587E-0003
  0.338950418346284204803158514064682378         2.18347777095482719664836776678102648E-0002
  0.308147389066190672272018957421413690         4.06194120938116172009830309644253100E-0002
  0.277341318495771190137289965578760073         5.95900204184867574849342849347096319E-0002
  0.246532510678505374618322604349513850         7.45801844502206639319589123185569296E-0002
  0.215721269684888363236521247297664868         8.22945969898130805083710880219526357E-0002
  0.184907899609429761786561274072611900         8.10346853027425762445700831278609473E-0002
  0.154092704567652354294499944610130752         7.10739412634367871050079427282413241E-0002
  0.123275988693090605584301492838145843         5.45996060196256013756104537562680665E-0002
   9.24580561342889860763443547495950053E-0002   3.52328672604040540756046883487515100E-0002
   6.16392110518001484432329442731732841E-0002   1.72327664483713944898481047821249260E-0002
   3.08197576151829857496984989692256334E-0002   4.55898027641107761940151020911077162E-0003
   6.00704543221772133721764985001508439E-0016   1.76465223285784936138567122450369802E-0030
  -3.08197576151817843465407667523240301E-0002   4.55898027641072885134541630443413780E-0003
  -6.16392110517989470578612875243762410E-0002   1.72327664483707736947471470665239742E-0002
  -9.24580561342877847206159620682588071E-0002   3.52328672604032978317683988865001656E-0002
 -0.123275988693089404270073260256577903         5.45996060196248760215387488513324437E-0002
 -0.154092704567651153033628358570812600         7.10739412634362521240715705570012950E-0002
 -0.184907899609428560590902294409464588         8.10346853027423491839337257799168187E-0002
 -0.215721269684887162117930190222511937         8.22945969898132111578815935185728880E-0002
 -0.246532510678504173588654025444894610         7.45801844502211234371276740726590689E-0002
 -0.277341318495769989208397542798259369         5.95900204184874447681334125889871997E-0002
 -0.308147389066189471455755374098634816         4.06194120938123812482427522883055674E-0002
 -0.338950418346283004111375341932055055         2.18347777095489450478439951712940603E-0002
 -0.369750102322587278654452117238378322         7.35797530297397008985055358050605288E-0003
 -0.400546137014655784410381965888691542         3.62202306358647650830838387425408016E-0004
 -0.431338218478058972835952173781238655         2.37794334128224167010487190511491382E-0003
 -0.462126042807384066331654870957533072         1.29606565900806846387542821811516173E-0002
 -0.492909306139234481974223349012293308         2.97919469400249436174033483805641793E-0002
 -0.523687704655228840566289548011832783         4.91906202689595335934712730515525272E-0002
 -0.554460934584999531404154141735355149         6.69202859828061920037998130364067124E-0002
 -0.585228692209190803169045532918367835         7.91157478352655367401953304824581436E-0002
 -0.615990673862456351351921040030261700         8.31252813294765753457561052468695955E-0002
 -0.646746575936456372626832567798979711         7.80853012092090170330268527483746276E-0002
 -0.677496094882854056593140056162708080         6.51033251947784699862403903758435689E-0002
 -0.708238927216311485312408944657556981         4.70112612556601774713259305163764316E-0002
 -0.738974769517484911071672716636003462         2.77448674751456800312055924271023106E-0002
 -0.769703318436019382810878242467363678         1.14862198944944645088101675958465350E-0002
 -0.800424270693542691658760062432437315         1.75662932028691171964090503393263054E-0003
 -0.831137323086658606028109874943747227         6.56921898109827652872690301741129243E-0004
 -0.861842172489939366728419257675711898         8.41865611159778497125716577931502283E-0003
 -0.892538515858917412561176978972139151         2.33613372389784274182331908271877920E-0002
 -0.923226050233076306870697082430944676         4.22622110205434400606675830713450956E-0002
 -0.953904472738840835531240173889952788         6.10561308452014075145776278480534547E-0002
 -0.984573480592566246859367929319027964         7.57125592804195527512942535653322852E-0002
  -1.01523277110352660394893969365309743         8.30999774984545444137120927829523329E-0002
  -1.04588204167690221993492007079372585         8.16523733305068779999466195341820178E-0002
  -1.07652098981676614670121752740575990         7.16966235749501099458259833456584771E-0002
  -1.10714931312906968755711615840942474         5.53735103460918750521476741615466258E-0002
  -1.13776670932462690441649579801385083         3.61725911907865287032325008413184520E-0002
  -1.16837287622209809002395951168144471         1.81832846952608006040982411953640210E-0002
  -1.19896751175097217578220207360917706         5.22386878066535297318266166250493822E-0003
  -1.22955031395454804574545822034918227         3.42893125565971025196824959513076682E-0005
  -1.26012098099291472735466517038504679         3.70309786954988522226301669467708153E-0003
  -1.29067921114593042950106000528264914         1.54473725191957328786868980176075627E-0002
  -1.32122470281620039851630891102999879         3.27885692939806390710532970486412639E-0002
  -1.35175715453205356269893186608866683         5.20833295165221362930236622966489298E-0002
  -1.38227626495051793599874302035571458         6.92941576640197902050172194247453770E-0002
  -1.41278173286029475149327361867192309         8.08360218059546212270102013527684548E-0002
  -1.44327325718473129530268076284072666         8.43211501125363834629653388359445517E-0002
  -1.47375053698479241160247145361280821         7.90478866705753515114833950883698667E-0002
  -1.50421327146203064940648708215498295         6.61348419063646835734102877614848368E-0002
  -1.53466115996155502180599871971183450         4.82766133221579061513768061967515734E-0002
  -1.56509390197499834836445805218087009         2.91760957984924643351610514439433727E-0002
  -1.59551119714348315138143248799750671         1.27744458875974888139465095542077266E-0002
  -1.62591274526058607675352569505184250         2.43969257352931486261817926848062107E-0003
  -1.65629824627530081017464645446862795         2.81072187086503640706797922488575316E-0004
  -1.68666740029499945943283911225792378         6.72783299256254169474584071204995307E-0003
  -1.71701990758839237357602791751907138         2.04550221316503248953549762481197370E-0002
  -1.74735546858848636973445500863900946         3.86667217224031172661222889758764916E-0002
  -1.77767378389554133840330759450464182         5.76743775022714059021621500271674911E-0002
  -1.80797455428002519800503382103952883         7.36490940146813133211430006214397877E-0002
  -1.83825748068556716956713875642508757         8.33936647149722728387789936535599623E-0002
  -1.86852226423190934236783171038087427         8.49787805480243501625949433545818927E-0002
  -1.89876860621785650141876356022172668         7.81178552977424851980502943232973507E-0002
  -1.92899620812422418767124772260635285         6.42094617022002377524065559440369877E-0002
  -1.95920477161678496184980071563002083         4.60439768374390348320148762385235279E-0002
  -1.98939399854921284283456772904464103         2.72378742780909448473940189106923430E-0002
  -2.01956359096602589153221508593007915         1.15118906997013694250941376866077099E-0002
  -2.04971325110552691119317475927571528         1.95791620287458461866907086752278957E-0003
  -2.07984268140274223515171602101513918         4.38867496494978648498755254152180275E-0004
  -2.10995158449235857298419566561437661         7.23687271390710053970775800304402168E-0003
  -2.14003966321165788610000087904330283         2.10142500155301167857944777446454384E-0002
  -2.17010662060345026379914752773319991         3.90895304782308916715821115730237650E-0002
  -2.20015215991900477085023122899020610         5.79695969408126466700891067418579686E-0002
  -2.23017598462097823766244883952206725         7.40307355021155134898102889593757681E-0002
  -2.26017779838634196414571376465220322         8.42150035497397641518920145868960302E-0002
  -2.29015730510930630837347954703089532         8.66082725156470298987912044374062619E-0002
  -2.32011420890424313118376233698301069         8.07918538207433508329979908263602067E-0002
  -2.35004821410860606787501387101590284         6.79051269384516051727036127787081741E-0002
  -2.37995902528584859817494228159938620         5.04127967737100889288982488558013812E-0002
  -2.40984634722833988568210821846135357         3.16263266955418989666729785409659658E-0002
  -2.43970988496027835800213816485003933         1.50741658109473395481261761210931576E-0002
  -2.46954934374060299882269526422374060         3.84146886838443177616431901171162140E-0003
  -2.49936442906590232319393021356446695         2.80445884449624982768817641762504756E-0006
  -2.52915484667332100730400060609596200         4.25108242345013863297989355183781932E-0003
  -2.55892030254346414406239629294229561         1.57871156422625955934024989021377176E-0002
  -2.58866050290329909582724065171764421         3.24846538406563781808174260010864534E-0002
  -2.61837515422905491563645286892345273         5.12948771335993225430856203099082135E-0002
  -2.64806396324911930832665422828628876         6.88115822546075441338441305632894978E-0002
  -2.67772663694693310294798171194882603         8.18911636221742424818181632333922547E-0002
  -2.70736288256388220790753472609076216         8.82143748964266899662566457607739548E-0002
  -2.73697240760218702029902521468394015         8.66903411645135483532693156446510726E-0002
  -2.76655491982778926090132757947193293         7.76342193455601425015510533656944720E-0002
  -2.79611012727323620635403243292371691         6.26921068984045545619241163391042715E-0002
  -2.82563773824056229004379702308110736         4.45323407914989963648633978964769688E-0002
  -2.85513746130416804326125493136200199         2.63630051718175608150301894753629426E-0002
  -2.88460900531369634821449810018532258         1.13642755475342818646180665946855564E-0002
  -2.91405207939690597451167513766714838         2.13655511792420666502345280013729095E-0003
  -2.94346639296254237075206090975206821         2.59679257399096478082485418439765305E-0004
  -2.97285165570320568289204340137459740         6.03646099271105701525059278355564855E-0003
  -3.00220757759821597107984444021580133         1.84599696763527822049136087458553264E-0002
  -3.03153386891647559668044085919313883         3.54044795573712515709532656291665521E-0002
  -3.06083024021932875124008175410274134         5.40019743452008212700247935270807968E-0002
  -3.09009640236341809916800539517426352         7.11358725310710791931163371126234571E-0002
  -3.11933206650353850594144579729828943         8.39660453313290328388926557787385836E-0002
  -3.14853694409548782366878366219558074         9.03966754629458465283238658946613850E-0002
  -3.17771074689891470587473909291985012         8.94108415707804415752168951362906556E-0002
  -3.20685318698016342340082386018191390         8.12202240345471075506816965505642416E-0002
  -3.23596397671511565334386878167253189         6.72104294200660830541722196618474426E-0002
  -3.26504282879202921298531666772593040         4.96965046579618593208304904280208458E-0002
  -3.29408945621437371069412299445271366         3.15335897316834188549538962669679151E-0002
  -3.32310357230366308581653469129453252         1.56495555228445489886433851903197183E-0002
  -3.35208489070228500959672187349901886         4.57672598101488191468926321146803473E-0003
  -3.38103312537632711920321770824190339         5.72683880178843397051575909645195621E-0005
  -3.40994799061840005696737757026996568         2.78253938024764274995846780346087309E-0003
  -3.43882920105045728697159991052003730         1.23034163836910535230463314410215921E-0002
  -3.46767647162661166115685751798463567         2.71205195531457258675024341538078090E-0002
  -3.49648951763594870715116878722905578         4.49348861117888502449858606484763856E-0002
  -3.52526805470533661005299389479213145         6.30155320175892077604999878170793899E-0002
  -3.55401179880223286043617011788960530         7.86239641003751491407114497270723428E-0002
  -3.58272046623748754087590357634689912         8.94292342619650440264330765396784121E-0002
  -3.61139377366814322332851111877726541         9.38510590212318801885798822617945770E-0002
  -3.64003143810023144973105557925363451         9.12817462417829647622605924844665443E-0002
  -3.66863317689156576822073987096500544         8.21577109381769334672900784981847722E-0002
  -3.69719870775453129740792002577593653         6.78748677188868068664849154161542608E-0002
  -3.72572774875887079117086399770724789         5.05654747689762368882098486047325566E-0002
  -3.75422001833446717647492148592881205         3.27736346343486638426628085664971412E-0002
  -3.78267523527412253675357985802092425         1.70799336106892055558682603022600751E-0002
  -3.81109311873633351342396212346019870         5.73102038436742683846647751699120373E-0003
  -3.83947338824806309814467447428526526         3.26939163995422422013801150861165373E-0004
  -3.86781576370750878845953282579109399         1.60862131391185226458363168282588682E-0003
  -3.89611996538686707950658970331447770         9.37199691680706840874700031382630354E-0003
  -3.92438571393509426450804437746854550         2.25162831076938228131760537962673931E-0002
  -3.95261273038066351679304999266106173         3.92149704346567288874031666974955979E-0002
  -3.98080073613431822614213120283203703         5.71815346124401440527173317790954760E-0002
  -4.00894945299182156227889416185893885         7.39900973461735266203032530016566191E-0002
  -4.03705860313670223837194724913999206         8.74055065570620662541960189330253145E-0002
  -4.06512790914299644744745527596814059         9.56780416621998893568220291801363743E-0002
  -4.09315709397798594465052174529735355         9.77646951722764486599534530572233090E-0002
  -4.12114588100493224833163265358622738         9.34504740734944687183675986457276418E-0002
  -4.14909399398580693297270095315279173         8.33575829776169197965599083000656096E-0002
  -4.17700115708401798700582275882762477         6.88456053784054150826008374108793683E-0002
  -4.20486709486713220861669430296046171         5.18198288145665304259155028693683183E-0002
  -4.23269153230959361266374213470359889         3.44759050403131199456433169427269277E-0002
  -4.26047419479543782188338773702783641         1.90158490415097463487558743203197965E-0002
  -4.28821480812100241559150120957090029         7.37234802098327840199313410441791415E-0003
  -4.31591309849763320913099654600718597         9.75526882035142422788857581982288331E-0004
  -4.34356879255438643735568292738610032         5.89361892861046136674548157755138422E-0004
  -4.37118161734072681548091196143173682         6.23498679573867163357709431506777847E-0003
  -4.39875130032922145067224952314645908         1.72066275977557386976098433865264386E-0002
  -4.42627756941822957778435239263317981         3.21743563378032724874870161521863695E-0002
  -4.45376015293458809270344383767108654         4.93576863481120431121563238667211906E-0002
  -4.48119877963629285678825824448195310         6.67463846610859233493321990627316427E-0002
  -4.50859317871517574594606245095790781         8.23405025970070030663907181629365713E-0002
  -4.53594307979957741792236017045437941         9.43808238137695656118011730709081087E-0002
  -4.56324821295701577142514539657251691        0.101543551149282355614961567094635041      
  -4.59050830869685007074709053308043412        0.103078556190019004288856248862476347      
  -4.61772309797294070959183477859740495         9.88780590000679073210129148423056087E-0002
  -4.64489231218630458785357759067121249         8.94711778998151720711415535492063999E-0002
  -4.67201568318776607514248043363534523         7.59483393127867970576053548886330657E-0002
  -4.69909294328060353489193705180201334         5.98270999967924838506557887267027344E-0002
  -4.72612382522319138292758777423924958         4.28767320235185411878389555022075770E-0002
  -4.75310806223163765442202641715578900         2.69224390149190766419709810266592475E-0002
  -4.78004538798241705320347876979366341         1.36510904801585112665494726311343500E-0002
  -4.80693553661499945743131899218121305         4.43895355129352757888556526146106398E-0003
  -4.83377824273447385569613407807032549         2.18401011892492298677960869992612573E-0004
  -4.86057324141416768764714640127987388         1.39551319628183196083550378470770409E-0003
  -4.88732026819826156329515982337580841         7.82452382028148745572401814257770319E-0003
  -4.91401905910439933518480544749663844         1.88388815981783800636077437500430579E-0002
  -4.94066935062629349767572840702284102         3.33329687946648872667810767597072992E-0002
  -4.96727087973632588761847662601847904         4.98837893616795178594708928183852186E-0002
  -4.99382338388814366075722582576095570         6.68986158933340625922104594456756849E-0002
  -5.02032660101925051823810172053501558         8.27728900195049017558481575113997337E-0002
  -5.04678026955359315764873988601274665         9.60426438912193900693637591751404103E-0002
  -5.07318412840414292306185573229094353        0.105517219090343897054936040877394540      
  -5.09953791697547262860298090583678023        0.110380830890205044116372481761579842      
  -5.12584137516632853011015781254311625        0.110255188054350086214902614652065286      
  -5.15209424337219741950127032767354304        0.105219506342603988416244000012061419      
  -5.17829626248786881651282566506545399         9.57884169628695770515973401149384068E-0002
  -5.20444717390999223252238934246540427         8.28520754741433732703634940112087454E-0002
  -5.23054671953962948121551172473450147         6.75858991220985638551738349334619930E-0002
  -5.25659464178480201090687027186005965         5.13395726626181678803161609825280786E-0002
  -5.28259068356303323337448588176112839         3.55161419382240847825305772105818341E-0002
  -5.30853458830388582411525411384486916         2.14521448292230956597292067794034700E-0002
  -5.33442609995149396897966212077354635         1.03088914300609085565955993428610527E-0002
  -5.36026496296709053219343931310960146         2.98335915287032561833047857952829914E-0003
  -5.38605092233152912082401364215145859         4.49297488762087071637763681732861572E-0005
  -5.41178372354780102080001541565248653         1.70161040698906609896108861734203191E-0003
  -5.43746311264354697964268626209877825         7.79670197174231351911788507643133411E-0003
  -5.46308883617356381111891173225086785         1.78343384016654076962914109500428516E-0002
  -5.48866064122230579707670156975453171         3.10301214999407096967342195814619592E-0002
  -5.51417827540638086177529139140478790         4.63813633633965972894070905044289346E-0002
  -5.53964148687704149407363288530467257         6.27503193613079193606867322057044511E-0002
  -5.56505002432267039289287615249036063         7.89532824790152996188472326363019781E-0002
  -5.59040363697126081142052697299117566         9.38484971195857344504595054623101948E-0002
  -5.61570207459289157557628305675710868        0.106416472147315022150992257782841174      
  -5.64094508750219675231211622702718103        0.115827328577096778901104129202526103      
  -5.66613242656082994337197145975551437        0.121491182966449302876496429778913412      
  -5.69126384317992318018949824650367953        0.123089108637935121571581469062405483      
  -5.71633908932254039565551433622029968        0.120583799955930624825805962796219608      
  -5.74135791750612544854042601766388789        0.114210568144370468797502280432724079      
  -5.76632008080494467641059220062177364        0.104450618300131370783982171193412951      
  -5.79122533285252395293162110991631612         9.19896191368786123371721639185382505E-0002
  -5.81607342784408022550582788849587758         7.76653302574407770463485073702148043E-0002
  -5.84086412053894750924555827936076956         6.24084752076976475979740802066057326E-0002
  -5.86559716626299731333879728300823148         4.71811472412201758959490525086497952E-0002
  -5.89027232091105347591843172749384216         3.29168362250615867109811205048371783E-0002
  -5.91488934094930138360172149976404680         2.04657147712143581623068596496342013E-0002
  -5.93944798341769155192195522495483460         1.05481770295524645168505283405102182E-0002
  -5.96394800593233754292992189789101024         3.71884873226685256651342477494939871E-0003
  -5.98838916668790819629871981876014078         3.42447348395696154027086721938132019E-0004
  -6.01277122446001415032154761126445822         5.82028404993446952133923241068071631E-0004
  -6.03709393860758862924847855255732673         4.39936267777551162731228118358425323E-0003
  -6.06135706907526247346480836373311092         1.15664935184874130119363421059605937E-0002
  -6.08556037639573338907038743905020410         2.16869568248213790406457715881214723E-0002
  -6.10970362169212939347640067062848609         3.42247284937000547007931287374992116E-0002
  -6.13378656668036643369334098999201813         4.85387040293322235872469565611166697E-0002
  -6.15780897367150015404143593316614845         6.39204097581284719171933066170956221E-0002
  -6.18177060557407179007252937445316617         7.96326829974262106994192564920480798E-0002
  -6.20567122589644816555039249560364281         9.49472204357275965307162158248566488E-0002
  -6.22951059874915576939463848971258742        0.109179155754496429175861246022166616      
  -6.25328848884720888955184386838513766        0.121717162153681577188408460537370377      
  -6.27700466151243178081613496987193762        0.132047955148984099646632470256861511      
  -6.30065888267577484368038077606062274        0.139774469022994272963201979738000310      
  -6.32425091887962479135824185628097240        0.144627372359262266772921965501590972      
  -6.34778053728010878217665958245755024        0.146469953475224465395117367673869953      
  -6.37124750564939249459792911761976441        0.145296728892245590481208665528921264      
  -6.39465159237797212219028348032806731        0.141226395459781336297565127299126429      
  -6.41799256647696026592592364115450478        0.134489952238579693344066786962493201      
  -6.44127019758036570124566052171508031        0.125414958958951748824263397698458456      
  -6.46448425594736699738978834743496932        0.114406974894141890738726401907992353      
  -6.48763451246457996655548445558381364        0.101929239655374920866203994284258672      
  -6.51072073864831892050192778130224468         8.84816225713026964408927996012134625E-0002
  -6.53374270664685171228544623532308964         7.45797885728607289909844398992808978E-0002
  -6.55670018924264854086834144466090349         6.07354155111718860430903824755412220E-0002
  -6.57959295985462449640659724631823127         4.74381605986143177945940658650083368E-0002
  -6.60242079254037582408345529648419381         3.51399219664219507092625130796236981E-0002
  -6.62518346199840988441783657406683708         2.42417842615192280217121737946551275E-0002
  -6.64788074357036878803880080583582658         1.50838827851513108968743112789862443E-0002
  -6.67051241324324668297966630693620612         7.93827562478216341184093793974827344E-0003
  -6.69307824765160067260805979890437074         3.00478282606284145279021556611482061E-0003
  -6.71557802407975534237102881927202766         4.09639692622264684933202965784650562E-0004
  -6.73801152046400087359742775195053797         2.06720155168475483586284342642824506E-0004
  -6.76037851539478472266308166328764684         2.38101686525307486406584394118622157E-0003
  -6.78267878811889684388773940030343889         6.85401713122185862342612932324080362E-0003
  -6.80491211854164843459654816835160000         1.34905869453700369910276384056149242E-0002
  -6.82707828722904418084271542641684901         2.21069673137054950117842288953826722E-0002
  -6.84917707540994798235216978845160034         3.24794955048936731457511715469528547E-0002
  -6.87120826497824213531539006547991265         4.43536859458200430826705012186073223E-0002
  -6.89317163849497995171613999047350402         5.74533384046518448457170503453610108E-0002
  -6.91506697919053179395162489896808065         7.14893819083995590005156150686943111E-0002
  -6.93689407096672450356357505369925984         8.61682087558609199523994081917694806E-0002
  -6.95865269839897420296495775978607297        0.101199301451421368818567997457629020      
  -6.98034264673841244911242627470385154        0.116302004145444360469309610329397429      
  -7.00196370191400571814022712893825518        0.131211337317025230221299366177588909      
  -7.02351565053466820003710819121768169        0.145682798440808202369983467995170845      
  -7.04499827989136788251379698695926414        0.159496131081435897208345265056953842      
  -7.06641137795922590327485175837168898        0.172458079455907035013902780552736426      
  -7.08775473339960914997512588584420077        0.184404174525093084276748270149162508      
  -7.10902813556221608720772891709712691        0.195199620943197699664063191096540923      
  -7.13023137448715578993721391533981700        0.204739371779613578286805181204270291      
  -7.15136424090702016285877048062911768        0.212947490105956304554493865471818314      
  -7.17242652624894932523145495799246466        0.219775903742967808782626193812000913      
  -7.19341802263669014080094335792300801        0.225202662230259948781823282892703956      
  -7.21433852289264787249494771382556060        0.229229804030101862952246507638456472      
  -7.23518782053993094164229231916261640        0.231880937752681967764002450766361088      
  -7.25596570980438877153470185471014009        0.233198634445963037560021079421111311      
  -7.27667198561664269521860816180272039        0.233241719357914651688484580910411193      
  -7.29730644361410990747273566708008946        0.232082541640376230399596591655652447      
  -7.31786888014302044099587654243576040        0.229804289753830403258501887694765687      
  -7.33835909226042714689811491305576682        0.226498409317177246843948356730222664      
  -7.35877687773620865965780412711624191        0.222262169221782815253603143138130066      
  -7.37912203505506532677584159144026796        0.217196411318168896520471791200911972      
  -7.39939436341850808342822127482069993        0.211403509139820768669582302733905006      
  -7.41959366274684025248747399949579645        0.204985552138366913230204810174261491      
  -7.43971973368113225035342939419780500        0.198042763893736497553093047606080642      
  -7.45977237758518917910375018014924125        0.190672155803862409062591306021386982      
  -7.47975139654751128554489861331982837        0.182966411876763638636677392732503319      
  -7.49965659338324726781459571924276681        0.175012995430526775646994805537560106      
  -7.51948777163614041025742573589504156        0.166893464710000321150806536897330887      
  -7.53924473558046752736602022885979972        0.158682981585444640677725156745374177      
  -7.55892729022297069765122796262001308        0.150449995523497060203558535015230711      
  -7.57853524130478176837583710191959453        0.142256083819165237834194158369615387      
  -7.59806839530333961215776497534637447        0.134155928547879422379660550520072655      
  -7.61752655943430011652016675545768496        0.126197410736179558271981094372574144      
  -7.63690954165343888753763728985164421        0.118421802757734717257625680472953856      
  -7.65621715065854664879958924770947542        0.110864040842295426708733119502492416      
  -7.67544919589131731698398501678405495        0.103553060749984689323578937379026815      
  -7.69460548753922873540687868504656509         9.65121810314940017359769500150115202E-0002
  -7.71368583653741604698568725586230333         8.97595197949113500939197613413842370E-0002
  -7.73269005457053768812675626047046271         8.33084324702920392793257052178611029E-0002
  -7.75161795407463398512061342970346227         7.71679596514900901446247521082816155E-0002
  -7.77046934823897833470131434951189613         7.13432756582658142082598909012377576E-0002
  -7.78924405100792095049947533137920134         6.58361299660692286098671945150614406E-0002
  -7.80794187708272515719196035674713054         6.06452750699849672765393455445931448E-0002
  -7.82656264192339621422474017998095055         5.57668756641348276904184721438285173E-0002
  -7.84510616175050265105917177126063795         5.11948952157269821315625242527430562E-0002
  -7.86357225354699009596585452140540409         4.69214570867212439436242287773824272E-0002
  -7.88196073505998758046430528557869128         4.29371783031273792265567040943507126E-0002
  -7.90027142480260630158095668088428082         3.92314748933909969143431592345729976E-0002
  -7.91850414205573082417242134111161408         3.57928384172417003198291606312873638E-0002
  -7.93665870686980270563557833564436873         3.26090838911415119822091730646836163E-0002
  -7.95473494006659652540082594240537406         2.96675697940825279460182228249602375E-0002
  -7.97273266324098830167980668854589679         2.69553912170465172969182802316624010E-0002
  -7.99065169876271627801404529755642379         2.44595475106991489169118204905216558E-0002
  -8.00849186977813406224624716602960764         2.21670859988442718528091750679926957E-0002
  -8.02625300021195610061148349419483015         2.00652234697466524262213507482436701E-0002
  -8.04393491476899546972113846662516918         1.81414472432773932223301146789320114E-0002
  -8.06153743893589396928831317656410335         1.63835976480866300329745740024906691E-0002
  -8.07906039898284449851936956082464591         1.47799337381801123234378591945092816E-0002
  -8.09650362196530569917245471220183073         1.33191840401737234649978691153661086E-0002
  -8.11386693572570884836017081117024088         1.19905840581626455021776515024564209E-0002
  -8.13115016889515698425004781501611539         1.07839021788258693271519635624620271E-0002
  -8.14835315089511624789313420553443265         9.68945552057008957688425549814878152E-0003
  -8.16547571193909942448784476941979087         8.69811716192443605804834428196597136E-0003
  -8.18251768303434166746319281027776948         7.80131607003985993197461597656572986E-0003
  -8.19947889598346838884268660793546349         6.99103093337101263000857775669434603E-0003
  -8.21635918338615529942748558797345927         6.25977898616296498817696415604191464E-0003
  -8.23315837864078058241488977906190406         5.60060079842104888348966530438446345E-0003
  -8.24987631594606918414587595308321859         5.00704189531366791857811523430374611E-0003
  -8.26651283030272920575319459688942900         4.47313196572304247014509184691925721E-0003
  -8.28306775751508037955950278701126011         3.99336232182743593305924558838549248E-0003
  -8.29954093419267461415312836026611306         3.56266218076733888253228506389181397E-0003
  -8.31593219775190859214733972298670330         3.17637425595221244399253691071507586E-0003
  -8.33224138641762840470743244693013824         2.83023006952302874684938702544529674E-0003
  -8.34846833922472620700853768668849680         2.52032532884458832681784614213841336E-0003
  -8.36461289601972887886580764591712604         2.24309564846936173927075910072139426E-0003
  -8.38067489746237867485753904069287766         1.99529284449603157180410833058871491E-0003
  -8.39665418502720584834085597904388902         1.77396198026928205645724561269239152E-0003
  -8.41255060100509323383878811586054759         1.57641930050836476611135813087378457E-0003
  -8.42836398850483277235694757018892323         1.40023115475350074869235500066611885E-0003
  -8.44409419145467396426752812399746542         1.24319398000785598673061643802512298E-0003
  -8.45974105460386423447802187306371882         1.10331538615214313063555682982536327E-0003
  -8.47530442352418119468187098532401607         9.78796365649733448705816523073140039E-0004
  -8.49078414461145678756824475204904496         8.68014630788833734035910129237218183E-0004
  -8.50618006508709329794825390325599019         7.69509066792563991754080858590833286E-0004
  -8.52149203299957121583518441007345551         6.81965277161117281125970281203011149E-0004
  -8.53671989722594893659675092110374022         6.04202188214499129301340566896142960E-0004
  -8.55186350747335428337793478348601421         5.35159672631546461441547126219186219E-0004
  -8.56692271428046783707368248721103119         4.73887146513520369012589726944509579E-0004
  -8.58189736901899805921159654668988269         4.19533090851451786186083780040355875E-0004
  -8.59678732389514819318575149861747103         3.71335445988090263133742940855353871E-0004
  -8.61159243195107492936391205035274714         3.28612826508612639597314513900335395E-0004
  -8.62631254706633881967171765749954548         2.90756503766827188693978478802421759E-0004
  -8.64094752395934642733882714084241096         2.57223103778103272320583181237587443E-0004
  -8.65549721818878419757358756759607223         2.27527969332408693007537123402754450E-0004
  -8.66996148615504403501450271499634075         2.01239136767521184729464205978426945E-0004
  -8.68434018510164057388862719913876030         1.77971879779736100685631082168600281E-0004
  -8.69863317311662012688900198082499951         1.57383774840497045514649235097011816E-0004
  -8.71284030913396129886537464380171840         1.39170245150993473511269400854836517E-0004
  -8.72696145293496725150471276860476981         1.23060542535192662241278311983735855E-0004
  -8.74099646514964960526042008533208201         1.08814129189283380628158951804306472E-0004
  -8.75494520725810396487170206779281639         9.62174237268513776234521673442037453E-0005
  -8.76880754159187705489719941501190031         8.50808784481008290981803525446432441E-0005
  -8.78258333133532545176981363807084735         7.52363571897049234092469117322829547E-0005
  -8.79627244052696589896258791347786626         6.65347854577011390624403847610018595E-0005
  -8.80987473406081719193857766010946226         5.88440467931750474742270288293528534E-0005
  -8.82339007768773361964084812537106726         5.20471014579720419763973977878219124E-0005
  -8.83681833801672994936206980640818887         4.60403055479514595407465665138597325E-0005
  -8.85015938251629794191664596149299886         4.07319105402067709685369958012979649E-0005
  -8.86341307951571438412189896136448417         3.60407250567089173542714677607056585E-0005
  -8.87657929820634062567856296528859728         3.18949222805889273622402336314510741E-0005
  -8.88965790864291360762467855563865784         2.82309779950244246991814973157389469E-0005
  -8.90264878174482836962095970032819179         2.49927256319764791742260908813535155E-0005
  -8.91555178929741202340980390566156305         2.21305160233400077277624584767355615E-0005
  -8.92836680395318917987434184306443695         1.96004707456116280312438041136304775E-0005
  -8.94109369923313881720827225044521076         1.73638190465959512627170852039761580E-0005
  -8.95373234952794257779170069012458073         1.53863093448965976160996023476588191E-0005
  -8.96628263009922448145279595664090836         1.36376872060335454276502082581933912E-0005
  -8.97874441708078204287979473437368777         1.20912325290659653644012911313841323E-0005
  -8.99111758747980878103272267070521907         1.07233494305677621209232590741801845E-0005
  -9.00340201917810810848915751804932539         9.51320299453338525125624181143179681E-0006
  -9.01559759093329858874343656901931333         8.44239767290461763818363606971530783E-0006
  -9.02770418238001054956390542361395939         7.49469267727482209142003081246978507E-0006
  -9.03972167403107404059811734473195084         6.65575020303757648581120473076986227E-0006
  -9.05164994727869812350132123658426936         5.91291277759922032036815137424088833E-0006
  -9.06348888439564148294912077651353432         5.25500642876389606710500079540003667E-0006
  -9.07523836853637434698084660005914198         4.67216673221444155829926265759607929E-0006
  -9.08689828373823170520595683640407999         4.15568512204039258564322590838620398E-0006
  -9.09846851492255781349166787005471437         3.69787313909823810057009580458528722E-0006
  -9.10994894789584197383601611707259779         3.29194255193748357254746928800380139E-0006
  -9.12133946935084557821666200162316765         2.93189951712571611859360915435910989E-0006
  -9.13263996686772040529196835115493951         2.61245115283551088891479415722861158E-0006
  -9.14385032891511815891721624520798702         2.32892308405142607404839486913539052E-0006
  -9.15497044485129123752526110162145985         2.07718668202460451671069090658037945E-0006
  -9.16600020492518472350747961164156702         1.85359486674159078354873338213228651E-0006
  -9.17693950027751958181751318793151121         1.65492547108206358078939805828685581E-0006
  -9.18778822294186705710707501150286216         1.47833128073468308424422627856616352E-0006
  -9.19854626584571425878995469882388948         1.32129596637128437504246896602722718E-0006
  -9.20921352281152092351732620147245024         1.18159521544389997420970264919835798E-0006
  -9.21978988855776734463453993931508238         1.05726245152295455964909454221271927E-0006
  -9.23027525869999345827675849491062704         9.46558600466901296114770951424683673E-0007
  -9.24066952975182907584807560124150005         8.47945425915669007184274841838224301E-0007
  -9.25097259912601525271613977554600686         7.60062012539100973646966450156404222E-0007
  -9.26118436513541678304178592653966149         6.81704024958051135881364746530287543E-0007
  -9.27130472699402581075075972726058555         6.11805414014568704731717785404029227E-0007
  -9.28133358481795654674229963675990120         5.49422280745378214869678139147558605E-0007
  -9.29127083962643108251711930551559921         4.93718642586272217674233795363518451E-0007
  -9.30111639334275629049520784544571397         4.43953876517690976407002685857591547E-0007
  -9.31087014879529180138183621844537496         3.99471640510734597000517107480693204E-0007
  -9.32053200971840904902822392923655120         3.59690098154532318602364942609314702E-0007
  -9.33010188075344137332148042982384572         3.24093292101326614470657787095572859E-0007
  -9.33957966744962517172668928388862065         2.92223530275327740351627856297899275E-0007
  -9.34896527626503209019234932899937123         2.63674664939680818867313366406591196E-0007
  -9.35825861456749224421882494062741381         2.38086158954813222411023400494038232E-0007
  -9.36745959063550846097798617178728742         2.15137846114294339802342268703815382E-0007
  -9.37656811365916153346083814192908772         1.94545303508852682699373536512220631E-0007
  -9.38558409374100647771864670386477814         1.76055763620311805314316660195447802E-0007
  -9.39450744189695978435186325250436326         1.59444502439664889512114623503231594E-0007
  -9.40333807005717765549003467763085223         1.44511647474098618758859211035237241E-0007
  -9.41207589106692521859485402761516390         1.31079356177369429437206299196626185E-0007
  -9.42072081868743670850756256376942425         1.18989321213285047448054447779363866E-0007
  -9.42927276759676660925105366702155920         1.08100564137404046114102775073576097E-0007
  -9.43773165339063174718625262999223287         9.82874836406193369016354147213643858E-0008
  -9.44609739258324432721165284776599124         8.94381285134270308923191411579393209E-0008
  -9.45436990260813590378427742825358119         8.14526690261274891632167236284220983E-0008
  -9.46254910181897227862980489581270878         7.42420435350323162847739588300500422E-0008
  -9.47063490949035931709914757670128408         6.77267598682675809929782237077591694E-0008
  -9.47862724581863967521840054815836486         6.18358334613048645264723579964086818E-0008
  -9.48652603192268042956878681983907005         5.65058463409807147499600920234477493E-0008
  -9.49433118984465160222300981159084068         5.16801129318924252222738150217984554E-0008
  -9.50204264255079557305428630900386965         4.73079403109909504162819968451827158E-0008
  -9.50966031393218737182427103089588641         4.33439719916190219723563042030880358E-0008
  -9.51718412880548584254609684324888768         3.97476056006633256506264977260755903E-0008
  -9.52461401291367567270884161371252647         3.64824759425922058952447821656498844E-0008
  -9.53194989292680028003989283050313563         3.35159959401465311797907877464775214E-0008
  -9.53919169644268554957191351951529581         3.08189488193714092767870951728445514E-0008
  -9.54633935198765441387141679316648718         2.83651256806296465722400238960915398E-0008
  -9.55339278901723226937633066265297562         2.61310032796419782593623429211703534E-0008
  -9.56035193791684322188037864994877512         2.40954574443828562412230428897553450E-0008
  -9.56721673000249715429261435438426622         2.22395080844419651292466635532451685E-0008
  -9.57398709752146760989102856767423370         2.05460922177050939086910291558109951E-0008
  -9.58066297365296048437979489683384940         1.89998618523628512754009965187717074E-0008
  -9.58724429250877352015043325187312256         1.75870039268780832098942419962851735E-0008
  -9.59373098913394659623794908919035010         1.62950798324029358378275974925471522E-0008
  -9.60012299950740280755384907624626645         1.51128823263130721702380188040771111E-0008
  -9.60642026054258032706883996181089518         1.40303078964900663461653923244398284E-0008
  -9.61262271008805504470898600162808619         1.30382428576687897408559494623080790E-0008
  -9.61873028692815397682013040391545661         1.21284616570392184062740168636078485E-0008
  -9.62474293078355944014647702427915706         1.12935360394019244535367553707992951E-0008
  -9.63066058231190398436037905634479963         1.05267538752096106547685364730438391E-0008
  -9.63648318310835607727159083306903968         9.82204659014891276110859371835667815E-0009
  -9.64221067570619653693550617410102520         9.17392425461082102022857237380074648E-0009
  -9.64784300357738570497123108593775476         8.57741749729982652255321369849617002E-0009
  -9.65338011113312135549171914262748492         8.02802550095831504991521568879768548E-0009
  -9.65882194372438733413963364353199934         7.52166942115872161667495876681579114E-0009
  -9.66416844764249292181409075872747574         7.05465064259735233965568205789885282E-0009
  -9.66941957011960291776498142903463474         6.62361335241758993094547342336522747E-0009
  -9.67457525932925843682316588292361392         6.22551096777244344072980241803164439E-0009
  -9.67963546438688841562648236262130502         5.85757600596777849864307930126871226E-0009
  -9.68460013535031182279321011213247657         5.51729303086723018294630192707173018E-0009
  -9.68946922322023056808637496554425785         5.20237434945750190129937545948774340E-0009
  -9.69424267994071310570408307939774535         4.91073816815948568043953494120155513E-0009
  -9.69892045839966872692291357207940812         4.64048895014802867502984735869684078E-0009
  -9.70350251242931253741329315963336122         4.38989974307172841843554972362373655E-0009
  -9.70798879680662111463771440418314430         4.15739627155052192539473717932872769E-0009
  -9.71237926725377884083464301088250046         3.94154261103223316873736114603475852E-0009
  -9.71667388043861490718298781414528809         3.74102827932701035246640907626948776E-0009
  -9.72087259397503098483407877555428073         3.55465659969117772831168125642856875E-0009
  -9.72497536642341955859021256560637032         3.38133420494737080989855330119844659E-0009
  -9.72898215729107291910098121018769022         3.22006156602514473934936157649295819E-0009
  -9.73289292703258280954079594084429205         3.06992444067944907014918821745913778E-0009
  -9.73670763705023072282325488557882199         2.93008614916500924558455013546999613E-0009
  -9.74042624969436884550027866372394739         2.79978059346458248790196909874131086E-0009
  -9.74404872826379164458625139369796140         2.67830594542268582545031662475201136E-0009
  -9.74757503700609809363975517504056225         2.56501893694276896763388251994833026E-0009
  -9.75100514111804453452787285459460432         2.45932969237038102735100508945937422E-0009
  -9.75433900674588817139045591922281846         2.36069704940110933166322426256825551E-0009
  -9.75757660098572119341421076185877236         2.26862432040279217919728614223376368E-0009
  -9.76071789188379552311894643148149203         2.18265545100018656247019028961266501E-0009
  -9.76376284843683818695084938793548878         2.10237153720207259357455951625057924E-0009
  -9.76671144059235730507020482623355830         2.02738766631352709108742254005850138E-0009
  -9.76956363924893869731356889860767082         1.95735005042113559504863813945436289E-0009
  -9.77231941625653310240301073233929386         1.89193342441182499445138345316961659E-0009
  -9.77497874441673400756768660323615183         1.83083868332729101795536902779286460E-0009
  -9.77754159748304608583568006417407913         1.77379073640166437815839252646438085E-0009
  -9.78000795016114423834674033076085875         1.72053655741211453005702506599301570E-0009
  -9.78237777810912323912927587700651840         1.67084341301900364857659186914316544E-0009
  -9.78465105793773797987771007774704890         1.62449725260931529735527346445953830E-0009
  -9.78682776721063431235907993606169589         1.58130124480695481020817273029240244E-0009
  -9.78890788444457048617055653740410351         1.54107444729625167077049442805319595E-0009
  -9.79089138910962917966238596175969170         1.50365059793850451053858165011369207E-0009
  -9.79277826162942012193359104474903089         1.46887701636167631463936994081396584E-0009
  -9.79456848338127330390063669190971265         1.43661360628463256870322473111051380E-0009
  -9.79626203669642277653214350089410584         1.40673194981235587413532088360043145E-0009
  -9.79785890486018103443563531730868516         1.37911448581875247413724131426429100E-0009
  -9.79935907211210398307522512449863321         1.35365376532917537609252941564467936E-0009
  -9.80076252364614648799207942867803508         1.33025177753474795970740934604770374E-0009
  -9.80206924561080850449245313118293523         1.30881934072316082938490570046702012E-0009
  -9.80327922510927178636105386188477804         1.28927555300317736147538168182917245E-0009
  -9.80439245019952717225047596439857994         1.27154729823922420800278517928903483E-0009
  -9.80540890989449244849043885696668985         1.25556880310411176325014275955446013E-0009
  -9.80632859416212078715357142497658421         1.24128124160749792491282155003410116E-0009
  -9.80715149392549975830750251403889953         1.22863238387003820571812508084085419E-0009
  -9.80787760106294091547604656835583769         1.21757628629266970770424161916308083E-0009
  -9.80850690840805995342531207959146039         1.20807302062117572472728945596424466E-0009
  -9.80903940974984743748360785836092974         1.20008843973174845426849123249310759E-0009
  -9.80947509983273010369707729544537610         1.19359397826708796001722383202283140E-0009
  -9.80981397435662272921605282449625126         1.18856648653776762782829849179196116E-0009
  -9.81005602997697057240019081383274653         1.18498809637306214977433543566300096E-0009
  -9.81020126430478238222352018341447562         1.18284611786189136354884814149645353E-0009
  -9.81024967590665397665361524559550042         1.18213296617054777755691262022318542E-0009
