   3.25319573527448143127064898927904761E-0002
   3.27046018845581085086366699854982782E-0002
   3.28814608388038767890043744276890666E-0002
   3.30627291071824291428030981485299102E-0002
   3.32486151454972652009957320181141831E-0002
   3.34393422529941039853120463304874138E-0002
   3.36351500057798369787181492647549761E-0002
   3.38362958671341866591240908554577212E-0002
   3.40430570015721521033720683406385391E-0002
   3.42557323244037605783105862132167026E-0002
   3.44746448244729025248081659913741156E-0002
   3.47001442049992235784771243324396254E-0002
   3.49326098963305201722070674159665465E-0002
   3.51724545053705268239122673452949893E-0002
   3.54201277800424564492735331633533681E-0002
   3.56761211841231920832873032604232788E-0002
   3.59409731991182287810394496514346385E-0002
   3.62152754968551494101448778630808356E-0002
   3.64996801609234787524484713416215556E-0002
   3.67949081793937658283984172325633940E-0002
   3.71017594887341806365065696501192866E-0002
   3.74211249241487964727497889471308487E-0002
   3.77540005312496415250617959145575690E-0002
   3.81015048274629728361336638985072453E-0002
   3.84648997826077932854964653778356557E-0002
   3.88456165371333996438358651791349593E-0002
   3.92452872247132878611656693013323890E-0002
   3.96657847619776226125175037803078823E-0002
   4.01092731907462736645357429110849037E-0002
   4.05782722386758857229129510101219780E-0002
   4.10757414306296822920985196559595627E-0002
